timestep            	T              	T_{ave}             	T_{var}           	K/N            	K_{ave}/N           	K_{var}           	U/N            	U_{ave}/N           	U_{var}           	E/N            	E_{ave}/N           	E_{var}           	P              	P_{ave}             	P_{var}
100001	0.383111	0.383111	0	0.572422	0.572422	0	-7.41517	-7.41517	0	-6.84275	-6.84275	0	-0.311305	-0.311305	0
100201	0.409016	0.385662	0.000396269	0.611128	0.576233	57.9766	-7.45395	-7.41895	58.1845	-6.84282	-6.84272	0.000221862	-0.494175	-0.298829	0.023703
100401	0.397253	0.387744	0.000229027	0.593552	0.579344	33.5081	-7.43631	-7.42207	33.6277	-6.84276	-6.84273	0.000156346	-0.401041	-0.319941	0.0137153
100601	0.381076	0.387685	0.000230753	0.569382	0.579255	33.7606	-7.41209	-7.42198	33.8564	-6.84271	-6.84273	0.00011183	-0.279478	-0.322536	0.0133494
100801	0.36803	0.388606	0.000216309	0.549889	0.580633	31.6474	-7.39254	-7.42335	31.7205	-6.84265	-6.84272	0.000104138	-0.173988	-0.329726	0.0123324
101001	0.393547	0.387895	0.00023282	0.588014	0.57957	34.0631	-7.43067	-7.42228	34.1399	-6.84265	-6.84271	0.000118837	-0.372484	-0.323383	0.0131094
101201	0.389854	0.387307	0.000227757	0.582497	0.578691	33.3223	-7.4252	-7.42139	33.4007	-6.84271	-6.8427	0.000130776	-0.333421	-0.320457	0.0126333
101401	0.411325	0.387601	0.00024478	0.614577	0.579131	35.8129	-7.45735	-7.42183	35.8913	-6.84278	-6.8427	0.000120855	-0.513046	-0.324561	0.013163
101601	0.412548	0.38768	0.000277098	0.616405	0.579248	40.5412	-7.45922	-7.42195	40.6318	-6.84281	-6.84271	0.000124409	-0.514953	-0.325629	0.0150741
101801	0.385472	0.387858	0.000280647	0.575949	0.579515	41.0604	-7.41857	-7.42222	41.1678	-6.84262	-6.84271	0.000157706	-0.324302	-0.327381	0.0152304
102001	0.372568	0.388306	0.000258856	0.556668	0.580184	37.8723	-7.39936	-7.42289	37.9706	-6.84269	-6.84271	0.000158827	-0.216624	-0.331074	0.0140646
102201	0.367101	0.388029	0.000276088	0.548501	0.57977	40.3934	-7.39116	-7.42247	40.4922	-6.84266	-6.8427	0.000150783	-0.180524	-0.329866	0.0150722
102401	0.385859	0.38871	0.000264239	0.576528	0.580787	38.6599	-7.41922	-7.42349	38.7538	-6.84269	-6.84271	0.00014131	-0.320314	-0.334727	0.0143867
102601	0.391176	0.388323	0.000253085	0.584472	0.580209	37.028	-7.42715	-7.42291	37.1205	-6.84268	-6.8427	0.000142393	-0.326518	-0.331594	0.0137528
102801	0.37806	0.38832	0.000244795	0.564875	0.580204	35.815	-7.4075	-7.4229	35.902	-6.84263	-6.8427	0.000149061	-0.250088	-0.331111	0.013266
103001	0.383599	0.388002	0.000235304	0.57315	0.57973	34.4264	-7.41585	-7.42243	34.5101	-6.8427	-6.8427	0.000142184	-0.318132	-0.329213	0.0127133
103201	0.391147	0.388305	0.000262138	0.584429	0.580183	38.3524	-7.42704	-7.42288	38.4459	-6.84261	-6.8427	0.00014712	-0.377057	-0.331623	0.0143462
103401	0.395927	0.388738	0.000262007	0.591571	0.580829	38.3333	-7.43426	-7.42352	38.4273	-6.84269	-6.84269	0.00015097	-0.385693	-0.334844	0.0143605
103601	0.384095	0.388122	0.000263793	0.573891	0.579909	38.5946	-7.41655	-7.4226	38.6988	-6.84265	-6.84269	0.000194802	-0.300748	-0.331371	0.01444
103801	0.376228	0.388177	0.000257704	0.562137	0.579991	37.7037	-7.40478	-7.42268	37.8051	-6.84265	-6.84269	0.000187108	-0.258102	-0.332296	0.0140688
104001	0.375498	0.388241	0.000247728	0.561047	0.580087	36.2441	-7.40374	-7.42277	36.3404	-6.84269	-6.84269	0.000178953	-0.26574	-0.332871	0.0134746
104201	0.403502	0.388097	0.000248809	0.602888	0.579871	36.4023	-7.44561	-7.42256	36.497	-6.84272	-6.84269	0.000172379	-0.461723	-0.332959	0.0134236
104401	0.374333	0.388521	0.000245925	0.559307	0.580505	35.9803	-7.40183	-7.42319	36.0774	-6.84252	-6.84269	0.000184145	-0.262391	-0.336413	0.0132619
104601	0.392008	0.388247	0.000247824	0.585715	0.580096	36.2582	-7.42836	-7.42278	36.3668	-6.84265	-6.84268	0.000248382	-0.359922	-0.334908	0.0131897
104801	0.379509	0.388184	0.000240523	0.567039	0.580001	35.19	-7.40969	-7.42268	35.2965	-6.84265	-6.84268	0.000251561	-0.271512	-0.334317	0.0128029
105001	0.383005	0.388179	0.000237199	0.572264	0.579994	34.7037	-7.41484	-7.42267	34.8068	-6.84258	-6.84268	0.000247757	-0.299381	-0.334648	0.0126421
105201	0.389054	0.388106	0.000238711	0.581302	0.579886	34.9249	-7.42397	-7.42256	35.03	-6.84267	-6.84267	0.000249607	-0.305862	-0.33416	0.0126307
105401	0.375804	0.38814	0.000233845	0.561504	0.579935	34.2129	-7.40416	-7.42261	34.3154	-6.84265	-6.84267	0.000241235	-0.268039	-0.335017	0.012443
105601	0.393057	0.388154	0.000228337	0.587282	0.579956	33.4071	-7.42997	-7.42263	33.5066	-6.84269	-6.84268	0.000234056	-0.366433	-0.334837	0.012171
105801	0.398543	0.388048	0.000225405	0.595479	0.579799	32.9781	-7.4382	-7.42247	33.0769	-6.84272	-6.84267	0.000230461	-0.380304	-0.333368	0.0120779
106001	0.379192	0.388033	0.000222269	0.566566	0.579776	32.5193	-7.40933	-7.42245	32.6144	-6.84277	-6.84268	0.000229533	-0.262126	-0.332847	0.0119032
106201	0.386901	0.3883	0.000223913	0.578084	0.580175	32.7599	-7.42072	-7.42285	32.8594	-6.84264	-6.84268	0.000240279	-0.318193	-0.334713	0.0119751
106401	0.400973	0.388151	0.000219855	0.599111	0.579953	32.1662	-7.44181	-7.42263	32.2645	-6.8427	-6.84268	0.000235592	-0.40916	-0.333514	0.0117693
106601	0.397888	0.388237	0.000220303	0.5945	0.580081	32.2317	-7.43713	-7.42276	32.3289	-6.84263	-6.84268	0.000231695	-0.408873	-0.334059	0.0117521
106801	0.386641	0.388003	0.000216755	0.577696	0.579732	31.7126	-7.42045	-7.42241	31.8073	-6.84275	-6.84268	0.000228253	-0.320595	-0.332228	0.0115835
107001	0.390894	0.388237	0.000215779	0.584051	0.58008	31.5698	-7.42679	-7.42276	31.6666	-6.84274	-6.84268	0.000236936	-0.338974	-0.333653	0.011519
107201	0.394795	0.38817	0.000212222	0.58988	0.579981	31.0494	-7.43263	-7.42266	31.1445	-6.84275	-6.84268	0.000233715	-0.367156	-0.332514	0.0113774
107401	0.40623	0.388381	0.000212116	0.606964	0.580295	31.0338	-7.44971	-7.42298	31.13	-6.84274	-6.84268	0.000238897	-0.468083	-0.333721	0.0113797
107601	0.392567	0.388063	0.000213322	0.58655	0.57982	31.2103	-7.42919	-7.4225	31.3076	-6.84264	-6.84268	0.000237811	-0.361506	-0.331338	0.0114525
107801	0.376709	0.388145	0.00022639	0.562856	0.579943	33.1222	-7.40546	-7.42262	33.2226	-6.8426	-6.84268	0.000236274	-0.266285	-0.332295	0.012159
108001	0.383961	0.3883	0.000223025	0.573691	0.580175	32.63	-7.41638	-7.42286	32.729	-6.84269	-6.84268	0.000232527	-0.285746	-0.333644	0.0120082
108201	0.413968	0.38822	0.000224966	0.618527	0.580056	32.9139	-7.4612	-7.42274	33.0146	-6.84267	-6.84268	0.000238179	-0.51663	-0.333189	0.0120816
108401	0.362837	0.38815	0.000224527	0.542129	0.579951	32.8497	-7.38471	-7.42263	32.9509	-6.84258	-6.84268	0.000240535	-0.172866	-0.332565	0.0120159
108601	0.387124	0.388377	0.00022473	0.578418	0.580289	32.8794	-7.42109	-7.42297	32.9818	-6.84267	-6.84268	0.000240279	-0.31415	-0.334093	0.0119547
108801	0.41298	0.388086	0.000226428	0.61705	0.579855	33.1279	-7.45981	-7.42253	33.232	-6.84276	-6.84268	0.000240355	-0.49592	-0.331997	0.0120132
109001	0.389475	0.38829	0.000237538	0.581931	0.58016	34.7533	-7.4245	-7.42284	34.8642	-6.84256	-6.84268	0.000247585	-0.351174	-0.333633	0.0126078
109201	0.383519	0.388248	0.000237186	0.573032	0.580097	34.7018	-7.41565	-7.42277	34.8139	-6.84261	-6.84268	0.000252202	-0.302046	-0.333432	0.0125821
109401	0.404544	0.388229	0.000233966	0.604446	0.580069	34.2307	-7.44711	-7.42275	34.3414	-6.84266	-6.84268	0.000250401	-0.464315	-0.3334	0.0124167
109601	0.381342	0.388026	0.000237088	0.569778	0.579765	34.6874	-7.4123	-7.42244	34.8045	-6.84252	-6.84267	0.00027145	-0.288583	-0.331976	0.012612
109801	0.398826	0.388209	0.000235784	0.595903	0.580038	34.4967	-7.43865	-7.42271	34.6149	-6.84275	-6.84267	0.000273764	-0.415428	-0.333636	0.0125947
110001	0.398394	0.388208	0.000235563	0.595256	0.580038	34.4643	-7.4379	-7.42271	34.5815	-6.84265	-6.84267	0.000270114	-0.407524	-0.333559	0.0125734
110201	0.36679	0.388115	0.000233943	0.548035	0.579899	34.2273	-7.39063	-7.42257	34.3437	-6.8426	-6.84267	0.000273021	-0.167951	-0.332925	0.0124895
110401	0.392911	0.388057	0.000232238	0.587065	0.579812	33.9778	-7.42979	-7.42248	34.0924	-6.84273	-6.84267	0.000271083	-0.380089	-0.332486	0.0123901
110601	0.390828	0.388178	0.000229194	0.583952	0.579993	33.5325	-7.42663	-7.42267	33.6466	-6.84268	-6.84267	0.000271583	-0.350006	-0.333304	0.0122325
110801	0.374079	0.388136	0.000226972	0.558927	0.579929	33.2075	-7.40158	-7.4226	33.32	-6.84266	-6.84267	0.000267101	-0.23549	-0.333174	0.0121075
111001	0.401242	0.388174	0.000223993	0.599512	0.579987	32.7716	-7.44226	-7.42266	32.8829	-6.84275	-6.84267	0.000264046	-0.423204	-0.333543	0.0119484
111201	0.39184	0.388155	0.00022087	0.585464	0.579958	32.3146	-7.42808	-7.42263	32.4238	-6.84262	-6.84267	0.000260868	-0.366291	-0.333422	0.0117735
111401	0.374522	0.388013	0.000220862	0.559588	0.579746	32.3135	-7.4022	-7.42242	32.4237	-6.84261	-6.84267	0.000265688	-0.23281	-0.33255	0.011788
111601	0.403249	0.388202	0.000221141	0.602511	0.580028	32.3542	-7.44524	-7.4227	32.4641	-6.84273	-6.84267	0.000263072	-0.453591	-0.334045	0.0118539
111801	0.415757	0.388	0.000224788	0.6212	0.579726	32.8879	-7.46393	-7.4224	33.0001	-6.84273	-6.84267	0.000263766	-0.550319	-0.332542	0.0120746
112001	0.37241	0.388172	0.000224698	0.556432	0.579983	32.8747	-7.399	-7.42266	32.9884	-6.84256	-6.84267	0.00026557	-0.220993	-0.333811	0.0120866
112201	0.389737	0.388068	0.000224294	0.582322	0.579829	32.8156	-7.42496	-7.4225	32.9305	-6.84264	-6.84267	0.000268732	-0.352337	-0.333198	0.0120533
112401	0.374865	0.388118	0.000221802	0.560101	0.579902	32.451	-7.4027	-7.42257	32.5641	-6.8426	-6.84267	0.000265051	-0.225381	-0.333451	0.0119121
112601	0.393284	0.387969	0.000221429	0.587621	0.579681	32.3964	-7.43027	-7.42235	32.5107	-6.84264	-6.84267	0.000271023	-0.364354	-0.332277	0.0118972
112801	0.382522	0.388034	0.000219389	0.571541	0.579777	32.098	-7.41428	-7.42245	32.2111	-6.84274	-6.84267	0.000268951	-0.272793	-0.332704	0.0117938
113001	0.390809	0.388087	0.000216633	0.583923	0.579856	31.6947	-7.42661	-7.42253	31.8064	-6.84269	-6.84267	0.000266978	-0.365462	-0.333048	0.0116518
113201	0.366893	0.387998	0.00021663	0.54819	0.579724	31.6944	-7.39079	-7.42239	31.8057	-6.8426	-6.84267	0.000266112	-0.206667	-0.332538	0.0116191
113401	0.390298	0.388041	0.000216885	0.58316	0.579787	31.7317	-7.42581	-7.42246	31.8418	-6.84265	-6.84267	0.000265578	-0.333977	-0.332953	0.0116154
113601	0.386355	0.387984	0.000215943	0.577268	0.579703	31.5939	-7.41999	-7.42237	31.7026	-6.84272	-6.84267	0.000262768	-0.320504	-0.332449	0.0115715
113801	0.390066	0.388164	0.000216252	0.582814	0.579972	31.639	-7.4255	-7.42264	31.7496	-6.84268	-6.84267	0.000267793	-0.332159	-0.333774	0.0115838
114001	0.402273	0.388075	0.000216172	0.601052	0.579839	31.6273	-7.44366	-7.42251	31.7378	-6.84261	-6.84267	0.000267936	-0.461775	-0.333251	0.0115961
114201	0.392145	0.388017	0.000214994	0.58592	0.579751	31.455	-7.42853	-7.42242	31.565	-6.84261	-6.84267	0.000270586	-0.37414	-0.333002	0.0115218
114401	0.371806	0.388117	0.000213671	0.555531	0.579902	31.2615	-7.39808	-7.42257	31.3703	-6.84255	-6.84267	0.000268616	-0.224488	-0.333867	0.0114751
114601	0.379846	0.388036	0.000214927	0.567543	0.57978	31.4451	-7.41021	-7.42245	31.5556	-6.84267	-6.84267	0.000271929	-0.270105	-0.333493	0.0115307
114801	0.378598	0.387982	0.000217866	0.565679	0.5797	31.8752	-7.40838	-7.42237	31.9848	-6.8427	-6.84267	0.000268466	-0.274739	-0.333218	0.0116793
115001	0.384812	0.388159	0.000218403	0.574964	0.579964	31.9537	-7.41761	-7.42263	32.0664	-6.84265	-6.84267	0.000275874	-0.327008	-0.334515	0.0116871
115201	0.385139	0.388053	0.00021917	0.575452	0.579805	32.0659	-7.41806	-7.42247	32.1798	-6.84261	-6.84267	0.000278466	-0.313632	-0.333842	0.0117336
115401	0.39166	0.388	0.000218233	0.585195	0.579727	31.9289	-7.42788	-7.42239	32.0415	-6.84268	-6.84267	0.000275552	-0.369463	-0.333482	0.0116701
115601	0.397058	0.388032	0.000216299	0.593261	0.579774	31.6459	-7.43595	-7.42244	31.757	-6.84269	-6.84267	0.000272401	-0.426857	-0.333844	0.0115662
115801	0.368284	0.388065	0.000216175	0.550269	0.579824	31.6278	-7.3929	-7.42249	31.7381	-6.84263	-6.84267	0.000269282	-0.181836	-0.334098	0.0115563
116001	0.404306	0.388064	0.00021572	0.60409	0.579822	31.5611	-7.44676	-7.42249	31.6709	-6.84267	-6.84267	0.000268485	-0.462136	-0.334096	0.0115388
116201	0.387655	0.388011	0.000213578	0.579211	0.579743	31.2478	-7.42185	-7.42241	31.3568	-6.84264	-6.84267	0.000267653	-0.316973	-0.333847	0.0114181
116401	0.393323	0.388026	0.000212312	0.58768	0.579765	31.0625	-7.43032	-7.42243	31.1704	-6.84264	-6.84267	0.000264726	-0.391013	-0.333971	0.0113605
116601	0.383773	0.388034	0.000209834	0.573411	0.579778	30.7	-7.416	-7.42244	30.8066	-6.84258	-6.84267	0.000263952	-0.324648	-0.334299	0.0112363
116801	0.372378	0.388036	0.000208402	0.556385	0.579781	30.4906	-7.39902	-7.42245	30.5964	-6.84264	-6.84266	0.000265735	-0.222775	-0.334515	0.0111577
117001	0.368009	0.38802	0.000209687	0.549857	0.579757	30.6785	-7.39253	-7.42242	30.7842	-6.84267	-6.84266	0.000263654	-0.199699	-0.334411	0.0112186
117201	0.411143	0.388026	0.000209502	0.614305	0.579766	30.6515	-7.45704	-7.42243	30.7567	-6.84273	-6.84266	0.000262005	-0.486769	-0.334558	0.0112011
117401	0.40534	0.388005	0.000211049	0.605635	0.579734	30.8778	-7.44832	-7.4224	30.9825	-6.84268	-6.84266	0.000259758	-0.484921	-0.33449	0.0112884
117601	0.388471	0.388012	0.000209507	0.580431	0.579744	30.6522	-7.42307	-7.42241	30.7559	-6.84264	-6.84266	0.000257182	-0.338513	-0.334579	0.0112191
117801	0.409213	0.387975	0.000208128	0.611421	0.579689	30.4504	-7.45415	-7.42235	30.5536	-6.84273	-6.84266	0.000255625	-0.498717	-0.334324	0.0111499
118001	0.375026	0.388034	0.000209134	0.560341	0.579778	30.5976	-7.40301	-7.42244	30.7009	-6.84267	-6.84266	0.000253779	-0.255494	-0.334785	0.0112022
118201	0.394007	0.388036	0.000208275	0.588702	0.57978	30.4719	-7.43142	-7.42245	30.5746	-6.84272	-6.84267	0.000252849	-0.389871	-0.334889	0.0111487
118401	0.391202	0.388012	0.000206615	0.58451	0.579744	30.2291	-7.42714	-7.42241	30.3314	-6.84263	-6.84266	0.00025262	-0.365702	-0.33476	0.0110618
118601	0.386168	0.388072	0.000207002	0.576989	0.579834	30.2857	-7.41969	-7.4225	30.3881	-6.8427	-6.84267	0.000252094	-0.311503	-0.335169	0.0110738
118801	0.395393	0.388032	0.000205973	0.590772	0.579774	30.1352	-7.43349	-7.42244	30.2373	-6.84272	-6.84266	0.000251898	-0.397761	-0.335018	0.0110092
119001	0.394167	0.388072	0.000204035	0.588941	0.579835	29.8517	-7.43166	-7.4225	29.9534	-6.84272	-6.84267	0.0002546	-0.359823	-0.335261	0.0109037
119201	0.409304	0.388092	0.000204396	0.611558	0.579864	29.9045	-7.45428	-7.42253	30.0067	-6.84272	-6.84267	0.000253687	-0.46576	-0.335378	0.0109008
119401	0.397312	0.38803	0.000205272	0.59364	0.579771	30.0325	-7.43629	-7.42244	30.1353	-6.84265	-6.84267	0.000253029	-0.400998	-0.334906	0.010928
119601	0.385286	0.388031	0.000204015	0.575672	0.579772	29.8487	-7.41833	-7.42244	29.9509	-6.84265	-6.84266	0.000253662	-0.297868	-0.334857	0.0108582
119801	0.397189	0.388033	0.00020295	0.593456	0.579776	29.6929	-7.4362	-7.42244	29.7945	-6.84275	-6.84266	0.000251721	-0.408905	-0.334765	0.0108039
120001	0.356992	0.388087	0.000202424	0.533397	0.579857	29.616	-7.37599	-7.42252	29.7175	-6.8426	-6.84267	0.000250883	-0.119532	-0.335176	0.0107768
120201	0.388297	0.388035	0.000202553	0.58017	0.579779	29.6347	-7.42282	-7.42244	29.736	-6.84265	-6.84266	0.000249887	-0.313729	-0.334813	0.0107813
120401	0.408313	0.388062	0.000202071	0.610078	0.579819	29.5643	-7.45281	-7.42248	29.6652	-6.84273	-6.84267	0.000248152	-0.477892	-0.335019	0.0107481
120601	0.387621	0.388055	0.000201006	0.57916	0.579808	29.4084	-7.42175	-7.42247	29.509	-6.84259	-6.84266	0.000248028	-0.327464	-0.334958	0.0106854
120801	0.392187	0.388029	0.000201226	0.585982	0.579771	29.4406	-7.42869	-7.42244	29.5412	-6.84271	-6.84266	0.000246647	-0.361884	-0.334769	0.0106939
121001	0.3899	0.388086	0.000199904	0.582566	0.579855	29.2472	-7.42524	-7.42252	29.3476	-6.84268	-6.84267	0.000247078	-0.322519	-0.335107	0.0106243
121201	0.386374	0.388076	0.000198366	0.577297	0.579839	29.0222	-7.41987	-7.4225	29.1218	-6.84257	-6.84266	0.000247144	-0.338782	-0.335087	0.0105424
121401	0.3988	0.388065	0.000196787	0.595864	0.579824	28.7912	-7.43855	-7.42249	28.8903	-6.84268	-6.84266	0.000246978	-0.427039	-0.335073	0.0104615
121601	0.374483	0.388122	0.000195872	0.55953	0.579909	28.6573	-7.40206	-7.42257	28.7556	-6.84253	-6.84266	0.000246586	-0.241157	-0.335528	0.0104164
121801	0.375137	0.388077	0.000196499	0.560508	0.579841	28.7491	-7.40305	-7.4225	28.8482	-6.84255	-6.84266	0.000250929	-0.262226	-0.33529	0.0104497
122001	0.397944	0.388082	0.000196347	0.594584	0.579849	28.7268	-7.43727	-7.42251	28.8261	-6.84268	-6.84266	0.000251132	-0.409727	-0.335475	0.0104331
122201	0.403853	0.388059	0.000195512	0.603414	0.579814	28.6046	-7.44604	-7.42248	28.7031	-6.84263	-6.84266	0.00024906	-0.466356	-0.335365	0.0103848
122401	0.390159	0.388079	0.000194867	0.582952	0.579844	28.5103	-7.42555	-7.42251	28.6081	-6.8426	-6.84266	0.000250052	-0.361828	-0.335598	0.0103538
122601	0.356388	0.388001	0.000194779	0.532494	0.579728	28.4974	-7.37503	-7.42239	28.5965	-6.84254	-6.84266	0.000259762	-0.128843	-0.335223	0.0103304
122801	0.406187	0.388041	0.000194591	0.6069	0.579788	28.4699	-7.44963	-7.42245	28.5692	-6.84273	-6.84266	0.000259272	-0.487193	-0.335589	0.0103266
123001	0.364947	0.388067	0.000194122	0.545282	0.579827	28.4012	-7.3878	-7.42249	28.5002	-6.84252	-6.84266	0.000260029	-0.191185	-0.335912	0.0103057
123201	0.381533	0.388025	0.000194211	0.570064	0.579764	28.4143	-7.41271	-7.42242	28.514	-6.84264	-6.84266	0.000261836	-0.293212	-0.335543	0.0103005
123401	0.401739	0.388008	0.000193174	0.600254	0.579738	28.2626	-7.44294	-7.4224	28.3617	-6.84268	-6.84266	0.000259855	-0.440386	-0.335481	0.0102435
123601	0.395982	0.388021	0.000192214	0.591653	0.579757	28.1222	-7.43433	-7.42242	28.2207	-6.84267	-6.84266	0.000257846	-0.401463	-0.335567	0.0101964
123801	0.394846	0.388078	0.000194379	0.589955	0.579842	28.4388	-7.43262	-7.4225	28.5382	-6.84266	-6.84266	0.000257711	-0.378383	-0.335967	0.0103199
124001	0.384954	0.387989	0.000195073	0.575176	0.57971	28.5404	-7.41781	-7.42237	28.6404	-6.84263	-6.84266	0.000258498	-0.322287	-0.335325	0.0103737
124201	0.377345	0.388036	0.000194283	0.563807	0.57978	28.4248	-7.40644	-7.42244	28.5238	-6.84263	-6.84266	0.00025659	-0.241345	-0.335604	0.0103262
124401	0.388251	0.387952	0.000194269	0.580102	0.579655	28.4228	-7.4227	-7.42231	28.522	-6.8426	-6.84266	0.000256461	-0.324961	-0.335002	0.0103382
124601	0.391287	0.387967	0.000192816	0.584638	0.579677	28.2102	-7.42735	-7.42234	28.3084	-6.84272	-6.84266	0.000255275	-0.382369	-0.335167	0.0102628
124801	0.363315	0.387987	0.000194348	0.542844	0.579708	28.4343	-7.38539	-7.42237	28.5336	-6.84254	-6.84266	0.000255616	-0.164473	-0.33533	0.0103445
125001	0.381336	0.387994	0.000193876	0.56977	0.579717	28.3653	-7.41245	-7.42238	28.4643	-6.84268	-6.84266	0.000255027	-0.303422	-0.335515	0.0103298
125201	0.386288	0.387979	0.000193307	0.577168	0.579695	28.282	-7.41984	-7.42235	28.3804	-6.84267	-6.84266	0.000253884	-0.334135	-0.335415	0.0102858
125401	0.374081	0.387976	0.000192224	0.55893	0.57969	28.1235	-7.40163	-7.42235	28.2212	-6.8427	-6.84266	0.000252511	-0.23237	-0.335416	0.0102289
125601	0.389489	0.387999	0.000191596	0.581952	0.579725	28.0318	-7.42459	-7.42238	28.1292	-6.84264	-6.84266	0.000251978	-0.334428	-0.335488	0.0101948
125801	0.40654	0.387953	0.000190885	0.607428	0.579656	27.9276	-7.4502	-7.42232	28.0248	-6.84277	-6.84266	0.000251578	-0.452684	-0.335116	0.010155
126001	0.379379	0.387977	0.000190444	0.566846	0.579693	27.8632	-7.40957	-7.42235	27.9603	-6.84273	-6.84266	0.00025349	-0.26427	-0.335174	0.0101252
126201	0.393949	0.387992	0.000189425	0.588616	0.579715	27.7141	-7.43134	-7.42238	27.8108	-6.84272	-6.84266	0.000253791	-0.378025	-0.335263	0.0100695
126401	0.389705	0.388017	0.000188656	0.582274	0.579751	27.6016	-7.42502	-7.42241	27.6981	-6.84275	-6.84266	0.000254683	-0.328342	-0.3354	0.0100235
126601	0.37714	0.388009	0.000187698	0.563499	0.579741	27.4613	-7.40613	-7.4224	27.5576	-6.84263	-6.84266	0.00025415	-0.250686	-0.335193	0.00997737
126801	0.396346	0.388047	0.000188421	0.592196	0.579797	27.5672	-7.43491	-7.42246	27.6639	-6.84271	-6.84266	0.000254193	-0.398179	-0.335431	0.0100118
127001	0.393551	0.387988	0.000188149	0.588021	0.579708	27.5274	-7.43067	-7.42237	27.6244	-6.84265	-6.84266	0.000254511	-0.359502	-0.334987	0.0100021
127201	0.374685	0.388027	0.000188337	0.559832	0.579768	27.5549	-7.40246	-7.42243	27.6518	-6.84263	-6.84266	0.000253301	-0.229522	-0.335208	0.0100086
127401	0.403992	0.388034	0.000188162	0.603621	0.579777	27.5293	-7.44631	-7.42244	27.6258	-6.84269	-6.84266	0.000252057	-0.439232	-0.335294	0.00998739
127601	0.400381	0.388057	0.000187679	0.598225	0.579812	27.4585	-7.44093	-7.42247	27.5548	-6.84271	-6.84266	0.000251333	-0.430288	-0.335474	0.00996517
127801	0.391548	0.388066	0.000186686	0.585027	0.579825	27.3133	-7.42769	-7.42249	27.409	-6.84266	-6.84266	0.000249903	-0.356632	-0.33552	0.00991102
128001	0.38815	0.388037	0.0001859	0.579951	0.579782	27.1983	-7.4226	-7.42244	27.2936	-6.84265	-6.84266	0.000248744	-0.332265	-0.335313	0.00986688
128201	0.373487	0.38808	0.00018607	0.558042	0.579846	27.2231	-7.40069	-7.42251	27.3181	-6.84265	-6.84266	0.000247307	-0.226188	-0.335619	0.0098732
128401	0.378841	0.388086	0.000185462	0.566042	0.579854	27.1343	-7.40865	-7.42252	27.2286	-6.84261	-6.84266	0.000245718	-0.271563	-0.335631	0.00984166
128601	0.400516	0.388039	0.000185137	0.598427	0.579785	27.0867	-7.44119	-7.42245	27.1811	-6.84276	-6.84266	0.000245833	-0.42358	-0.335312	0.00982118
128801	0.372695	0.38808	0.000185958	0.556858	0.579845	27.2069	-7.39949	-7.42251	27.3021	-6.84264	-6.84266	0.000246371	-0.220307	-0.335495	0.00984764
129001	0.382553	0.388072	0.000184892	0.571588	0.579834	27.0509	-7.4142	-7.4225	27.1455	-6.84262	-6.84266	0.000244818	-0.275864	-0.335314	0.00979323
129201	0.37254	0.38803	0.00018413	0.556627	0.579772	26.9393	-7.39935	-7.42243	27.0336	-6.84272	-6.84266	0.000244756	-0.216254	-0.334987	0.00975728
129401	0.365733	0.388063	0.00018506	0.546456	0.579821	27.0754	-7.38905	-7.42248	27.1705	-6.8426	-6.84266	0.00024541	-0.168343	-0.335135	0.00980315
129601	0.404121	0.388104	0.000185768	0.603813	0.579882	27.179	-7.44653	-7.42254	27.275	-6.84272	-6.84266	0.000246745	-0.427882	-0.335386	0.00982123
129801	0.381955	0.388049	0.000185949	0.570694	0.5798	27.2055	-7.41334	-7.42246	27.3018	-6.84265	-6.84266	0.00024655	-0.282793	-0.334907	0.00983388
130001	0.427423	0.388089	0.000187319	0.63863	0.57986	27.4059	-7.4814	-7.42252	27.5026	-6.84277	-6.84266	0.000248607	-0.612247	-0.335139	0.00990576
130201	0.400993	0.388113	0.000190056	0.599139	0.579895	27.8064	-7.44189	-7.42256	27.9037	-6.84275	-6.84266	0.000248555	-0.398758	-0.335263	0.0100379
130401	0.395292	0.388084	0.000189284	0.590622	0.579851	27.6935	-7.43328	-7.42251	27.7902	-6.84266	-6.84266	0.000248072	-0.354517	-0.334961	0.0100041
130601	0.43443	0.388079	0.000190516	0.649099	0.579845	27.8737	-7.49189	-7.42251	27.9703	-6.84279	-6.84266	0.000247292	-0.667894	-0.334768	0.0100907
130801	0.358068	0.388081	0.000194385	0.535004	0.579847	28.4397	-7.37759	-7.42251	28.5381	-6.84258	-6.84266	0.000248223	-0.108141	-0.334692	0.0103038
131001	0.371564	0.388074	0.00019579	0.555169	0.579837	28.6453	-7.39777	-7.4225	28.7441	-6.84261	-6.84266	0.00024776	-0.218022	-0.334573	0.0103655
131201	0.373333	0.388102	0.000195574	0.557812	0.579878	28.6137	-7.40054	-7.42254	28.7131	-6.84273	-6.84266	0.000250273	-0.213476	-0.33462	0.0103379
131401	0.397113	0.388096	0.000195601	0.593343	0.579871	28.6177	-7.43598	-7.42253	28.7165	-6.84264	-6.84266	0.000248952	-0.402178	-0.33455	0.0103466
131601	0.378635	0.388089	0.000195165	0.565734	0.579859	28.5538	-7.40837	-7.42252	28.6522	-6.84263	-6.84266	0.000247721	-0.2826	-0.334589	0.0103205
131801	0.39074	0.388122	0.000194195	0.583821	0.579909	28.412	-7.42645	-7.42257	28.5098	-6.84263	-6.84266	0.000246256	-0.349217	-0.334812	0.0102665
132001	0.384643	0.388074	0.000193579	0.574711	0.579837	28.3218	-7.41736	-7.4225	28.4194	-6.84265	-6.84266	0.000245618	-0.317799	-0.334462	0.0102362
132201	0.375138	0.388139	0.000193333	0.560509	0.579934	28.2859	-7.40316	-7.4226	28.3834	-6.84265	-6.84266	0.00024515	-0.238315	-0.334964	0.0102283
132401	0.399174	0.388146	0.000195441	0.596423	0.579944	28.5942	-7.43914	-7.42261	28.6928	-6.84271	-6.84266	0.000245441	-0.429992	-0.335012	0.0103374
132601	0.388444	0.388085	0.00019544	0.58039	0.579853	28.5941	-7.42297	-7.42252	28.694	-6.84258	-6.84266	0.000250482	-0.344862	-0.334625	0.0103314
132801	0.398396	0.388099	0.000194795	0.59526	0.579875	28.4997	-7.43793	-7.42254	28.5989	-6.84267	-6.84266	0.000249852	-0.421034	-0.334798	0.0103077
133001	0.383742	0.388142	0.000194719	0.573365	0.579938	28.4886	-7.41607	-7.4226	28.5876	-6.8427	-6.84266	0.000248781	-0.297918	-0.335217	0.0103127
133201	0.370983	0.388113	0.00019431	0.5543	0.579896	28.4287	-7.39681	-7.42256	28.5278	-6.84251	-6.84266	0.000250477	-0.218072	-0.334996	0.0102919
133401	0.408964	0.388117	0.000195379	0.61105	0.579901	28.5852	-7.45378	-7.42256	28.6854	-6.84273	-6.84266	0.000251684	-0.48709	-0.335018	0.0103438
133601	0.391732	0.388067	0.00019593	0.585303	0.579827	28.6657	-7.428	-7.42249	28.7664	-6.84269	-6.84266	0.000251412	-0.367477	-0.334675	0.010369
133801	0.379691	0.388126	0.000195913	0.567311	0.579915	28.6633	-7.40994	-7.42258	28.7643	-6.84263	-6.84266	0.000251461	-0.270743	-0.335135	0.0103709
134001	0.384598	0.388097	0.000195189	0.574644	0.579871	28.5574	-7.41736	-7.42253	28.6579	-6.84271	-6.84266	0.000250375	-0.29721	-0.334833	0.0103414
134201	0.362146	0.388103	0.000194883	0.541097	0.57988	28.5126	-7.38374	-7.42254	28.6128	-6.84264	-6.84266	0.000249642	-0.147627	-0.33478	0.0103196
134401	0.385017	0.388115	0.000194528	0.575269	0.579899	28.4606	-7.41789	-7.42256	28.5606	-6.84262	-6.84266	0.000248746	-0.32006	-0.334826	0.0102943
134601	0.391059	0.388113	0.00019412	0.584297	0.579895	28.4009	-7.42702	-7.42256	28.5006	-6.84272	-6.84266	0.000247667	-0.34111	-0.334797	0.0102683
134801	0.387911	0.388125	0.000193176	0.579594	0.579913	28.2629	-7.42226	-7.42258	28.3621	-6.84267	-6.84266	0.000247273	-0.335628	-0.334755	0.0102187
135001	0.403596	0.388146	0.000193657	0.603029	0.579945	28.3333	-7.44572	-7.42261	28.4327	-6.84269	-6.84266	0.000246556	-0.411584	-0.334867	0.0102283
135201	0.410016	0.388112	0.000194967	0.612621	0.579893	28.5249	-7.45537	-7.42256	28.6249	-6.84275	-6.84266	0.000246367	-0.496915	-0.334618	0.010296
135401	0.38327	0.388109	0.000195108	0.57266	0.57989	28.5455	-7.4153	-7.42255	28.6457	-6.84264	-6.84266	0.000245801	-0.321179	-0.334626	0.0103042
135601	0.400502	0.388163	0.000195158	0.598406	0.579971	28.5529	-7.44112	-7.42263	28.6538	-6.84271	-6.84266	0.000247194	-0.430483	-0.335104	0.0103165
135801	0.406627	0.388153	0.00019485	0.607558	0.579955	28.5078	-7.45025	-7.42262	28.6084	-6.84269	-6.84266	0.000245981	-0.467017	-0.335026	0.0102966
136001	0.40113	0.388161	0.000194894	0.599345	0.579967	28.5142	-7.44205	-7.42263	28.6147	-6.84271	-6.84266	0.000245002	-0.432451	-0.335017	0.010307
136201	0.402702	0.38812	0.000196146	0.601693	0.579905	28.6974	-7.44439	-7.42257	28.7984	-6.8427	-6.84266	0.00024455	-0.439399	-0.334707	0.0103746
136401	0.403582	0.388128	0.000195467	0.603008	0.579918	28.598	-7.44571	-7.42258	28.6986	-6.8427	-6.84266	0.000243724	-0.445936	-0.33475	0.0103382
136601	0.417278	0.388176	0.000196554	0.623472	0.579989	28.7571	-7.4662	-7.42265	28.8579	-6.84273	-6.84266	0.000243674	-0.55007	-0.335071	0.0104068
136801	0.389923	0.38814	0.000196622	0.5826	0.579936	28.767	-7.42521	-7.4226	28.8678	-6.84261	-6.84266	0.000243698	-0.349863	-0.334801	0.0104134
137001	0.397493	0.388153	0.00019572	0.59391	0.579955	28.635	-7.43659	-7.42262	28.7352	-6.84268	-6.84266	0.000242497	-0.403197	-0.334874	0.0103666
137201	0.383923	0.388187	0.000195224	0.573635	0.580006	28.5625	-7.41622	-7.42267	28.6621	-6.84259	-6.84266	0.000241557	-0.318683	-0.335099	0.0103391
137401	0.428022	0.38815	0.000196398	0.639525	0.579951	28.7342	-7.48234	-7.42261	28.8352	-6.84282	-6.84266	0.000243422	-0.628391	-0.334883	0.0103933
137601	0.377253	0.388163	0.000199617	0.563668	0.57997	29.2053	-7.4063	-7.42263	29.3078	-6.84263	-6.84266	0.000245089	-0.258758	-0.334978	0.0105524
137801	0.390323	0.388174	0.000198689	0.583197	0.579986	29.0694	-7.42583	-7.42265	29.1714	-6.84263	-6.84266	0.000243849	-0.354962	-0.335113	0.0105061
138001	0.399704	0.388162	0.000199802	0.597214	0.579969	29.2322	-7.43986	-7.42263	29.3339	-6.84264	-6.84266	0.000242988	-0.435063	-0.335071	0.0105716
138201	0.381565	0.388193	0.000199566	0.570112	0.580015	29.1977	-7.41267	-7.42268	29.299	-6.84256	-6.84266	0.000242748	-0.299655	-0.335399	0.0105668
138401	0.394269	0.388188	0.000199081	0.589093	0.580008	29.1268	-7.43171	-7.42267	29.2278	-6.84262	-6.84266	0.000242735	-0.378838	-0.335405	0.0105439
138601	0.423841	0.388177	0.000199483	0.633279	0.579991	29.1856	-7.47592	-7.42265	29.2865	-6.84264	-6.84266	0.000242788	-0.620273	-0.335331	0.0105775
138801	0.392698	0.388178	0.000199371	0.586745	0.579992	29.1693	-7.4294	-7.42265	29.2698	-6.84265	-6.84266	0.000242421	-0.364672	-0.33537	0.0105779
139001	0.394948	0.388193	0.000198653	0.590109	0.580015	29.0642	-7.4327	-7.42268	29.1642	-6.84259	-6.84266	0.000242483	-0.383284	-0.335541	0.0105377
139201	0.388022	0.388198	0.000197909	0.579759	0.580022	28.9554	-7.42235	-7.42268	29.055	-6.84259	-6.84266	0.00024222	-0.310659	-0.335593	0.0104982
139401	0.418724	0.388188	0.000199743	0.625633	0.580008	29.2236	-7.46827	-7.42267	29.3238	-6.84264	-6.84266	0.000243215	-0.57467	-0.33547	0.010631
139601	0.389024	0.388161	0.000200148	0.581257	0.579967	29.2829	-7.42389	-7.42263	29.3832	-6.84263	-6.84266	0.000244102	-0.330965	-0.335326	0.0106544
139801	0.373827	0.388176	0.000199541	0.558549	0.57999	29.194	-7.40117	-7.42265	29.2939	-6.84262	-6.84266	0.000242975	-0.234852	-0.335434	0.0106185
140001	0.386706	0.388198	0.000199551	0.577794	0.580022	29.1956	-7.42037	-7.42268	29.2952	-6.84258	-6.84266	0.000242143	-0.332375	-0.335576	0.0106146
140201	0.394446	0.388156	0.000199591	0.589358	0.579959	29.2014	-7.43196	-7.42262	29.3018	-6.8426	-6.84266	0.000244988	-0.390675	-0.3353	0.0106134
140401	0.398124	0.388165	0.000199146	0.594853	0.579973	29.1364	-7.43747	-7.42263	29.2363	-6.84262	-6.84266	0.00024471	-0.401849	-0.335404	0.0105887
140601	0.404195	0.388138	0.000198942	0.603924	0.579933	29.1065	-7.44656	-7.42259	29.2064	-6.84263	-6.84266	0.000244896	-0.439708	-0.335248	0.0105683
140801	0.380809	0.388158	0.000199339	0.568982	0.579962	29.1645	-7.41157	-7.42262	29.2643	-6.84258	-6.84266	0.00024402	-0.256213	-0.33534	0.0105926
141001	0.390426	0.388136	0.000198986	0.583352	0.57993	29.1129	-7.42601	-7.42259	29.2129	-6.84266	-6.84266	0.000245624	-0.33017	-0.335101	0.0105801
141201	0.396799	0.388148	0.00019832	0.592874	0.579948	29.0155	-7.43561	-7.42261	29.1151	-6.84273	-6.84266	0.000245148	-0.36887	-0.335108	0.0105467
141401	0.398204	0.388157	0.000197599	0.594973	0.579961	28.91	-7.43771	-7.42262	29.0091	-6.84274	-6.84266	0.000244975	-0.391596	-0.33507	0.0105052
141601	0.371228	0.388136	0.000198174	0.554666	0.57993	28.9941	-7.39722	-7.42259	29.0935	-6.84256	-6.84266	0.000244854	-0.196025	-0.33487	0.0105426
141801	0.380559	0.388167	0.000199193	0.568609	0.579976	29.1431	-7.41128	-7.42264	29.2432	-6.84267	-6.84266	0.000244943	-0.251575	-0.335061	0.0106
142001	0.394012	0.388123	0.000199087	0.58871	0.579911	29.1277	-7.43135	-7.42257	29.2276	-6.84264	-6.84266	0.000244041	-0.366429	-0.334695	0.0106041
142201	0.389706	0.388154	0.000198555	0.582276	0.579957	29.0498	-7.42502	-7.42262	29.1495	-6.84274	-6.84266	0.000243634	-0.351599	-0.33494	0.0105749
142401	0.399774	0.388144	0.00019781	0.597319	0.579942	28.9408	-7.44001	-7.4226	29.04	-6.84269	-6.84266	0.000243051	-0.403208	-0.334794	0.0105424
142601	0.390895	0.388137	0.000197174	0.584052	0.579932	28.8478	-7.42674	-7.42259	28.9467	-6.84269	-6.84266	0.000242055	-0.345404	-0.334747	0.0105063
142801	0.38338	0.388156	0.000196422	0.572824	0.57996	28.7378	-7.41552	-7.42262	28.8365	-6.8427	-6.84266	0.000242621	-0.293776	-0.334826	0.0104613
143001	0.395836	0.38818	0.000196026	0.591434	0.579995	28.6798	-7.43411	-7.42266	28.7783	-6.84267	-6.84266	0.000242165	-0.387759	-0.334976	0.010436
143201	0.406143	0.388173	0.000196051	0.606835	0.579985	28.6835	-7.44955	-7.42265	28.7817	-6.84272	-6.84266	0.000241697	-0.470597	-0.33493	0.0104389
143401	0.377035	0.388177	0.000195446	0.563344	0.579991	28.595	-7.40599	-7.42265	28.6929	-6.84265	-6.84266	0.000240785	-0.23431	-0.334955	0.0104083
143601	0.405677	0.388158	0.000195046	0.606139	0.579963	28.5365	-7.44889	-7.42262	28.634	-6.84275	-6.84266	0.000240467	-0.455373	-0.334761	0.0103927
143801	0.373817	0.388146	0.000195315	0.558535	0.579944	28.5758	-7.40121	-7.4226	28.6733	-6.84268	-6.84266	0.00024007	-0.223398	-0.334676	0.0104014
144001	0.376011	0.38817	0.00019681	0.561814	0.57998	28.7945	-7.40452	-7.42264	28.8928	-6.8427	-6.84266	0.000240863	-0.24768	-0.334838	0.0104792
144201	0.361017	0.388183	0.000197552	0.53941	0.58	28.903	-7.38203	-7.42266	29.0017	-6.84262	-6.84266	0.000241389	-0.149277	-0.334912	0.0105075
144401	0.381812	0.388197	0.000197424	0.57048	0.580021	28.8844	-7.41314	-7.42268	28.983	-6.84266	-6.84266	0.000241147	-0.305492	-0.335017	0.0105019
144601	0.40327	0.388167	0.000197161	0.602542	0.579976	28.8458	-7.44524	-7.42264	28.9444	-6.8427	-6.84266	0.000240484	-0.4383	-0.334786	0.0104877
144801	0.395089	0.388167	0.000197585	0.590319	0.579976	28.9079	-7.4331	-7.42264	29.0067	-6.84278	-6.84266	0.000241189	-0.371024	-0.334811	0.0105011
145001	0.399277	0.388172	0.00019725	0.596576	0.579984	28.859	-7.43931	-7.42265	28.9576	-6.84274	-6.84266	0.000242354	-0.413474	-0.334844	0.0104799
145201	0.383911	0.388169	0.000197553	0.573617	0.579979	28.9032	-7.4162	-7.42264	29.002	-6.84258	-6.84266	0.000242404	-0.313508	-0.334772	0.0104993
145401	0.381819	0.388167	0.000197584	0.570491	0.579976	28.9077	-7.41317	-7.42264	29.0065	-6.84268	-6.84266	0.000241933	-0.271726	-0.334759	0.0105011
145601	0.383658	0.388168	0.000197154	0.573239	0.579977	28.8449	-7.41586	-7.42264	28.9434	-6.84262	-6.84266	0.000241294	-0.313572	-0.33477	0.0104761
145801	0.399712	0.388172	0.000196452	0.597226	0.579983	28.7422	-7.43993	-7.42264	28.8403	-6.8427	-6.84266	0.000240796	-0.426002	-0.334845	0.010439
146001	0.389239	0.388164	0.000196015	0.581578	0.579972	28.6782	-7.42422	-7.42263	28.7762	-6.84264	-6.84266	0.000240361	-0.330339	-0.334744	0.0104182
146201	0.367485	0.388175	0.000195891	0.549074	0.579988	28.6601	-7.39162	-7.42265	28.7582	-6.84254	-6.84266	0.000240418	-0.220692	-0.334868	0.0104031
146401	0.378588	0.388153	0.000195285	0.565664	0.579955	28.5714	-7.40818	-7.42262	28.6696	-6.84252	-6.84266	0.000243664	-0.292337	-0.334797	0.0103642
146601	0.375732	0.388167	0.000195174	0.561397	0.579977	28.5552	-7.40397	-7.42264	28.6531	-6.84257	-6.84266	0.000244099	-0.261497	-0.334948	0.0103586
146801	0.391408	0.388146	0.000194634	0.584819	0.579945	28.4762	-7.42748	-7.42261	28.574	-6.84266	-6.84266	0.000243971	-0.380811	-0.33483	0.0103295
147001	0.394914	0.38816	0.000194147	0.590058	0.579966	28.4049	-7.43276	-7.42263	28.5024	-6.8427	-6.84266	0.000243184	-0.400372	-0.334976	0.010308
147201	0.410825	0.388135	0.000194957	0.613831	0.579929	28.5234	-7.45654	-7.42259	28.6214	-6.8427	-6.84266	0.000243115	-0.496434	-0.334817	0.0103484
147401	0.364432	0.388155	0.00019546	0.544513	0.579957	28.5971	-7.3871	-7.42262	28.6951	-6.84259	-6.84266	0.000242504	-0.163605	-0.334931	0.0103665
147601	0.388873	0.388141	0.000195632	0.581031	0.579937	28.6222	-7.42372	-7.4226	28.7199	-6.84269	-6.84266	0.000243358	-0.335662	-0.334892	0.0103747
147801	0.410666	0.388166	0.000195693	0.613593	0.579974	28.6311	-7.45639	-7.42263	28.7289	-6.84279	-6.84266	0.000243255	-0.516705	-0.335066	0.0103784
148001	0.37357	0.388189	0.000195511	0.558166	0.58001	28.6045	-7.40076	-7.42267	28.7028	-6.8426	-6.84266	0.000245258	-0.215328	-0.335169	0.0103722
148201	0.39107	0.388173	0.000195203	0.584314	0.579986	28.5594	-7.42699	-7.42265	28.6578	-6.84267	-6.84266	0.000245379	-0.330043	-0.335004	0.0103549
148401	0.398129	0.388174	0.000194803	0.594861	0.579986	28.5009	-7.43758	-7.42265	28.5991	-6.84271	-6.84266	0.000244827	-0.374707	-0.334979	0.0103381
148601	0.375917	0.388165	0.000194243	0.561673	0.579973	28.419	-7.40433	-7.42263	28.517	-6.84265	-6.84266	0.000244033	-0.236096	-0.334891	0.0103078
148801	0.37153	0.388176	0.000193692	0.555118	0.57999	28.3384	-7.39775	-7.42265	28.4361	-6.84264	-6.84266	0.000243332	-0.209551	-0.334926	0.0102782
149001	0.385386	0.388153	0.000193921	0.575821	0.579956	28.3718	-7.4185	-7.42262	28.4692	-6.84268	-6.84266	0.000242581	-0.292764	-0.334727	0.0103055
149201	0.390135	0.38815	0.000194358	0.582917	0.57995	28.4358	-7.4256	-7.42261	28.533	-6.84269	-6.84266	0.000241745	-0.340607	-0.334675	0.0103423
149401	0.371803	0.38816	0.000193851	0.555527	0.579966	28.3616	-7.39813	-7.42263	28.4585	-6.84261	-6.84266	0.000240953	-0.230691	-0.334721	0.0103116
149601	0.396699	0.388153	0.000193296	0.592724	0.579956	28.2804	-7.43542	-7.42262	28.3771	-6.8427	-6.84266	0.000240378	-0.382393	-0.334661	0.0102784
149801	0.405139	0.388147	0.000193333	0.605335	0.579946	28.2858	-7.44803	-7.42261	28.3823	-6.8427	-6.84266	0.000239535	-0.457409	-0.334557	0.010285
150001	0.365667	0.388169	0.000193434	0.546357	0.579979	28.3006	-7.38901	-7.42264	28.3971	-6.84266	-6.84266	0.000239302	-0.165084	-0.33468	0.0102867
150201	0.386672	0.388128	0.000193201	0.577742	0.579918	28.2665	-7.42035	-7.42258	28.363	-6.84261	-6.84266	0.000239172	-0.32062	-0.33435	0.0102799
150401	0.402679	0.388138	0.000192817	0.601659	0.579932	28.2103	-7.44438	-7.42259	28.3064	-6.84272	-6.84266	0.000238521	-0.43708	-0.334405	0.0102596
150601	0.394114	0.388115	0.000192626	0.588862	0.579899	28.1824	-7.4315	-7.42256	28.2789	-6.84264	-6.84266	0.000239538	-0.404384	-0.334278	0.0102445
150801	0.369773	0.388132	0.000192102	0.552492	0.579923	28.1058	-7.39514	-7.42258	28.2021	-6.84265	-6.84266	0.00023885	-0.215258	-0.334395	0.0102165
151001	0.393433	0.388141	0.000191922	0.587844	0.579938	28.0794	-7.43052	-7.4226	28.1757	-6.84268	-6.84266	0.000238636	-0.393729	-0.334477	0.0102027
151201	0.379101	0.388117	0.000191531	0.56643	0.579902	28.0221	-7.40918	-7.42256	28.1179	-6.84275	-6.84266	0.000238062	-0.241276	-0.334259	0.0101938
151401	0.379211	0.38813	0.000192247	0.566594	0.57992	28.1269	-7.40926	-7.42258	28.2235	-6.84267	-6.84266	0.000240569	-0.279536	-0.334277	0.0102233
151601	0.403261	0.388134	0.000191771	0.602529	0.579926	28.0573	-7.44529	-7.42259	28.1537	-6.84276	-6.84266	0.000240767	-0.433853	-0.334299	0.0101956
151801	0.411566	0.388131	0.000191709	0.614938	0.579923	28.0482	-7.45776	-7.42258	28.1443	-6.84282	-6.84266	0.000242834	-0.499829	-0.334254	0.0101914
152001	0.360507	0.38815	0.000192285	0.538648	0.57995	28.1325	-7.38123	-7.42261	28.2296	-6.84259	-6.84266	0.000245678	-0.135687	-0.334349	0.0102123
152201	0.400367	0.388142	0.000192034	0.598205	0.579939	28.0958	-7.44091	-7.4226	28.1929	-6.8427	-6.84266	0.000245175	-0.436511	-0.334304	0.0101959
152401	0.382164	0.388132	0.000191859	0.571007	0.579923	28.0702	-7.41371	-7.42259	28.167	-6.84271	-6.84266	0.000244506	-0.283862	-0.334206	0.0101919
152601	0.389962	0.388154	0.000191301	0.582658	0.579956	27.9886	-7.42539	-7.42262	28.0854	-6.84274	-6.84266	0.000245098	-0.335207	-0.334348	0.0101612
152801	0.393854	0.388141	0.000190678	0.588473	0.579938	27.8973	-7.43121	-7.4226	27.9936	-6.84274	-6.84266	0.000245456	-0.378054	-0.334227	0.0101292
153001	0.400975	0.38815	0.000191358	0.599112	0.57995	27.9968	-7.44189	-7.42261	28.0933	-6.84278	-6.84266	0.000245845	-0.412419	-0.334263	0.010166
153201	0.379868	0.388169	0.000190919	0.567576	0.579979	27.9327	-7.41029	-7.42264	28.0293	-6.84271	-6.84266	0.000249962	-0.265111	-0.334344	0.0101397
153401	0.393472	0.388178	0.000190951	0.587903	0.579993	27.9373	-7.43061	-7.42266	28.0337	-6.8427	-6.84266	0.000249565	-0.375368	-0.334421	0.0101413
153601	0.391616	0.388164	0.000190683	0.585129	0.579972	27.8982	-7.42786	-7.42264	27.9942	-6.84274	-6.84266	0.000248847	-0.334705	-0.334333	0.0101268
153801	0.372283	0.38817	0.000190606	0.556244	0.579981	27.8868	-7.39887	-7.42264	27.983	-6.84263	-6.84266	0.000248779	-0.21326	-0.334383	0.010117
154001	0.398562	0.388164	0.000190333	0.595508	0.579972	27.8469	-7.43826	-7.42264	27.9429	-6.84275	-6.84266	0.000248605	-0.412545	-0.334303	0.0101027
154201	0.392499	0.388202	0.000190392	0.586448	0.580029	27.8556	-7.42917	-7.42269	27.9519	-6.84272	-6.84266	0.000249707	-0.354299	-0.334635	0.0101183
154401	0.381408	0.388187	0.000190151	0.569878	0.580006	27.8203	-7.41246	-7.42267	27.9161	-6.84259	-6.84266	0.000249235	-0.302015	-0.334509	0.0101142
154601	0.409761	0.388187	0.000190446	0.61224	0.580007	27.8634	-7.45498	-7.42267	27.9594	-6.84273	-6.84266	0.000249221	-0.496214	-0.334554	0.0101287
154801	0.400403	0.388173	0.000190331	0.598258	0.579985	27.8466	-7.44094	-7.42265	27.9424	-6.84269	-6.84266	0.000248616	-0.402612	-0.334455	0.0101179
155001	0.400599	0.388177	0.00018976	0.598552	0.579991	27.763	-7.44131	-7.42266	27.8586	-6.84276	-6.84266	0.000248642	-0.43303	-0.334486	0.0100867
155201	0.387835	0.388188	0.000189302	0.57948	0.580007	27.6961	-7.42215	-7.42267	27.7916	-6.84267	-6.84266	0.000248313	-0.343694	-0.334602	0.010064
155401	0.385113	0.38818	0.000188803	0.575413	0.579996	27.6231	-7.41806	-7.42266	27.7183	-6.84265	-6.84266	0.000247642	-0.323073	-0.334545	0.0100386
155601	0.428288	0.388195	0.000189939	0.639923	0.580018	27.7892	-7.48269	-7.42268	27.8847	-6.84277	-6.84266	0.000247283	-0.622136	-0.334684	0.0100937
155801	0.386475	0.388183	0.000190039	0.577448	0.579999	27.804	-7.42013	-7.42266	27.8993	-6.84268	-6.84266	0.000246786	-0.312336	-0.334576	0.0101002
156001	0.396504	0.388175	0.000189636	0.592433	0.579987	27.745	-7.43512	-7.42265	27.8401	-6.84268	-6.84266	0.000245992	-0.411958	-0.334571	0.0100817
156201	0.376154	0.388187	0.00018963	0.562027	0.580006	27.744	-7.40467	-7.42267	27.8391	-6.84265	-6.84266	0.00024538	-0.246072	-0.334682	0.0100828
156401	0.385516	0.388176	0.000189115	0.576015	0.57999	27.6686	-7.4186	-7.42265	27.7635	-6.84259	-6.84266	0.000246143	-0.311673	-0.334602	0.0100557
156601	0.415488	0.388171	0.000189477	0.620797	0.579982	27.7217	-7.46362	-7.42265	27.8171	-6.84282	-6.84266	0.000247216	-0.521726	-0.334534	0.0100752
156801	0.392865	0.388169	0.0001897	0.586996	0.579979	27.7543	-7.42972	-7.42264	27.8499	-6.84272	-6.84266	0.000247607	-0.351743	-0.334485	0.0100851
157001	0.390321	0.388167	0.000189793	0.583194	0.579976	27.7679	-7.42592	-7.42264	27.8634	-6.84273	-6.84266	0.000247844	-0.33823	-0.334409	0.0100898
157201	0.383902	0.388156	0.000189832	0.573604	0.579959	27.7736	-7.41623	-7.42262	27.8691	-6.84263	-6.84266	0.000247499	-0.318058	-0.334286	0.0100941
157401	0.369985	0.388166	0.0001894	0.552809	0.579974	27.7105	-7.39541	-7.42264	27.8058	-6.8426	-6.84266	0.00024683	-0.211431	-0.33435	0.0100677
157601	0.384689	0.388162	0.000189288	0.574779	0.579968	27.6941	-7.41739	-7.42263	27.7893	-6.84261	-6.84266	0.000246264	-0.303041	-0.334308	0.01006
157801	0.41534	0.388167	0.000189495	0.620576	0.579976	27.7243	-7.46333	-7.42264	27.8196	-6.84275	-6.84266	0.000245848	-0.514864	-0.334341	0.0100671
158001	0.388095	0.388148	0.000189384	0.579868	0.579948	27.7081	-7.42246	-7.42261	27.8036	-6.84259	-6.84266	0.00024609	-0.350941	-0.334214	0.0100614
158201	0.37107	0.388139	0.000189245	0.554431	0.579934	27.6877	-7.39716	-7.4226	27.7832	-6.84273	-6.84266	0.000246481	-0.213581	-0.334126	0.0100583
158401	0.400547	0.388149	0.000189383	0.598473	0.579949	27.708	-7.44124	-7.42261	27.8035	-6.84277	-6.84266	0.000246897	-0.406929	-0.334175	0.0100613
158601	0.375194	0.388181	0.000189283	0.560592	0.579997	27.6933	-7.40323	-7.42266	27.7891	-6.84264	-6.84266	0.000247719	-0.246478	-0.3344	0.0100527
158801	0.386919	0.38816	0.000189194	0.578112	0.579966	27.6802	-7.42076	-7.42263	27.7761	-6.84265	-6.84266	0.000247699	-0.322629	-0.334214	0.0100491
159001	0.402921	0.388163	0.000188908	0.602021	0.57997	27.6384	-7.44477	-7.42263	27.734	-6.84275	-6.84266	0.000247547	-0.418848	-0.334205	0.0100321
159201	0.402641	0.388165	0.000188809	0.601602	0.579973	27.624	-7.44426	-7.42264	27.7195	-6.84266	-6.84266	0.0002472	-0.44418	-0.334224	0.0100233
159401	0.396789	0.388164	0.000188746	0.592859	0.579972	27.6148	-7.4355	-7.42264	27.7103	-6.84264	-6.84266	0.000246831	-0.401338	-0.334239	0.0100193
159601	0.411057	0.388184	0.000189208	0.614177	0.580001	27.6824	-7.45688	-7.42267	27.7778	-6.8427	-6.84266	0.000246153	-0.530963	-0.334413	0.0100598
159801	0.373222	0.388189	0.000189022	0.557647	0.580009	27.6551	-7.40027	-7.42267	27.7503	-6.84263	-6.84266	0.000245418	-0.24718	-0.334494	0.0100502
160001	0.40409	0.388172	0.000188977	0.603767	0.579983	27.6485	-7.44642	-7.42265	27.7437	-6.84266	-6.84266	0.000245751	-0.465172	-0.334413	0.0100454
160201	0.38085	0.38819	0.000188551	0.569044	0.58001	27.5862	-7.41163	-7.42267	27.6812	-6.84259	-6.84266	0.000245256	-0.312036	-0.334578	0.0100249
160401	0.403955	0.38817	0.000188653	0.603566	0.579981	27.6011	-7.44624	-7.42265	27.6965	-6.84267	-6.84266	0.000246738	-0.443173	-0.334443	0.0100272
160601	0.40174	0.388184	0.0001883	0.600256	0.580001	27.5495	-7.44294	-7.42267	27.6446	-6.84269	-6.84266	0.000246166	-0.433269	-0.334528	0.0100097
160801	0.35993	0.388172	0.000188482	0.537786	0.579984	27.576	-7.38043	-7.42265	27.6709	-6.84265	-6.84266	0.000245717	-0.143001	-0.334484	0.0100231
161001	0.381872	0.388187	0.000188438	0.57057	0.580005	27.5696	-7.41325	-7.42267	27.6646	-6.84268	-6.84266	0.000246061	-0.273199	-0.334537	0.0100155
161201	0.388058	0.388171	0.000188262	0.579813	0.579982	27.5439	-7.42246	-7.42265	27.639	-6.84264	-6.84266	0.000246172	-0.325209	-0.334434	0.0100032
161401	0.371552	0.388166	0.000188675	0.555151	0.579974	27.6043	-7.39785	-7.42264	27.6993	-6.8427	-6.84266	0.000245708	-0.195762	-0.3344	0.0100328
161601	0.400581	0.3882	0.000189267	0.598524	0.580025	27.6909	-7.44125	-7.42269	27.7865	-6.84273	-6.84266	0.000247288	-0.431402	-0.334659	0.0100652
161801	0.388036	0.388161	0.000189967	0.57978	0.579967	27.7934	-7.42242	-7.42263	27.8893	-6.84264	-6.84266	0.000247026	-0.346795	-0.334389	0.0101029
162001	0.369383	0.388164	0.000189744	0.55191	0.579971	27.7607	-7.3946	-7.42264	27.8563	-6.84269	-6.84266	0.00024632	-0.205379	-0.334422	0.0100902
162201	0.398921	0.388199	0.000190139	0.596044	0.580025	27.8186	-7.43876	-7.42269	27.9148	-6.84272	-6.84266	0.000247967	-0.418998	-0.334699	0.0101131
162401	0.365038	0.38819	0.00019007	0.545418	0.58001	27.8084	-7.38794	-7.42267	27.905	-6.84252	-6.84266	0.000250471	-0.161047	-0.334664	0.0101085
162601	0.36026	0.388183	0.000189829	0.53828	0.58	27.7732	-7.38079	-7.42266	27.8696	-6.84251	-6.84266	0.000252566	-0.138438	-0.334611	0.0100971
162801	0.383786	0.388189	0.000190131	0.57343	0.580009	27.8173	-7.41607	-7.42267	27.9141	-6.84264	-6.84266	0.000252851	-0.286195	-0.334635	0.0101082
163001	0.379979	0.388159	0.000190434	0.567742	0.579965	27.8617	-7.41035	-7.42263	27.9586	-6.84261	-6.84266	0.000252428	-0.279414	-0.334396	0.0101264
163201	0.372401	0.3882	0.000190978	0.55642	0.580026	27.9412	-7.39892	-7.42269	28.038	-6.8425	-6.84266	0.000252432	-0.204998	-0.334682	0.0101569
163401	0.409348	0.388159	0.000191899	0.611624	0.579964	28.076	-7.45431	-7.42263	28.1743	-6.84269	-6.84266	0.000256419	-0.476795	-0.33437	0.0102079
163601	0.369674	0.388162	0.000191889	0.552345	0.579968	28.0746	-7.39486	-7.42263	28.1731	-6.84252	-6.84266	0.000256871	-0.197608	-0.334403	0.0102027
163801	0.385064	0.388166	0.000191628	0.575339	0.579975	28.0364	-7.41791	-7.42264	28.1348	-6.84257	-6.84266	0.000257637	-0.32644	-0.334439	0.0101909
164001	0.394856	0.388158	0.000191109	0.589971	0.579963	27.9604	-7.43263	-7.42263	28.0587	-6.84266	-6.84266	0.000258179	-0.387755	-0.334401	0.0101632
164201	0.378558	0.388154	0.000190671	0.565619	0.579957	27.8963	-7.40818	-7.42262	27.9944	-6.84256	-6.84266	0.000258548	-0.253082	-0.334428	0.0101423
164401	0.38359	0.388158	0.00019028	0.573138	0.579963	27.8392	-7.41567	-7.42263	27.9371	-6.84253	-6.84266	0.000259236	-0.313793	-0.334478	0.0101227
164601	0.415034	0.388155	0.000190192	0.62012	0.579958	27.8263	-7.46275	-7.42262	27.9241	-6.84263	-6.84266	0.000260402	-0.551045	-0.334472	0.0101236
164801	0.377112	0.388142	0.000190083	0.563458	0.579939	27.8103	-7.40612	-7.4226	27.9078	-6.84266	-6.84266	0.000259726	-0.246553	-0.334361	0.0101231
165001	0.380746	0.388147	0.000191002	0.568889	0.579946	27.9448	-7.4115	-7.42261	28.0427	-6.84261	-6.84266	0.000259574	-0.257218	-0.334384	0.0101789
165201	0.372107	0.388149	0.000191181	0.555981	0.579949	27.971	-7.39858	-7.42261	28.069	-6.84259	-6.84266	0.000259246	-0.224541	-0.334357	0.0101836
165401	0.386035	0.388149	0.000190877	0.576791	0.57995	27.9265	-7.41953	-7.42261	28.0244	-6.84274	-6.84266	0.000258921	-0.328044	-0.334376	0.0101672
165601	0.405583	0.388178	0.000190863	0.605998	0.579993	27.9244	-7.44876	-7.42266	28.0227	-6.84276	-6.84266	0.00026109	-0.473363	-0.334576	0.010167
165801	0.371362	0.388138	0.000191197	0.554867	0.579932	27.9734	-7.39748	-7.42259	28.0722	-6.84261	-6.84266	0.000262061	-0.201081	-0.334278	0.0101873
166001	0.37054	0.388145	0.000191628	0.553639	0.579943	28.0364	-7.3963	-7.42261	28.1352	-6.84266	-6.84266	0.000261445	-0.199783	-0.33433	0.0102177
166201	0.375272	0.388165	0.00019142	0.560708	0.579973	28.006	-7.40332	-7.42263	28.1048	-6.84261	-6.84266	0.000261133	-0.238216	-0.334485	0.0102107
166401	0.369986	0.388145	0.000191991	0.552811	0.579944	28.0895	-7.39542	-7.42261	28.1884	-6.84261	-6.84266	0.000260942	-0.175653	-0.334269	0.0102472
166601	0.376721	0.388143	0.000191912	0.562875	0.57994	28.0779	-7.40547	-7.4226	28.1768	-6.84259	-6.84266	0.00026055	-0.262667	-0.334262	0.0102421
166801	0.376853	0.388144	0.000191575	0.563072	0.579941	28.0287	-7.40576	-7.4226	28.1273	-6.84269	-6.84266	0.000260084	-0.258174	-0.334302	0.0102248
167001	0.373579	0.388151	0.000192525	0.558179	0.579953	28.1677	-7.40077	-7.42261	28.2667	-6.84259	-6.84266	0.000259866	-0.243415	-0.33437	0.0102724
167201	0.372914	0.38815	0.000192119	0.557185	0.57995	28.1083	-7.39973	-7.42261	28.207	-6.84255	-6.84266	0.000260867	-0.226186	-0.334397	0.0102511
167401	0.402141	0.388133	0.000192098	0.600855	0.579926	28.1052	-7.44346	-7.42259	28.2042	-6.84261	-6.84266	0.000262444	-0.441217	-0.334284	0.0102513
167601	0.392882	0.388122	0.000191679	0.587021	0.579909	28.0439	-7.42968	-7.42257	28.1427	-6.84265	-6.84266	0.000261965	-0.387149	-0.334222	0.010229
167801	0.379497	0.388134	0.000191262	0.567022	0.579927	27.9828	-7.40963	-7.42259	28.0814	-6.84261	-6.84266	0.000261296	-0.24863	-0.334285	0.0102063
168001	0.375606	0.388105	0.000191337	0.561208	0.579883	27.9937	-7.40387	-7.42254	28.0923	-6.84266	-6.84266	0.000260838	-0.201209	-0.334	0.010226
168201	0.402773	0.388127	0.000191314	0.601799	0.579917	27.9905	-7.44459	-7.42258	28.0894	-6.84279	-6.84266	0.000261722	-0.435068	-0.334113	0.0102251
168401	0.375411	0.388139	0.000191647	0.560917	0.579935	28.0391	-7.40364	-7.4226	28.1385	-6.84272	-6.84266	0.00026569	-0.212591	-0.334154	0.0102351
168601	0.40522	0.388121	0.000191337	0.605456	0.579907	27.9938	-7.4482	-7.42257	28.0929	-6.84275	-6.84266	0.000265171	-0.431774	-0.333968	0.0102238
168801	0.375586	0.388131	0.000191211	0.561178	0.579922	27.9753	-7.4039	-7.42258	28.0743	-6.84272	-6.84266	0.000265673	-0.233837	-0.334017	0.0102145
169001	0.394561	0.388132	0.000190842	0.589529	0.579924	27.9213	-7.43229	-7.42259	28.0201	-6.84276	-6.84266	0.000266731	-0.365429	-0.333982	0.0101951
169201	0.383932	0.388126	0.000190722	0.573648	0.579916	27.9039	-7.41633	-7.42258	28.0026	-6.84269	-6.84266	0.000266503	-0.303701	-0.333914	0.0101907
169401	0.381373	0.388134	0.000190764	0.569825	0.579927	27.91	-7.41252	-7.42259	28.0086	-6.8427	-6.84266	0.000266261	-0.29814	-0.333972	0.0101947
169601	0.393073	0.388134	0.0001906	0.587306	0.579928	27.886	-7.42999	-7.42259	27.9844	-6.84269	-6.84266	0.00026564	-0.371376	-0.33395	0.0101884
169801	0.368173	0.388136	0.000190599	0.550102	0.57993	27.8859	-7.39265	-7.42259	27.984	-6.84254	-6.84266	0.000265127	-0.190195	-0.333962	0.010188
170001	0.398939	0.388102	0.000191003	0.59607	0.579879	27.945	-7.4388	-7.42254	28.0436	-6.84273	-6.84266	0.000265873	-0.397482	-0.333711	0.0102069
170201	0.377651	0.388125	0.000191142	0.564263	0.579914	27.9653	-7.40689	-7.42258	28.0641	-6.84263	-6.84266	0.000265725	-0.258581	-0.33386	0.0102073
170401	0.394639	0.388109	0.000190774	0.589647	0.579889	27.9114	-7.43233	-7.42255	28.0101	-6.84269	-6.84266	0.000265212	-0.37004	-0.333737	0.0101873
170601	0.38414	0.388104	0.000190993	0.573959	0.579881	27.9434	-7.41654	-7.42254	28.0422	-6.84258	-6.84266	0.00026551	-0.297083	-0.333703	0.0101936
170801	0.38586	0.388121	0.000190987	0.576529	0.579907	27.9426	-7.41926	-7.42257	28.0415	-6.84273	-6.84266	0.000265896	-0.32024	-0.333842	0.010199
171001	0.3867	0.388123	0.000190585	0.577784	0.57991	27.8838	-7.42035	-7.42257	27.9825	-6.84257	-6.84266	0.000265657	-0.321788	-0.333869	0.0101759
171201	0.388758	0.388088	0.000190604	0.580859	0.579859	27.8865	-7.42346	-7.42252	27.9857	-6.8426	-6.84266	0.000267263	-0.360966	-0.333637	0.0101762
171401	0.376113	0.388117	0.00019064	0.561965	0.579902	27.8918	-7.40468	-7.42256	27.9912	-6.84271	-6.84266	0.000267842	-0.246322	-0.33386	0.0101784
171601	0.385602	0.388098	0.000190357	0.576143	0.579873	27.8505	-7.41882	-7.42254	27.9496	-6.84267	-6.84266	0.000267184	-0.323573	-0.333725	0.0101629
171801	0.382627	0.388101	0.000190352	0.571699	0.579877	27.8497	-7.41442	-7.42254	27.9486	-6.84272	-6.84266	0.000266923	-0.288033	-0.333773	0.0101664
172001	0.385674	0.388112	0.000190458	0.576251	0.579894	27.8651	-7.41891	-7.42256	27.9642	-6.84266	-6.84266	0.000266943	-0.31873	-0.333861	0.0101732
172201	0.382748	0.388101	0.000190054	0.571879	0.579877	27.806	-7.41459	-7.42254	27.9048	-6.84271	-6.84266	0.000266396	-0.289954	-0.333789	0.0101524
172401	0.364089	0.388099	0.000190298	0.544001	0.579875	27.8418	-7.38665	-7.42254	27.9407	-6.84264	-6.84266	0.000266119	-0.167089	-0.333801	0.010168
172601	0.382914	0.388098	0.000190851	0.572128	0.579873	27.9228	-7.41472	-7.42254	28.0218	-6.84259	-6.84266	0.00026586	-0.317355	-0.333814	0.0101969
172801	0.393162	0.388103	0.000190393	0.587439	0.579881	27.8557	-7.43012	-7.42254	27.9544	-6.84268	-6.84266	0.000265265	-0.368502	-0.33389	0.0101747
173001	0.38794	0.388105	0.000189999	0.579638	0.579884	27.7981	-7.42231	-7.42255	27.8967	-6.84268	-6.84266	0.000264637	-0.345502	-0.333916	0.0101575
173201	0.420498	0.388103	0.000190207	0.628283	0.57988	27.8284	-7.47102	-7.42254	27.9271	-6.84274	-6.84266	0.00026427	-0.576444	-0.333947	0.010164
173401	0.386207	0.388089	0.000191483	0.577048	0.57986	28.0152	-7.41974	-7.42252	28.1146	-6.84269	-6.84266	0.000264526	-0.310988	-0.33385	0.0102342
173601	0.379596	0.388113	0.000192004	0.567169	0.579896	28.0914	-7.40983	-7.42256	28.1914	-6.84266	-6.84266	0.000266048	-0.287016	-0.334001	0.0102551
173801	0.38363	0.388114	0.000191682	0.573197	0.579897	28.0443	-7.41582	-7.42256	28.1441	-6.84262	-6.84266	0.000265447	-0.306234	-0.334014	0.0102379
174001	0.41973	0.388114	0.000192924	0.627136	0.579897	28.226	-7.46998	-7.42256	28.327	-6.84284	-6.84266	0.000266726	-0.574953	-0.334037	0.0102993
174201	0.399106	0.388118	0.000192698	0.596321	0.579902	28.1929	-7.43905	-7.42257	28.2937	-6.84273	-6.84266	0.000267577	-0.416718	-0.334105	0.0102876
174401	0.391381	0.388119	0.000192249	0.584778	0.579905	28.1272	-7.42752	-7.42257	28.2277	-6.84274	-6.84266	0.000267558	-0.340576	-0.334104	0.0102625
174601	0.387291	0.388106	0.000192405	0.578667	0.579885	28.1501	-7.42129	-7.42255	28.2509	-6.84263	-6.84266	0.00026759	-0.307146	-0.334005	0.0102747
174801	0.398623	0.388116	0.000192471	0.595599	0.5799	28.1597	-7.43829	-7.42256	28.2604	-6.84269	-6.84266	0.000267063	-0.416481	-0.33404	0.0102721
175001	0.378521	0.388122	0.000192133	0.565563	0.579909	28.1103	-7.40831	-7.42257	28.2108	-6.84275	-6.84266	0.000267205	-0.262808	-0.334066	0.0102531
175201	0.382666	0.388122	0.000191713	0.571757	0.579908	28.0489	-7.41449	-7.42257	28.1491	-6.84273	-6.84266	0.000267052	-0.249259	-0.334014	0.0102322
175401	0.385265	0.388128	0.000191334	0.57564	0.579919	27.9933	-7.41835	-7.42258	28.0934	-6.84271	-6.84266	0.000267049	-0.308488	-0.334037	0.0102134
175601	0.39864	0.388124	0.000190895	0.595624	0.579912	27.9291	-7.43837	-7.42258	28.0289	-6.84274	-6.84266	0.000266769	-0.421327	-0.333985	0.0101923
175801	0.368182	0.388128	0.000190636	0.550116	0.579917	27.8912	-7.39272	-7.42258	27.991	-6.84261	-6.84266	0.000266643	-0.175666	-0.333992	0.0101787
176001	0.39039	0.388105	0.000191201	0.583298	0.579884	27.9739	-7.42601	-7.42255	28.0736	-6.84271	-6.84266	0.000266092	-0.335202	-0.333822	0.0102092
176201	0.388894	0.388125	0.000191052	0.581062	0.579913	27.9521	-7.42376	-7.42258	28.0521	-6.8427	-6.84266	0.000266929	-0.344798	-0.333945	0.0101965
176401	0.370382	0.388115	0.000190836	0.553403	0.579899	27.9204	-7.39601	-7.42256	28.0204	-6.8426	-6.84266	0.00026667	-0.201113	-0.333876	0.0101843
176601	0.373021	0.38812	0.000191039	0.557345	0.579906	27.9502	-7.39998	-7.42257	28.0501	-6.84264	-6.84266	0.000266299	-0.216138	-0.333886	0.0101937
176801	0.405125	0.38812	0.000191124	0.605314	0.579906	27.9626	-7.44798	-7.42257	28.0623	-6.84266	-6.84266	0.000265882	-0.455482	-0.333893	0.0101985
177001	0.409505	0.388121	0.000191092	0.611858	0.579908	27.9579	-7.45464	-7.42257	28.0577	-6.84278	-6.84266	0.000265756	-0.501926	-0.333916	0.0101964
177201	0.38748	0.388127	0.00019078	0.578949	0.579917	27.9123	-7.42159	-7.42258	28.012	-6.84264	-6.84266	0.000265552	-0.335529	-0.334002	0.0101812
177401	0.390964	0.388128	0.000190562	0.584155	0.579917	27.8804	-7.42686	-7.42258	27.9799	-6.8427	-6.84266	0.000264993	-0.373616	-0.334007	0.010172
177601	0.414949	0.388144	0.000190528	0.619992	0.579942	27.8754	-7.46272	-7.42261	27.9749	-6.84273	-6.84266	0.000265424	-0.52722	-0.334153	0.0101703
177801	0.406971	0.38812	0.000190871	0.608073	0.579905	27.9256	-7.45082	-7.42257	28.0252	-6.84274	-6.84266	0.000264962	-0.459802	-0.333916	0.0102021
178001	0.390492	0.38812	0.000192102	0.58345	0.579905	28.1057	-7.42611	-7.42257	28.206	-6.84266	-6.84266	0.00026529	-0.327763	-0.333883	0.0102636
178201	0.403078	0.38813	0.000191778	0.602255	0.579921	28.0583	-7.44508	-7.42259	28.1586	-6.84282	-6.84266	0.000266777	-0.444644	-0.333907	0.0102461
178401	0.380455	0.388138	0.000191479	0.568453	0.579932	28.0145	-7.41105	-7.4226	28.1147	-6.84259	-6.84266	0.000267302	-0.281687	-0.333939	0.0102294
178601	0.395661	0.388133	0.000191312	0.591173	0.579925	27.9902	-7.43384	-7.42259	28.0903	-6.84266	-6.84266	0.000266931	-0.395372	-0.333867	0.0102232
178801	0.37252	0.38813	0.000191052	0.556598	0.579921	27.9521	-7.39925	-7.42259	28.052	-6.84265	-6.84266	0.000266362	-0.205642	-0.333864	0.010207
179001	0.403524	0.388126	0.000190821	0.602922	0.579914	27.9182	-7.44559	-7.42258	28.018	-6.84267	-6.84266	0.000265731	-0.426954	-0.333779	0.0101961
179201	0.378189	0.388123	0.000190565	0.565067	0.579911	27.8809	-7.40776	-7.42258	27.9804	-6.84269	-6.84266	0.000265204	-0.250104	-0.333728	0.0101824
179401	0.37543	0.388133	0.000190402	0.560945	0.579926	27.857	-7.40355	-7.42259	27.9566	-6.8426	-6.84266	0.000265051	-0.238741	-0.333778	0.0101717
179601	0.399164	0.388137	0.000190558	0.596407	0.579932	27.8798	-7.43916	-7.4226	27.9795	-6.84275	-6.84266	0.000265064	-0.405534	-0.333805	0.0101762
179801	0.398847	0.388127	0.000190396	0.595933	0.579916	27.8561	-7.43856	-7.42258	27.9557	-6.84263	-6.84266	0.000264641	-0.413675	-0.333707	0.0101696
180001	0.372422	0.388126	0.000190002	0.556451	0.579915	27.7985	-7.39905	-7.42258	27.8979	-6.8426	-6.84266	0.000264273	-0.203524	-0.333708	0.0101491
180201	0.400003	0.388118	0.000190066	0.597661	0.579903	27.8078	-7.44041	-7.42257	27.9071	-6.84275	-6.84266	0.000263818	-0.412602	-0.333625	0.0101529
180401	0.368835	0.388134	0.000190117	0.551092	0.579927	27.8153	-7.39373	-7.42259	27.9146	-6.84264	-6.84266	0.000263735	-0.19712	-0.333743	0.0101543
180601	0.387877	0.388122	0.000189926	0.579543	0.579909	27.7874	-7.42217	-7.42257	27.8866	-6.84263	-6.84266	0.000263434	-0.313367	-0.333647	0.0101463
180801	0.396137	0.388144	0.000189702	0.591885	0.579942	27.7546	-7.43456	-7.42261	27.8538	-6.84267	-6.84266	0.000263103	-0.382803	-0.333808	0.0101353
181001	0.401044	0.388142	0.000190054	0.599215	0.579939	27.8062	-7.44187	-7.4226	27.9053	-6.84266	-6.84266	0.000262535	-0.424821	-0.333786	0.0101563
181201	0.381186	0.388133	0.000189898	0.569545	0.579925	27.7832	-7.41218	-7.42259	27.8823	-6.84263	-6.84266	0.000262089	-0.246094	-0.333672	0.0101496
181401	0.404596	0.388125	0.000189643	0.604523	0.579913	27.7459	-7.44731	-7.42258	27.8449	-6.84279	-6.84266	0.000262183	-0.468818	-0.333588	0.010139
181601	0.375663	0.388145	0.000189595	0.561293	0.579942	27.739	-7.40395	-7.42261	27.8382	-6.84266	-6.84266	0.000262814	-0.252657	-0.333733	0.0101373
181801	0.379575	0.388137	0.000189297	0.567138	0.579931	27.6954	-7.40974	-7.4226	27.7944	-6.84261	-6.84266	0.000262714	-0.26325	-0.333681	0.0101215
182001	0.405472	0.388147	0.000189135	0.605832	0.579947	27.6717	-7.44851	-7.42261	27.7706	-6.84267	-6.84266	0.000262309	-0.450179	-0.333742	0.0101115
182201	0.396263	0.388149	0.000189584	0.592073	0.579949	27.7373	-7.43474	-7.42261	27.8364	-6.84267	-6.84266	0.00026204	-0.379182	-0.333745	0.0101311
182401	0.396824	0.388145	0.000189392	0.592911	0.579944	27.7092	-7.43563	-7.42261	27.8082	-6.84272	-6.84266	0.00026169	-0.379128	-0.333716	0.010118
182601	0.385659	0.388129	0.000189174	0.576229	0.579919	27.6773	-7.41881	-7.42258	27.7765	-6.84258	-6.84266	0.000262434	-0.310057	-0.333586	0.010107
182801	0.409279	0.388136	0.000188909	0.61152	0.57993	27.6386	-7.45425	-7.42259	27.7377	-6.84273	-6.84266	0.000262039	-0.489792	-0.333629	0.010093
183001	0.360659	0.388134	0.000188739	0.538875	0.579926	27.6137	-7.38142	-7.42259	27.7128	-6.84255	-6.84266	0.000261889	-0.10112	-0.333605	0.0100874
183201	0.395173	0.388134	0.000188687	0.590444	0.579927	27.6061	-7.43314	-7.42259	27.7052	-6.84269	-6.84266	0.000261712	-0.396343	-0.333581	0.0100923
183401	0.395701	0.388136	0.000188446	0.591233	0.57993	27.5709	-7.43401	-7.42259	27.6699	-6.84277	-6.84266	0.000261986	-0.387498	-0.333604	0.0100815
183601	0.383501	0.388129	0.000188181	0.573005	0.579919	27.5321	-7.41575	-7.42258	27.6308	-6.84274	-6.84266	0.000261885	-0.279986	-0.333523	0.0100702
183801	0.37968	0.388129	0.000189262	0.567295	0.579919	27.6903	-7.40988	-7.42258	27.7898	-6.84258	-6.84266	0.000262747	-0.277855	-0.333493	0.0101261
184001	0.384291	0.388141	0.000189046	0.574185	0.579937	27.6586	-7.41684	-7.4226	27.758	-6.84265	-6.84266	0.000262276	-0.302301	-0.333556	0.0101112
184201	0.390749	0.388136	0.00018876	0.583834	0.57993	27.6167	-7.42655	-7.4226	27.716	-6.84271	-6.84266	0.000261821	-0.344433	-0.333533	0.0100978
184401	0.391505	0.388146	0.000188384	0.584964	0.579944	27.5617	-7.42756	-7.42261	27.6608	-6.8426	-6.84266	0.000261463	-0.364628	-0.333592	0.0100773
184601	0.395172	0.388126	0.000188342	0.590442	0.579914	27.5557	-7.43308	-7.42258	27.6551	-6.84263	-6.84266	0.000262915	-0.387464	-0.333438	0.0100774
184801	0.399637	0.388146	0.000188209	0.597113	0.579944	27.5361	-7.43979	-7.42261	27.6355	-6.84268	-6.84266	0.000262745	-0.433899	-0.333596	0.0100717
185001	0.381671	0.388131	0.000187955	0.570269	0.579922	27.4989	-7.41281	-7.42259	27.5984	-6.84254	-6.84266	0.0002634	-0.283993	-0.333512	0.0100562
185201	0.36417	0.388141	0.000187863	0.544121	0.579937	27.4856	-7.38658	-7.4226	27.5848	-6.84246	-6.84266	0.000264873	-0.165773	-0.333586	0.0100504
185401	0.418053	0.388124	0.000188353	0.624629	0.579912	27.5572	-7.46725	-7.42258	27.6571	-6.84263	-6.84266	0.000268276	-0.553914	-0.333495	0.0100698
185601	0.394328	0.388139	0.000188519	0.589182	0.579935	27.5815	-7.43181	-7.4226	27.6811	-6.84263	-6.84266	0.000267784	-0.378107	-0.333606	0.0100746
185801	0.404333	0.388128	0.000188735	0.604131	0.579918	27.6132	-7.44678	-7.42258	27.7132	-6.84265	-6.84266	0.000269135	-0.449929	-0.333542	0.0100818
186001	0.376514	0.388115	0.000188974	0.562565	0.579899	27.6481	-7.40509	-7.42256	27.7485	-6.84252	-6.84266	0.000270526	-0.252628	-0.333479	0.0100893
186201	0.377593	0.388117	0.000188723	0.564177	0.579902	27.6113	-7.40681	-7.42256	27.7115	-6.84263	-6.84266	0.000270292	-0.254149	-0.333486	0.0100755
186401	0.401634	0.388125	0.000188648	0.600098	0.579914	27.6004	-7.44264	-7.42258	27.7003	-6.84255	-6.84266	0.000270186	-0.430927	-0.333553	0.0100718
186601	0.3777	0.388098	0.000188771	0.564336	0.579873	27.6183	-7.40689	-7.42254	27.7188	-6.84256	-6.84266	0.00027273	-0.260169	-0.333382	0.0100711
186801	0.411852	0.388105	0.000188863	0.615364	0.579884	27.6318	-7.45818	-7.42255	27.7326	-6.84282	-6.84266	0.000273795	-0.48059	-0.333431	0.0100748
187001	0.395107	0.388103	0.000189142	0.590345	0.579881	27.6727	-7.43299	-7.42254	27.7737	-6.84265	-6.84266	0.000273972	-0.365815	-0.333412	0.0100831
187201	0.371403	0.3881	0.000188843	0.554929	0.579875	27.6289	-7.39758	-7.42254	27.7296	-6.84265	-6.84266	0.00027356	-0.21862	-0.333405	0.0100669
187401	0.38934	0.388107	0.000188564	0.581729	0.579887	27.5881	-7.42435	-7.42255	27.6886	-6.84262	-6.84266	0.00027299	-0.322334	-0.333445	0.0100501
187601	0.40839	0.388099	0.000188653	0.610192	0.579875	27.6011	-7.45292	-7.42254	27.7017	-6.84273	-6.84266	0.000272682	-0.471257	-0.333371	0.0100582
187801	0.394336	0.388096	0.000188644	0.589194	0.579871	27.5998	-7.43184	-7.42253	27.7003	-6.84264	-6.84266	0.000272322	-0.363359	-0.333327	0.0100585
188001	0.364337	0.388091	0.000188403	0.54437	0.579863	27.5645	-7.387	-7.42253	27.6649	-6.84263	-6.84266	0.000271971	-0.152323	-0.3333	0.0100455
188201	0.394151	0.388105	0.000188619	0.588916	0.579883	27.5962	-7.43163	-7.42255	27.6968	-6.84271	-6.84266	0.000272105	-0.408815	-0.333407	0.0100614
188401	0.390934	0.388103	0.000188908	0.58411	0.57988	27.6384	-7.42669	-7.42254	27.739	-6.84258	-6.84266	0.000271951	-0.366033	-0.333429	0.0100803
188601	0.383149	0.38809	0.000188724	0.572478	0.579862	27.6115	-7.4151	-7.42252	27.7121	-6.84262	-6.84266	0.000272217	-0.281585	-0.333313	0.010074
188801	0.386602	0.388082	0.000188459	0.577637	0.579849	27.5727	-7.42031	-7.42251	27.6731	-6.84267	-6.84266	0.000271705	-0.353343	-0.333279	0.0100588
189001	0.404281	0.388097	0.000188421	0.604053	0.579872	27.5671	-7.44679	-7.42253	27.6675	-6.84273	-6.84266	0.000271332	-0.455023	-0.333418	0.0100639
189201	0.382188	0.388088	0.000188209	0.571043	0.579858	27.5361	-7.41373	-7.42252	27.6363	-6.84269	-6.84266	0.000270959	-0.291033	-0.333333	0.0100551
189401	0.400145	0.388091	0.000188162	0.597872	0.579863	27.5293	-7.44056	-7.42253	27.6293	-6.84269	-6.84266	0.000270674	-0.426413	-0.333357	0.0100516
189601	0.386274	0.388097	0.000188083	0.577148	0.579871	27.5177	-7.41981	-7.42253	27.6176	-6.84266	-6.84266	0.000270322	-0.314049	-0.333444	0.0100486
189801	0.357968	0.388087	0.000187997	0.534854	0.579857	27.5051	-7.37747	-7.42252	27.6049	-6.84262	-6.84266	0.000269884	-0.116242	-0.333386	0.0100462
190001	0.378519	0.388106	0.000188826	0.565561	0.579885	27.6264	-7.40815	-7.42255	27.7269	-6.84259	-6.84266	0.000270658	-0.277051	-0.333513	0.0100853
190201	0.386778	0.388087	0.000188655	0.5779	0.579857	27.6014	-7.42062	-7.42252	27.702	-6.84272	-6.84266	0.000270919	-0.325439	-0.333405	0.0100703
190401	0.378475	0.388097	0.000189093	0.565495	0.579872	27.6655	-7.4081	-7.42253	27.7665	-6.8426	-6.84266	0.000271291	-0.290057	-0.333496	0.0100941
190601	0.383702	0.3881	0.000188918	0.573304	0.579877	27.6399	-7.41604	-7.42254	27.7409	-6.84274	-6.84266	0.000271316	-0.311449	-0.333548	0.0100836
190801	0.41225	0.388112	0.000188731	0.615959	0.579893	27.6125	-7.45869	-7.42256	27.7135	-6.84273	-6.84266	0.000272191	-0.515118	-0.333639	0.0100744
191001	0.364289	0.388098	0.000189315	0.544298	0.579874	27.6979	-7.38688	-7.42254	27.7993	-6.84258	-6.84266	0.000272443	-0.178725	-0.333549	0.0101124
191201	0.420545	0.388111	0.000189363	0.628353	0.579892	27.705	-7.47112	-7.42256	27.8065	-6.84277	-6.84266	0.000272556	-0.552367	-0.333629	0.0101101
191401	0.406981	0.388084	0.000190388	0.608086	0.579852	27.855	-7.45075	-7.42251	27.9569	-6.84267	-6.84266	0.000272471	-0.485489	-0.33343	0.0101654
191601	0.38686	0.38811	0.000190549	0.578024	0.57989	27.8786	-7.42072	-7.42255	27.9806	-6.8427	-6.84266	0.000272494	-0.339963	-0.333639	0.0101779
191801	0.399345	0.388101	0.000190425	0.596678	0.579878	27.8604	-7.43936	-7.42254	27.9622	-6.84268	-6.84266	0.000271955	-0.426559	-0.333583	0.0101735
192001	0.404345	0.388103	0.000190331	0.604148	0.579881	27.8466	-7.44686	-7.42254	27.9483	-6.84271	-6.84266	0.000271501	-0.442047	-0.333619	0.0101677
192201	0.3819	0.388106	0.000190319	0.570613	0.579886	27.8449	-7.41312	-7.42255	27.9467	-6.84251	-6.84266	0.000271883	-0.304141	-0.333648	0.0101618
192401	0.398281	0.388124	0.000190862	0.595089	0.579911	27.9242	-7.43778	-7.42257	28.0265	-6.8427	-6.84266	0.000272598	-0.383633	-0.33377	0.0101834
192601	0.403228	0.388104	0.00019082	0.60248	0.579883	27.9182	-7.44506	-7.42255	28.0205	-6.84258	-6.84266	0.000272377	-0.448706	-0.333623	0.0101825
192801	0.408179	0.388105	0.000190949	0.609877	0.579884	27.937	-7.45261	-7.42255	28.0392	-6.84273	-6.84266	0.000272535	-0.454913	-0.333626	0.0101872
193001	0.389628	0.388111	0.000190758	0.582159	0.579892	27.9091	-7.42477	-7.42255	28.0112	-6.84261	-6.84266	0.000272158	-0.350537	-0.33366	0.0101737
193201	0.398083	0.388108	0.000190437	0.594792	0.579888	27.8622	-7.43736	-7.42255	27.9641	-6.84257	-6.84266	0.000272302	-0.426606	-0.33364	0.0101578
193401	0.407417	0.388099	0.000190346	0.608738	0.579875	27.8487	-7.45136	-7.42254	27.9507	-6.84262	-6.84266	0.000273111	-0.493468	-0.333551	0.0101606
193601	0.390222	0.388105	0.000190554	0.583047	0.579884	27.8793	-7.42567	-7.42255	27.9812	-6.84262	-6.84266	0.000273688	-0.331556	-0.33361	0.010174
193801	0.413209	0.388109	0.000190311	0.617393	0.579889	27.8436	-7.46004	-7.42255	27.9453	-6.84265	-6.84266	0.000273255	-0.504675	-0.333582	0.0101622
194001	0.386725	0.388089	0.000190966	0.577821	0.57986	27.9395	-7.42033	-7.42252	28.0423	-6.84251	-6.84266	0.00027716	-0.31461	-0.33344	0.010195
194201	0.394937	0.388098	0.000190667	0.590091	0.579874	27.8957	-7.43269	-7.42254	27.9981	-6.8426	-6.84266	0.000277406	-0.375148	-0.333477	0.0101771
194401	0.396368	0.388095	0.000190505	0.592229	0.579869	27.8721	-7.4348	-7.42253	27.9744	-6.84257	-6.84266	0.000278197	-0.398875	-0.333432	0.0101711
194601	0.385145	0.388096	0.000190139	0.575461	0.579871	27.8186	-7.41809	-7.42253	27.9206	-6.84263	-6.84266	0.000278371	-0.31467	-0.333443	0.0101515
194801	0.370882	0.388085	0.000189909	0.554149	0.579854	27.7849	-7.39677	-7.42252	27.8869	-6.84262	-6.84266	0.000278326	-0.182118	-0.333343	0.0101419
195001	0.376115	0.388088	0.000189859	0.561969	0.579857	27.7775	-7.40464	-7.42252	27.8795	-6.84267	-6.84266	0.000278051	-0.225701	-0.333344	0.0101424
195201	0.38199	0.388098	0.000189982	0.570746	0.579873	27.7955	-7.41341	-7.42253	27.8975	-6.84266	-6.84266	0.00027767	-0.281267	-0.333414	0.0101512
195401	0.391324	0.388101	0.000190172	0.584693	0.579878	27.8233	-7.42731	-7.42254	27.9251	-6.84262	-6.84266	0.000277157	-0.315417	-0.333413	0.010159
195601	0.384381	0.388076	0.000190205	0.574319	0.579841	27.8282	-7.41691	-7.4225	27.9302	-6.84259	-6.84266	0.000277483	-0.287991	-0.333194	0.0101717
195801	0.375657	0.388074	0.000190471	0.561285	0.579837	27.8672	-7.40387	-7.4225	27.9691	-6.84259	-6.84266	0.00027766	-0.247824	-0.33318	0.0101835
196001	0.396921	0.388087	0.000190685	0.593055	0.579857	27.8984	-7.43583	-7.42252	28.0007	-6.84278	-6.84266	0.000278183	-0.386686	-0.333281	0.0101947
196201	0.369087	0.388085	0.000190736	0.551467	0.579854	27.9059	-7.39401	-7.42252	28.0083	-6.84254	-6.84266	0.000278457	-0.192483	-0.333247	0.0101964
196401	0.391286	0.38808	0.000190429	0.584637	0.579847	27.861	-7.42726	-7.42251	27.9632	-6.84262	-6.84266	0.000278627	-0.348098	-0.333177	0.0101815
196601	0.416225	0.388083	0.000190503	0.621899	0.579851	27.8717	-7.46464	-7.42251	27.974	-6.84275	-6.84266	0.000278357	-0.52904	-0.333184	0.0101835
196801	0.373226	0.388084	0.000190431	0.557652	0.579852	27.8612	-7.40034	-7.42251	27.9633	-6.84269	-6.84266	0.000277931	-0.215739	-0.333193	0.0101797
197001	0.389346	0.388085	0.000190363	0.581737	0.579853	27.8512	-7.42437	-7.42251	27.9532	-6.84264	-6.84266	0.000277476	-0.339002	-0.33317	0.010177
197201	0.38919	0.388089	0.00019037	0.581505	0.579859	27.8523	-7.4242	-7.42252	27.9543	-6.84269	-6.84266	0.000277195	-0.335704	-0.333193	0.0101761
197401	0.396833	0.388085	0.000190107	0.592924	0.579854	27.8139	-7.43557	-7.42251	27.9157	-6.84264	-6.84266	0.000276807	-0.406183	-0.333179	0.0101617
197601	0.394899	0.388087	0.000189847	0.590034	0.579856	27.7758	-7.43272	-7.42252	27.8775	-6.84269	-6.84266	0.00027635	-0.383797	-0.333203	0.0101467
197801	0.391908	0.388089	0.000189518	0.585566	0.57986	27.7277	-7.42819	-7.42252	27.8292	-6.84262	-6.84266	0.000275861	-0.36316	-0.333218	0.0101289
198001	0.389766	0.388091	0.000189265	0.582366	0.579862	27.6907	-7.42501	-7.42252	27.792	-6.84264	-6.84266	0.000275403	-0.329639	-0.333204	0.0101145
198201	0.387617	0.38808	0.000189079	0.579154	0.579846	27.6635	-7.42185	-7.42251	27.7647	-6.84269	-6.84266	0.000274932	-0.323353	-0.333127	0.0101045
198401	0.377087	0.388083	0.000188872	0.563421	0.57985	27.6331	-7.40612	-7.42251	27.7342	-6.8427	-6.84266	0.000274588	-0.248652	-0.333108	0.0100917
198601	0.358976	0.388068	0.000189104	0.53636	0.579828	27.667	-7.37894	-7.42249	27.7684	-6.84258	-6.84266	0.000275093	-0.112955	-0.332983	0.0101078
198801	0.372434	0.388074	0.000189674	0.556469	0.579837	27.7504	-7.39913	-7.4225	27.8518	-6.84266	-6.84266	0.000274662	-0.204972	-0.333004	0.010138
199001	0.39588	0.388071	0.000189358	0.5915	0.579832	27.7043	-7.43412	-7.42249	27.8054	-6.84262	-6.84266	0.00027437	-0.398183	-0.332973	0.0101216
199201	0.388365	0.38808	0.000189208	0.580273	0.579845	27.6823	-7.42296	-7.42251	27.7832	-6.84269	-6.84266	0.00027391	-0.33108	-0.333033	0.0101126
199401	0.404063	0.388081	0.000188908	0.603727	0.579848	27.6385	-7.44647	-7.42251	27.7393	-6.84274	-6.84266	0.000273611	-0.453626	-0.333027	0.0100965
199601	0.405363	0.388073	0.000189231	0.605669	0.579836	27.6857	-7.4484	-7.4225	27.7865	-6.84273	-6.84266	0.000273301	-0.458232	-0.332963	0.0101181
199801	0.394571	0.38808	0.000188992	0.589544	0.579846	27.6507	-7.43225	-7.42251	27.7515	-6.8427	-6.84266	0.000273194	-0.376266	-0.333001	0.0101045
