timestep            	T              	T_{ave}             	T_{var}           	K/N            	K_{ave}/N           	K_{var}           	U/N            	U_{ave}/N           	U_{var}           	E/N            	E_{ave}/N           	E_{var}           	P              	P_{ave}             	P_{var}
100001	0.538227	0.538227	0	0.804187	0.804187	0	-7.273	-7.273	0	-6.46881	-6.46881	0	0.61642	0.61642	0
100201	0.565421	0.513104	0.000642825	0.844818	0.766649	94.0493	-7.31384	-7.23551	94.3179	-6.46903	-6.46886	0.000435601	0.453118	0.82062	0.0327982
100401	0.525713	0.521204	0.000717506	0.785489	0.778753	104.976	-7.25445	-7.24766	105.318	-6.46896	-6.46891	0.000451634	0.741579	0.767757	0.0366171
100601	0.523079	0.520941	0.000505186	0.781553	0.77836	73.9119	-7.25047	-7.24728	74.149	-6.46891	-6.46892	0.000324789	0.747444	0.771573	0.0260591
100801	0.517013	0.523526	0.000495103	0.77249	0.782221	72.4367	-7.24131	-7.25114	72.6583	-6.46882	-6.46892	0.000297587	0.814777	0.752935	0.0256437
101001	0.55168	0.522254	0.000476513	0.824288	0.780321	69.7169	-7.29328	-7.24923	69.9465	-6.469	-6.46891	0.000306662	0.551394	0.765669	0.0249297
101201	0.507215	0.521454	0.000475732	0.75785	0.779125	69.6026	-7.22666	-7.24803	69.8578	-6.46881	-6.4689	0.000358794	0.838248	0.768608	0.024605
101401	0.524161	0.523703	0.000496103	0.78317	0.782486	72.5829	-7.25201	-7.25139	72.8284	-6.46884	-6.4689	0.00033152	0.740173	0.748818	0.0266715
101601	0.521219	0.520979	0.000516255	0.778774	0.778415	75.5314	-7.24754	-7.24729	75.8587	-6.46877	-6.46888	0.000676869	0.755014	0.768537	0.0273223
101801	0.509232	0.521405	0.000554925	0.760864	0.779053	81.1891	-7.22968	-7.24793	81.4895	-6.46881	-6.46887	0.000623745	0.838438	0.764116	0.0293327
102001	0.507406	0.52144	0.000510489	0.758136	0.779104	74.6877	-7.22698	-7.24797	74.9582	-6.46885	-6.46887	0.000575253	0.841988	0.762928	0.026912
102201	0.523081	0.522037	0.00048816	0.781557	0.779996	71.4208	-7.25037	-7.24886	71.6733	-6.46881	-6.46887	0.000536466	0.751192	0.759168	0.0256195
102401	0.506151	0.521999	0.000477894	0.756261	0.77994	69.9188	-7.22512	-7.2488	70.1558	-6.46886	-6.46886	0.00049954	0.868221	0.758998	0.0250496
102601	0.509873	0.521874	0.000456758	0.761821	0.779752	66.8265	-7.23065	-7.24861	67.0467	-6.46882	-6.46886	0.000480434	0.866143	0.760164	0.024022
102801	0.531383	0.520936	0.000445016	0.793961	0.778352	65.1086	-7.26279	-7.24721	65.324	-6.46883	-6.46886	0.000468409	0.705121	0.766907	0.0234134
103001	0.530006	0.521013	0.00042297	0.791903	0.778467	61.8831	-7.26081	-7.24732	62.0837	-6.46891	-6.46886	0.00043833	0.695276	0.766668	0.0222069
103201	0.514992	0.521247	0.000410577	0.769471	0.778816	60.07	-7.23838	-7.24767	60.2621	-6.4689	-6.46886	0.000420937	0.821447	0.764429	0.0216548
103401	0.523997	0.521664	0.000397729	0.782925	0.779439	58.1902	-7.25175	-7.2483	58.3766	-6.46882	-6.46886	0.000405812	0.737992	0.761272	0.0210257
103601	0.50292	0.521766	0.000393051	0.751433	0.779592	57.5058	-7.22027	-7.24845	57.6907	-6.46884	-6.46886	0.000393722	0.857993	0.759506	0.0206753
103801	0.514943	0.521533	0.000383076	0.769397	0.779244	56.0465	-7.23821	-7.2481	56.2297	-6.46882	-6.46886	0.000408739	0.796178	0.760704	0.0201675
104001	0.542463	0.521659	0.000373474	0.810516	0.779432	54.6416	-7.27946	-7.24829	54.82	-6.46894	-6.46886	0.000392193	0.616201	0.760531	0.0196148
104201	0.520902	0.521303	0.000372034	0.778301	0.778899	54.4309	-7.24708	-7.24775	54.6103	-6.46878	-6.46886	0.000392975	0.788819	0.763739	0.0196895
104401	0.492024	0.521249	0.000361467	0.735153	0.778819	52.8849	-7.20399	-7.24767	53.0571	-6.46883	-6.46885	0.000377039	0.932595	0.763992	0.01899
104601	0.524153	0.521559	0.000371777	0.783159	0.779283	54.3933	-7.25197	-7.24814	54.5683	-6.46881	-6.46886	0.000370034	0.745415	0.761218	0.019427
104801	0.52712	0.521675	0.000362628	0.787592	0.779456	53.0548	-7.25644	-7.24831	53.2227	-6.46885	-6.46886	0.000356315	0.733464	0.760549	0.018908
105001	0.51903	0.521307	0.000360612	0.775504	0.778906	52.7598	-7.24435	-7.24776	52.9236	-6.46885	-6.46886	0.000344001	0.774399	0.763027	0.0187987
105201	0.508846	0.521646	0.000353938	0.760287	0.779413	51.7833	-7.22917	-7.24827	51.9448	-6.46888	-6.46886	0.000336913	0.849912	0.760178	0.0185661
105401	0.526171	0.521654	0.000344094	0.786173	0.779425	50.3431	-7.255	-7.24828	50.4982	-6.46882	-6.46886	0.000325229	0.72396	0.759849	0.0180203
105601	0.541184	0.521468	0.000336154	0.808605	0.779146	49.1815	-7.27753	-7.248	49.3319	-6.46892	-6.46886	0.000317042	0.610294	0.760847	0.0175737
105801	0.51931	0.521782	0.000331439	0.775922	0.779616	48.4915	-7.24477	-7.24847	48.6397	-6.46885	-6.46886	0.000308919	0.763908	0.758111	0.0173525
106001	0.524155	0.521706	0.000329724	0.783162	0.779502	48.2407	-7.25208	-7.24836	48.3838	-6.46892	-6.46886	0.000302808	0.734245	0.75908	0.0174235
106201	0.525254	0.522055	0.00033234	0.784804	0.780024	48.6234	-7.25372	-7.24888	48.7684	-6.46891	-6.46886	0.000299534	0.733312	0.755982	0.0176465
106401	0.524373	0.521881	0.000331971	0.783488	0.779764	48.5695	-7.25234	-7.24862	48.7105	-6.46885	-6.46886	0.00029138	0.720173	0.757234	0.0175975
106601	0.503015	0.521873	0.000325428	0.751575	0.779751	47.6121	-7.22031	-7.24861	47.7506	-6.46874	-6.46886	0.00028969	0.889383	0.757397	0.0172065
106801	0.502684	0.521514	0.00032204	0.75108	0.779215	47.1165	-7.21988	-7.24807	47.257	-6.4688	-6.46886	0.000294948	0.897326	0.760428	0.0171036
107001	0.555588	0.521818	0.000325089	0.830127	0.77967	47.5625	-7.29906	-7.24853	47.7024	-6.46893	-6.46886	0.000292128	0.498028	0.757522	0.017409
107201	0.5229	0.521807	0.000323613	0.781286	0.779653	47.3466	-7.25013	-7.24851	47.4829	-6.46885	-6.46886	0.000287712	0.76061	0.757847	0.0173757
107401	0.541051	0.521765	0.000316692	0.808406	0.77959	46.334	-7.27726	-7.24845	46.4674	-6.46885	-6.46886	0.000282662	0.63078	0.75813	0.0169925
107601	0.511853	0.521807	0.00031942	0.764781	0.779653	46.7331	-7.23364	-7.24851	46.8662	-6.46886	-6.46886	0.000278791	0.826788	0.757731	0.0171065
107801	0.512886	0.521889	0.000315953	0.766324	0.779775	46.2259	-7.23527	-7.24863	46.3582	-6.46895	-6.46886	0.000277292	0.815831	0.756976	0.0169399
108001	0.495239	0.521714	0.000312122	0.739957	0.779515	45.6655	-7.20874	-7.24837	45.798	-6.46878	-6.46886	0.000279207	0.937777	0.758482	0.016737
108201	0.51427	0.52205	0.000323401	0.768391	0.780015	47.3156	-7.23715	-7.24887	47.4519	-6.46875	-6.46886	0.000278197	0.794234	0.756012	0.0172637
108401	0.530198	0.521925	0.000323756	0.792191	0.779829	47.3675	-7.26103	-7.24869	47.5062	-6.46884	-6.46886	0.000279767	0.671761	0.756978	0.0172191
108601	0.49681	0.521938	0.00031777	0.742304	0.779849	46.4917	-7.21106	-7.2487	46.6271	-6.46876	-6.46886	0.000282185	0.958929	0.756504	0.0169346
108801	0.551356	0.521982	0.000331528	0.823804	0.779915	48.5047	-7.2928	-7.24877	48.6523	-6.469	-6.46886	0.000295477	0.566519	0.756706	0.0177815
109001	0.536234	0.521878	0.000331293	0.801209	0.779759	48.4702	-7.27008	-7.24862	48.6144	-6.46887	-6.46886	0.000292043	0.654757	0.757449	0.0177282
109201	0.538149	0.521875	0.000328437	0.804071	0.779754	48.0523	-7.27301	-7.24861	48.1958	-6.46894	-6.46886	0.000288922	0.648703	0.757521	0.0175764
109401	0.503914	0.521867	0.000323678	0.752918	0.779742	47.3561	-7.22175	-7.2486	47.497	-6.46884	-6.46886	0.000284511	0.885633	0.757569	0.0173319
109601	0.552225	0.522104	0.000330402	0.825102	0.780098	48.3399	-7.29407	-7.24896	48.4886	-6.46896	-6.46886	0.00029768	0.569794	0.755811	0.0176351
109801	0.518006	0.521852	0.000333512	0.773973	0.77972	48.7949	-7.2428	-7.24858	48.9482	-6.46883	-6.46886	0.000302444	0.753543	0.757621	0.0177583
110001	0.535486	0.522057	0.000332393	0.800092	0.780027	48.6312	-7.26902	-7.24889	48.7868	-6.46893	-6.46886	0.000313262	0.696473	0.756096	0.017736
110201	0.52704	0.521958	0.000336377	0.787472	0.779878	49.214	-7.25632	-7.24874	49.373	-6.46885	-6.46886	0.000316487	0.704643	0.756845	0.0178354
110401	0.527517	0.522126	0.000333794	0.788185	0.780129	48.8362	-7.25696	-7.24899	48.993	-6.46877	-6.46886	0.000312011	0.710399	0.755518	0.0176746
110601	0.490502	0.521953	0.000333146	0.732879	0.77987	48.7414	-7.20162	-7.24873	48.8994	-6.46874	-6.46886	0.000313667	0.999057	0.757068	0.0176812
110801	0.545314	0.522067	0.000330584	0.814775	0.780041	48.3665	-7.28366	-7.2489	48.5234	-6.46889	-6.46886	0.000311115	0.58503	0.756344	0.0175611
111001	0.534358	0.5221	0.000326392	0.798406	0.780092	47.7532	-7.26718	-7.24895	47.9071	-6.46877	-6.46886	0.000312025	0.63275	0.755938	0.0173843
111201	0.521377	0.522006	0.000324127	0.779011	0.779951	47.4218	-7.24774	-7.24881	47.5756	-6.46872	-6.46885	0.000323247	0.729797	0.756257	0.017258
111401	0.512484	0.52187	0.000321763	0.765723	0.779748	47.0759	-7.23451	-7.2486	47.2299	-6.46878	-6.46885	0.000326893	0.794452	0.75721	0.017085
111601	0.543685	0.52196	0.000327001	0.812342	0.779881	47.8423	-7.28118	-7.24873	47.9945	-6.46884	-6.46885	0.000324484	0.617536	0.75642	0.0174176
111801	0.496585	0.52192	0.000328968	0.741968	0.779822	48.1301	-7.21073	-7.24867	48.2807	-6.46876	-6.46885	0.000320179	0.941449	0.756912	0.0175099
112001	0.524382	0.521847	0.000325373	0.783501	0.779713	47.6041	-7.25247	-7.24856	47.7533	-6.46897	-6.46885	0.000322002	0.764796	0.757578	0.0173118
112201	0.545203	0.52194	0.000321112	0.814609	0.779851	46.9807	-7.28349	-7.2487	47.129	-6.46888	-6.46885	0.000324642	0.595224	0.757213	0.017062
112401	0.51971	0.522017	0.000326843	0.776519	0.779967	47.8192	-7.24537	-7.24882	47.9677	-6.46886	-6.46885	0.000320729	0.764151	0.756677	0.0173585
112601	0.510087	0.521814	0.000332111	0.762141	0.779664	48.5899	-7.23095	-7.24852	48.7382	-6.46881	-6.46885	0.000317225	0.854974	0.758198	0.0176137
112801	0.515167	0.522047	0.000338778	0.769732	0.780012	49.5653	-7.23867	-7.24887	49.7194	-6.46893	-6.46885	0.000322503	0.814017	0.756509	0.0179647
113001	0.55073	0.521902	0.000338746	0.822867	0.779795	49.5606	-7.29173	-7.24865	49.7127	-6.46886	-6.46885	0.000321093	0.548572	0.757629	0.0179708
113201	0.483562	0.521951	0.000341051	0.722509	0.779869	49.8979	-7.19132	-7.24872	50.0491	-6.46881	-6.46885	0.000316853	1.05402	0.757425	0.0180887
113401	0.536945	0.521909	0.000347741	0.802271	0.779806	50.8767	-7.27119	-7.24866	51.0293	-6.46892	-6.46885	0.000319337	0.659362	0.758139	0.0184279
113601	0.477594	0.522029	0.000349039	0.713592	0.779984	51.0666	-7.18225	-7.24884	51.2205	-6.46866	-6.46885	0.000321671	1.04949	0.757173	0.0184667
113801	0.541292	0.521905	0.000355633	0.808766	0.779799	52.0313	-7.27772	-7.24865	52.1927	-6.46896	-6.46885	0.000331216	0.597372	0.758153	0.0187362
114001	0.517319	0.522082	0.000355076	0.772947	0.780065	51.9498	-7.24172	-7.24892	52.1117	-6.46877	-6.46885	0.000330461	0.793318	0.756773	0.0187377
114201	0.507454	0.521899	0.000354802	0.758207	0.779791	51.9098	-7.22696	-7.24864	52.075	-6.46875	-6.46885	0.000346479	0.843343	0.758116	0.018758
114401	0.523843	0.522036	0.000353038	0.782696	0.779996	51.6517	-7.25154	-7.24885	51.8143	-6.46884	-6.46885	0.000343892	0.745924	0.757056	0.0186537
114601	0.501017	0.521816	0.000353202	0.74859	0.779667	51.6757	-7.2174	-7.24852	51.8411	-6.46881	-6.46885	0.000352282	0.911558	0.758597	0.0186508
114801	0.478813	0.521818	0.000358359	0.715415	0.779669	52.4302	-7.18416	-7.24852	52.5973	-6.46874	-6.46885	0.000350505	1.05486	0.758527	0.0188744
115001	0.51981	0.521879	0.000357533	0.776669	0.779761	52.3093	-7.24543	-7.24861	52.4739	-6.46876	-6.46885	0.000350903	0.753262	0.757761	0.0188708
115201	0.534614	0.521918	0.000355907	0.798788	0.779819	52.0715	-7.26761	-7.24867	52.2347	-6.46883	-6.46885	0.000347822	0.666616	0.757236	0.018783
115401	0.505323	0.521843	0.000352978	0.755024	0.779707	51.6429	-7.22383	-7.24856	51.8049	-6.4688	-6.46885	0.00034457	0.881401	0.757834	0.0186292
115601	0.515043	0.521801	0.000349089	0.769547	0.779644	51.0739	-7.23835	-7.24849	51.2344	-6.4688	-6.46885	0.000342802	0.796855	0.758234	0.0184237
115801	0.494221	0.521733	0.000345803	0.738436	0.779542	50.5931	-7.20723	-7.24839	50.7529	-6.4688	-6.46885	0.000349742	0.946068	0.758608	0.0182394
116001	0.513314	0.521823	0.000346868	0.766963	0.779677	50.7489	-7.23596	-7.24852	50.9101	-6.469	-6.46885	0.000355315	0.790988	0.757898	0.018268
116201	0.521976	0.521855	0.000344447	0.779905	0.779724	50.3947	-7.24871	-7.24857	50.5563	-6.46881	-6.46885	0.000358943	0.724715	0.757461	0.0181546
116401	0.489821	0.521792	0.000343015	0.731861	0.77963	50.1853	-7.20066	-7.24848	50.3453	-6.4688	-6.46885	0.000356039	0.982608	0.757759	0.0180686
116601	0.488931	0.521961	0.000347513	0.730532	0.779883	50.8434	-7.19941	-7.24873	51.0048	-6.46888	-6.46885	0.000354668	0.976965	0.756408	0.018319
116801	0.53244	0.521757	0.000348738	0.795541	0.779579	51.0225	-7.26446	-7.24843	51.1821	-6.46892	-6.46885	0.000351028	0.680491	0.757857	0.018371
117001	0.516908	0.521787	0.000347976	0.772333	0.779623	50.911	-7.24114	-7.24847	51.0701	-6.46881	-6.46885	0.000350771	0.8029	0.757666	0.0183216
117201	0.509907	0.521787	0.000346677	0.761872	0.779624	50.721	-7.23073	-7.24847	50.8787	-6.46886	-6.46885	0.000347238	0.844377	0.757742	0.0182537
117401	0.492888	0.521828	0.00034497	0.736444	0.779684	50.4713	-7.20526	-7.24853	50.6274	-6.46881	-6.46885	0.000343626	0.974936	0.75751	0.0181623
117601	0.558923	0.521833	0.000349895	0.835109	0.779692	51.1918	-7.30405	-7.24854	51.3499	-6.46894	-6.46885	0.000343099	0.471777	0.757334	0.0184572
117801	0.515303	0.5218	0.000350768	0.769936	0.779643	51.3195	-7.23873	-7.24849	51.4763	-6.46879	-6.46885	0.000340433	0.78668	0.757272	0.0184962
118001	0.526373	0.521694	0.000348877	0.786475	0.779484	51.0429	-7.25531	-7.24833	51.201	-6.46884	-6.46885	0.000347774	0.702584	0.757884	0.018384
118201	0.511229	0.521778	0.000347672	0.763849	0.77961	50.8665	-7.23258	-7.24846	51.0238	-6.46873	-6.46885	0.000346085	0.799085	0.757197	0.0183358
118401	0.529773	0.52178	0.000344939	0.791555	0.779613	50.4667	-7.26034	-7.24846	50.6224	-6.46878	-6.46885	0.000353943	0.676508	0.756806	0.0181888
118601	0.531335	0.521775	0.000346045	0.793889	0.779605	50.6286	-7.26262	-7.24845	50.783	-6.46873	-6.46885	0.000356253	0.698812	0.756752	0.0182265
118801	0.520561	0.521665	0.000343947	0.777791	0.77944	50.3216	-7.24659	-7.24828	50.4756	-6.4688	-6.46884	0.000355375	0.759115	0.757544	0.0181139
119001	0.511544	0.521704	0.000343341	0.764318	0.779499	50.233	-7.23304	-7.24834	50.3854	-6.46872	-6.46884	0.000355115	0.816463	0.757074	0.0180674
119201	0.515288	0.521646	0.00034145	0.769912	0.779413	49.9563	-7.23862	-7.24826	50.1083	-6.46871	-6.46884	0.000358909	0.780145	0.757285	0.0179568
119401	0.483288	0.52163	0.000341132	0.7221	0.779389	49.9097	-7.1908	-7.24823	50.0617	-6.4687	-6.46884	0.000360715	1.00689	0.757279	0.0179464
119601	0.544884	0.521702	0.000345763	0.814133	0.779496	50.5873	-7.28298	-7.24834	50.7407	-6.46885	-6.46884	0.000362059	0.587832	0.756705	0.0181479
119801	0.525429	0.521644	0.000344768	0.785065	0.77941	50.4416	-7.25392	-7.24825	50.5938	-6.46885	-6.46884	0.000358871	0.723916	0.757014	0.0180655
120001	0.504619	0.521649	0.000342349	0.753972	0.779417	50.0878	-7.22284	-7.24826	50.2386	-6.46887	-6.46884	0.000355774	0.878495	0.756986	0.017934
120201	0.527633	0.521736	0.000346684	0.788358	0.779546	50.7221	-7.25732	-7.24839	50.8755	-6.46897	-6.46884	0.000360811	0.711757	0.756413	0.0182259
120401	0.507104	0.521663	0.000344634	0.757685	0.779438	50.4222	-7.2265	-7.24828	50.5748	-6.46881	-6.46884	0.000360314	0.855809	0.757007	0.0181079
120601	0.522727	0.521624	0.000341851	0.781027	0.77938	50.015	-7.24976	-7.24822	50.1669	-6.46873	-6.46884	0.000362387	0.756315	0.757438	0.0179715
120801	0.530413	0.52163	0.000344619	0.792511	0.779388	50.4199	-7.26141	-7.24823	50.5724	-6.4689	-6.46884	0.000362106	0.686708	0.757201	0.0180931
121001	0.543412	0.521599	0.000343022	0.811935	0.779342	50.1863	-7.28082	-7.24818	50.3372	-6.46888	-6.46884	0.000359195	0.626922	0.757305	0.0179869
121201	0.515224	0.521684	0.000344479	0.769817	0.779469	50.3994	-7.23874	-7.24831	50.5514	-6.46892	-6.46884	0.00036272	0.81627	0.75687	0.0180315
121401	0.503753	0.52161	0.00034259	0.752678	0.779358	50.1231	-7.22149	-7.2482	50.274	-6.46881	-6.46884	0.000360626	0.897843	0.757578	0.0179431
121601	0.542709	0.521701	0.000341967	0.810884	0.779494	50.0319	-7.27983	-7.24834	50.184	-6.46895	-6.46884	0.000363461	0.607419	0.757064	0.0178956
121801	0.549019	0.521659	0.00034058	0.820312	0.779432	49.8289	-7.28921	-7.24828	49.9804	-6.4689	-6.46884	0.000361004	0.569986	0.757402	0.0178317
122001	0.510083	0.5217	0.00033895	0.762136	0.779493	49.5904	-7.23098	-7.24834	49.741	-6.46884	-6.46884	0.000358376	0.833999	0.757082	0.0177407
122201	0.529314	0.52172	0.000336492	0.790869	0.779523	49.2309	-7.25977	-7.24837	49.3804	-6.4689	-6.46884	0.000356105	0.72577	0.756887	0.0176128
122401	0.523788	0.521689	0.000335957	0.782613	0.779477	49.1526	-7.25147	-7.24832	49.3009	-6.46885	-6.46884	0.00035318	0.734412	0.75718	0.0176283
122601	0.541065	0.521732	0.000335231	0.808428	0.779541	49.0464	-7.27731	-7.24838	49.194	-6.46888	-6.46884	0.000350463	0.619202	0.756694	0.0176001
122801	0.534014	0.521679	0.000333908	0.797893	0.779461	48.8529	-7.26673	-7.24831	48.9992	-6.46884	-6.46884	0.000347495	0.650924	0.757137	0.0175377
123001	0.513553	0.521758	0.000337221	0.767321	0.77958	49.3375	-7.23619	-7.24842	49.4841	-6.46887	-6.46884	0.00034599	0.819034	0.756604	0.0177089
123201	0.500878	0.521767	0.000340182	0.748383	0.779594	49.7707	-7.21716	-7.24844	49.9176	-6.46878	-6.46884	0.000344024	0.916172	0.756561	0.0178752
123401	0.510475	0.521594	0.00034144	0.762722	0.779335	49.9548	-7.2315	-7.24818	50.103	-6.46878	-6.46884	0.000343942	0.838027	0.757893	0.017963
123601	0.513761	0.521711	0.000342441	0.767632	0.779509	50.1013	-7.23653	-7.24835	50.2511	-6.46889	-6.46884	0.000345607	0.830607	0.757106	0.017999
123801	0.562914	0.521628	0.000342831	0.841072	0.779386	50.1582	-7.31001	-7.24823	50.3075	-6.46893	-6.46884	0.000343264	0.464703	0.757785	0.0180272
124001	0.482189	0.521639	0.000344643	0.720459	0.779403	50.4235	-7.18912	-7.24825	50.5748	-6.46866	-6.46884	0.000346655	1.05026	0.75765	0.0181169
124201	0.528378	0.521602	0.000344095	0.78947	0.779346	50.3432	-7.2583	-7.24819	50.4949	-6.46883	-6.46884	0.00034622	0.722183	0.757892	0.0181036
124401	0.514557	0.5216	0.000341996	0.768821	0.779344	50.0361	-7.23764	-7.24819	50.1865	-6.46882	-6.46884	0.000343549	0.801155	0.757982	0.0179944
124601	0.512226	0.52161	0.000341039	0.765338	0.779359	49.8961	-7.23409	-7.2482	50.0459	-6.46875	-6.46884	0.00034151	0.83226	0.757966	0.0179498
124801	0.534258	0.5216	0.000340749	0.798257	0.779344	49.8537	-7.26713	-7.24819	50.0041	-6.46887	-6.46884	0.000341536	0.651783	0.758011	0.0179453
125001	0.532479	0.521581	0.000340985	0.795598	0.779315	49.8882	-7.26447	-7.24816	50.0383	-6.46887	-6.46884	0.000339473	0.674312	0.758047	0.0179217
125201	0.543571	0.521617	0.000340622	0.812172	0.779369	49.8351	-7.28104	-7.24821	49.9843	-6.46886	-6.46884	0.000336977	0.577077	0.757859	0.0179259
125401	0.526951	0.521575	0.000340357	0.787339	0.779307	49.7963	-7.25622	-7.24815	49.9451	-6.46888	-6.46884	0.000335166	0.708908	0.758035	0.0179096
125601	0.524377	0.521582	0.000341716	0.783493	0.779317	49.9952	-7.25234	-7.24816	50.1444	-6.46885	-6.46884	0.000334429	0.728009	0.757984	0.0179647
125801	0.486038	0.521645	0.000342725	0.726209	0.779412	50.1428	-7.1951	-7.24826	50.2921	-6.46889	-6.46884	0.000334287	1.01371	0.75747	0.0180302
126001	0.531628	0.521695	0.000345375	0.794328	0.779486	50.5305	-7.26328	-7.24833	50.681	-6.46895	-6.46884	0.000335619	0.687989	0.757139	0.0181653
126201	0.523168	0.521622	0.000343951	0.781687	0.779377	50.3222	-7.25058	-7.24822	50.4718	-6.46889	-6.46884	0.000334251	0.748802	0.757613	0.0180789
126401	0.529528	0.521614	0.000342428	0.79119	0.779364	50.0993	-7.26012	-7.24821	50.2478	-6.46893	-6.46885	0.000334822	0.728581	0.757797	0.0179981
126601	0.548427	0.521646	0.000341154	0.819427	0.779413	49.9129	-7.28827	-7.24826	50.0608	-6.46885	-6.46885	0.000333934	0.583085	0.757627	0.0179172
126801	0.532768	0.521538	0.000342836	0.79603	0.779251	50.1591	-7.26486	-7.2481	50.308	-6.46883	-6.46885	0.000334033	0.665135	0.758514	0.0180364
127001	0.51556	0.521598	0.000342725	0.77032	0.779341	50.1428	-7.23927	-7.24819	50.291	-6.46895	-6.46885	0.000333579	0.814177	0.758126	0.0180265
127201	0.553594	0.521596	0.000345731	0.827148	0.779338	50.5825	-7.29604	-7.24818	50.731	-6.46889	-6.46885	0.000333138	0.533922	0.758182	0.0181737
127401	0.520699	0.521622	0.000344281	0.777998	0.779376	50.3705	-7.24681	-7.24822	50.5182	-6.46881	-6.46885	0.000331361	0.727875	0.757993	0.0180913
127601	0.561483	0.521608	0.000345654	0.838934	0.779356	50.5713	-7.30777	-7.2482	50.7194	-6.46883	-6.46885	0.000334066	0.463766	0.758055	0.018182
127801	0.536626	0.521653	0.000347526	0.801795	0.779423	50.8452	-7.27066	-7.24827	50.9935	-6.46887	-6.46885	0.000333201	0.665805	0.757632	0.0182788
128001	0.507324	0.521548	0.000347648	0.758013	0.779266	50.863	-7.22679	-7.24811	51.0131	-6.46877	-6.46885	0.000336756	0.860685	0.758283	0.0182548
128201	0.526435	0.521609	0.000347016	0.786568	0.779358	50.7706	-7.25551	-7.2482	50.9213	-6.46894	-6.46885	0.000339563	0.709575	0.757955	0.0182274
128401	0.502674	0.521624	0.000346115	0.751066	0.77938	50.6388	-7.21993	-7.24823	50.7893	-6.46887	-6.46885	0.000340868	0.905852	0.757965	0.018173
128601	0.491488	0.521539	0.000347205	0.734352	0.779253	50.7982	-7.20315	-7.2481	50.9489	-6.46879	-6.46885	0.000339428	0.946808	0.758637	0.0182406
128801	0.504892	0.52167	0.000351547	0.75438	0.779449	51.4335	-7.22327	-7.2483	51.5884	-6.46889	-6.46885	0.000346342	0.876282	0.757716	0.0184427
129001	0.53747	0.521618	0.000350835	0.803056	0.77937	51.3293	-7.27192	-7.24822	51.4828	-6.46886	-6.46885	0.000344194	0.633963	0.758106	0.0183996
129201	0.514314	0.521636	0.000352528	0.768458	0.779398	51.5771	-7.23729	-7.24825	51.7315	-6.46883	-6.46885	0.000343542	0.842531	0.757979	0.0185236
129401	0.573831	0.521625	0.000351456	0.857385	0.77938	51.4203	-7.3264	-7.24823	51.574	-6.46902	-6.46885	0.000344646	0.383453	0.758003	0.0184668
129601	0.469685	0.52165	0.000361757	0.701776	0.779419	52.9274	-7.17055	-7.24827	53.0856	-6.46877	-6.46885	0.000347141	1.14878	0.757983	0.0190242
129801	0.507562	0.521607	0.000360868	0.758369	0.779354	52.7972	-7.22719	-7.2482	52.9548	-6.46883	-6.46885	0.000345203	0.871764	0.758383	0.0189906
130001	0.532045	0.521632	0.000359561	0.794949	0.779392	52.606	-7.26386	-7.24824	52.7627	-6.46891	-6.46885	0.000343224	0.703539	0.758231	0.0189191
130201	0.517239	0.521622	0.000357714	0.772827	0.779376	52.3358	-7.24166	-7.24822	52.4915	-6.46884	-6.46885	0.000341299	0.785236	0.758289	0.0188172
130401	0.49506	0.521624	0.000357437	0.739689	0.779379	52.2953	-7.2085	-7.24823	52.4505	-6.46881	-6.46885	0.000339888	0.93265	0.75821	0.0188039
130601	0.507209	0.521554	0.000357968	0.757841	0.779274	52.3729	-7.22656	-7.24812	52.5297	-6.46872	-6.46885	0.000342875	0.844628	0.758626	0.0187994
130801	0.52338	0.521581	0.000358138	0.782003	0.779315	52.3979	-7.25092	-7.24816	52.5537	-6.46891	-6.46885	0.000341905	0.771705	0.758516	0.0188425
131001	0.524356	0.521573	0.000356052	0.783461	0.779303	52.0926	-7.25233	-7.24815	52.2475	-6.46887	-6.46885	0.000339923	0.723525	0.758631	0.0187384
131201	0.511764	0.521572	0.000355138	0.764648	0.779302	51.9589	-7.23349	-7.24815	52.1129	-6.46884	-6.46885	0.000338149	0.845395	0.758614	0.0186866
131401	0.551546	0.521555	0.00035453	0.824087	0.779277	51.87	-7.29302	-7.24812	52.0237	-6.46893	-6.46885	0.000336607	0.572007	0.758809	0.0186533
131601	0.532881	0.521589	0.000353788	0.796199	0.779328	51.7615	-7.2651	-7.24818	51.9148	-6.4689	-6.46885	0.000336262	0.654396	0.758587	0.0186058
131801	0.522953	0.521582	0.000352626	0.781365	0.779317	51.5914	-7.2502	-7.24816	51.7438	-6.46883	-6.46885	0.000334262	0.736536	0.758609	0.018552
132001	0.51449	0.521581	0.000351473	0.76872	0.779315	51.4228	-7.23757	-7.24816	51.5748	-6.46885	-6.46885	0.00033338	0.807714	0.758576	0.0184799
132201	0.519232	0.521608	0.00035084	0.775805	0.779355	51.33	-7.2447	-7.2482	51.4813	-6.46889	-6.46885	0.000332285	0.773413	0.758408	0.0184352
132401	0.506938	0.521553	0.000350242	0.757437	0.779274	51.2426	-7.22626	-7.24812	51.3937	-6.46882	-6.46885	0.000331126	0.866654	0.758773	0.0184058
132601	0.516579	0.521595	0.000349092	0.771841	0.779337	51.0743	-7.24082	-7.24818	51.225	-6.46898	-6.46885	0.000331112	0.80258	0.7585	0.0183436
132801	0.494439	0.521585	0.000348547	0.738761	0.779321	50.9946	-7.20758	-7.24817	51.1449	-6.46882	-6.46885	0.000332158	0.958755	0.758639	0.0183149
133001	0.509838	0.521576	0.000347975	0.761769	0.779308	50.9109	-7.23058	-7.24816	51.0604	-6.46881	-6.46885	0.000332022	0.855861	0.758605	0.0183009
133201	0.558236	0.521591	0.000347628	0.834083	0.77933	50.8602	-7.30302	-7.24818	51.0095	-6.46894	-6.46885	0.000331427	0.490339	0.758536	0.0182941
133401	0.512123	0.52159	0.000348211	0.765184	0.779329	50.9454	-7.23401	-7.24818	51.0943	-6.46882	-6.46885	0.000330182	0.820709	0.758622	0.0183282
133601	0.497844	0.521564	0.000346869	0.743849	0.77929	50.7491	-7.21264	-7.24814	50.8974	-6.46879	-6.46885	0.00032857	0.92555	0.758814	0.0182553
133801	0.526528	0.521544	0.00034529	0.786706	0.779261	50.5181	-7.25565	-7.24811	50.6655	-6.46895	-6.46885	0.000327752	0.734657	0.759021	0.0181751
134001	0.515518	0.521587	0.00034491	0.770256	0.779324	50.4625	-7.23911	-7.24817	50.6106	-6.46885	-6.46885	0.000331097	0.789303	0.758764	0.0181405
134201	0.507268	0.521547	0.000344751	0.757929	0.779265	50.4393	-7.22681	-7.24811	50.5865	-6.46888	-6.46885	0.000329284	0.847674	0.759033	0.0181325
134401	0.534005	0.521564	0.000343809	0.797879	0.77929	50.3014	-7.26675	-7.24814	50.4482	-6.46888	-6.46885	0.000328636	0.666508	0.758911	0.0180707
134601	0.498154	0.521589	0.000344541	0.744313	0.779328	50.4085	-7.21327	-7.24818	50.5557	-6.46896	-6.46885	0.000335792	0.931178	0.75875	0.0181007
134801	0.514697	0.521616	0.000345199	0.76903	0.779368	50.5047	-7.2378	-7.24822	50.6524	-6.46877	-6.46885	0.000335862	0.791685	0.758571	0.0181239
135001	0.522582	0.521592	0.000343986	0.780811	0.779332	50.3273	-7.24968	-7.24818	50.4746	-6.46887	-6.46885	0.000334723	0.740109	0.758664	0.0180652
135201	0.477227	0.521543	0.000345194	0.713044	0.779258	50.5041	-7.18167	-7.24811	50.6533	-6.46863	-6.46885	0.000339266	1.08072	0.758961	0.0181113
135401	0.524364	0.521533	0.000344157	0.783474	0.779243	50.3523	-7.25236	-7.24809	50.5016	-6.46889	-6.46885	0.000341861	0.737774	0.759024	0.0180657
135601	0.555937	0.521545	0.000343569	0.830648	0.779262	50.2663	-7.29954	-7.24811	50.4151	-6.46889	-6.46885	0.000340405	0.507211	0.758924	0.0180257
135801	0.542923	0.521552	0.000344398	0.811203	0.779272	50.3876	-7.28011	-7.24812	50.5358	-6.4689	-6.46885	0.000339313	0.616618	0.75889	0.0180788
136001	0.533469	0.521551	0.000343907	0.797078	0.77927	50.3158	-7.26596	-7.24812	50.4637	-6.46888	-6.46885	0.000337752	0.678609	0.758971	0.018067
136201	0.537724	0.521545	0.000344793	0.803435	0.779261	50.4453	-7.27222	-7.24811	50.5938	-6.46878	-6.46885	0.000337558	0.636079	0.758994	0.0181004
136401	0.519015	0.521567	0.000348359	0.775481	0.779294	50.967	-7.24436	-7.24814	51.1167	-6.46888	-6.46885	0.000339127	0.775326	0.758825	0.0182906
136601	0.532938	0.521589	0.000346838	0.796285	0.779327	50.7445	-7.26517	-7.24818	50.8937	-6.46889	-6.46885	0.000337976	0.651426	0.758717	0.0182142
136801	0.514398	0.521582	0.00034533	0.768583	0.779317	50.524	-7.2374	-7.24817	50.6726	-6.46881	-6.46885	0.000336631	0.823231	0.75873	0.0181435
137001	0.532685	0.521558	0.000344047	0.795906	0.779281	50.3362	-7.26478	-7.24813	50.4843	-6.46888	-6.46885	0.000335387	0.684959	0.758904	0.0180688
137201	0.531133	0.521605	0.000343369	0.793587	0.779351	50.2371	-7.26256	-7.2482	50.3851	-6.46897	-6.46885	0.000335277	0.681432	0.758543	0.0180315
137401	0.489079	0.521646	0.000342579	0.730753	0.779412	50.1215	-7.19951	-7.24826	50.2702	-6.46876	-6.46885	0.000337985	0.968166	0.758248	0.0179838
137601	0.510687	0.521569	0.0003438	0.763038	0.779298	50.3001	-7.23195	-7.24815	50.4491	-6.46891	-6.46885	0.000339314	0.862226	0.758869	0.018053
137801	0.528572	0.521658	0.00034488	0.789761	0.77943	50.458	-7.2588	-7.24828	50.6115	-6.46904	-6.46885	0.000359271	0.730893	0.758428	0.0180706
138001	0.495485	0.521616	0.000344228	0.740324	0.779368	50.3628	-7.2091	-7.24822	50.516	-6.46878	-6.46885	0.00035989	0.937767	0.758712	0.0180277
138201	0.517232	0.52164	0.000343551	0.772818	0.779404	50.2637	-7.24171	-7.24825	50.4162	-6.46889	-6.46885	0.000358356	0.777221	0.758512	0.0179899
138401	0.55391	0.521674	0.000342942	0.827619	0.779454	50.1745	-7.29664	-7.24831	50.3273	-6.46902	-6.46885	0.000358651	0.527971	0.758281	0.0179587
138601	0.526802	0.521654	0.000342329	0.787117	0.779424	50.0848	-7.25593	-7.24828	50.2372	-6.46881	-6.46885	0.000359597	0.739339	0.758566	0.0179472
138801	0.557044	0.521654	0.000341489	0.832301	0.779424	49.962	-7.30128	-7.24828	50.1142	-6.46898	-6.46885	0.000358684	0.50014	0.758623	0.0179098
139001	0.493724	0.521635	0.000342557	0.737692	0.779396	50.1183	-7.20651	-7.24825	50.2707	-6.46881	-6.46885	0.000358254	0.98679	0.758965	0.0180045
139201	0.499228	0.521646	0.00034273	0.745917	0.779412	50.1436	-7.21472	-7.24826	50.2958	-6.4688	-6.46885	0.000356876	0.902757	0.758907	0.0180101
139401	0.532535	0.521597	0.000342817	0.795682	0.779339	50.1562	-7.2645	-7.24819	50.3082	-6.46882	-6.46885	0.000356989	0.691751	0.759231	0.0180139
139601	0.531165	0.521647	0.000341806	0.793635	0.779414	50.0083	-7.26255	-7.24827	50.16	-6.46891	-6.46885	0.000356159	0.711222	0.758885	0.0179537
139801	0.548074	0.521647	0.000341768	0.8189	0.779413	50.0028	-7.28781	-7.24826	50.1544	-6.46891	-6.46885	0.000355061	0.584275	0.758997	0.017949
140001	0.48913	0.521585	0.000342853	0.730828	0.779321	50.1616	-7.19968	-7.24817	50.313	-6.46885	-6.46885	0.00035377	1.01776	0.759501	0.0180114
140201	0.51415	0.521658	0.000344646	0.768212	0.779431	50.4238	-7.2371	-7.24828	50.5771	-6.46889	-6.46885	0.00035649	0.815437	0.75905	0.0180932
140401	0.511992	0.521641	0.00034472	0.764988	0.779405	50.4348	-7.23388	-7.24826	50.5874	-6.46889	-6.46885	0.000355117	0.822622	0.759183	0.0180921
140601	0.488737	0.521635	0.000343813	0.730242	0.779396	50.302	-7.199	-7.24825	50.4543	-6.46876	-6.46885	0.000354482	0.997452	0.759345	0.0180382
140801	0.520088	0.521628	0.00034409	0.777085	0.779385	50.3425	-7.24596	-7.24824	50.4948	-6.46888	-6.46885	0.000353407	0.783751	0.759505	0.0180417
141001	0.534565	0.521683	0.000343621	0.798715	0.779468	50.2739	-7.2675	-7.24832	50.4257	-6.46879	-6.46885	0.00035242	0.665514	0.759091	0.0180292
141201	0.508221	0.521615	0.000343602	0.759353	0.779366	50.2711	-7.22819	-7.24822	50.4235	-6.46883	-6.46885	0.000353711	0.849197	0.759624	0.0180356
141401	0.512003	0.52163	0.000342703	0.765005	0.779389	50.1396	-7.23389	-7.24824	50.2918	-6.46888	-6.46885	0.000352706	0.85025	0.759544	0.0179811
141601	0.502347	0.521606	0.000343477	0.750577	0.779353	50.2528	-7.2194	-7.24821	50.4052	-6.46882	-6.46885	0.000352143	0.916647	0.759756	0.0180338
141801	0.501089	0.521637	0.000347085	0.748697	0.779399	50.7807	-7.21741	-7.24825	50.9342	-6.46871	-6.46885	0.000352091	0.887993	0.759474	0.0182182
142001	0.539236	0.52164	0.000345819	0.805695	0.779404	50.5955	-7.27455	-7.24826	50.7485	-6.46886	-6.46885	0.000351936	0.638697	0.759416	0.0181491
142201	0.503853	0.521635	0.000347192	0.752828	0.779395	50.7964	-7.22158	-7.24825	50.9498	-6.46875	-6.46885	0.000351904	0.88398	0.759409	0.0182134
142401	0.552713	0.521624	0.000347475	0.825831	0.77938	50.8378	-7.29473	-7.24823	50.9912	-6.4689	-6.46885	0.000352244	0.523107	0.759437	0.0182277
142601	0.504794	0.521625	0.000346709	0.754234	0.779381	50.7257	-7.22302	-7.24823	50.8789	-6.46879	-6.46885	0.000351187	0.854115	0.759407	0.0181847
142801	0.516905	0.521638	0.0003457	0.772329	0.779401	50.578	-7.2412	-7.24825	50.7306	-6.46887	-6.46885	0.000349699	0.752441	0.759228	0.0181356
143001	0.522701	0.521642	0.000344293	0.780988	0.779407	50.3723	-7.24984	-7.24826	50.5243	-6.46885	-6.46885	0.000349558	0.763512	0.759196	0.0180562
143201	0.506636	0.521619	0.000343064	0.756986	0.779373	50.1924	-7.2258	-7.24822	50.344	-6.46882	-6.46885	0.000349457	0.865342	0.759289	0.0179908
143401	0.537113	0.521659	0.000343463	0.802523	0.779432	50.2508	-7.27139	-7.24828	50.4023	-6.46887	-6.46885	0.000348232	0.63373	0.758962	0.0180287
143601	0.522577	0.521586	0.000343443	0.780803	0.779323	50.2478	-7.24975	-7.24817	50.3989	-6.46894	-6.46885	0.000347199	0.794265	0.759513	0.01803
143801	0.502595	0.521656	0.000344054	0.750948	0.779427	50.3373	-7.2198	-7.24828	50.4894	-6.46885	-6.46885	0.000349478	0.878588	0.759093	0.0180527
144001	0.513864	0.521604	0.000344839	0.767785	0.77935	50.4522	-7.23663	-7.2482	50.6037	-6.46884	-6.46885	0.000347926	0.839408	0.759573	0.0181071
144201	0.494874	0.521622	0.000345848	0.739412	0.779376	50.5998	-7.20829	-7.24823	50.7515	-6.46888	-6.46885	0.000348602	1.00183	0.759584	0.0181835
144401	0.53277	0.521615	0.000345042	0.796033	0.779367	50.4818	-7.26497	-7.24822	50.6328	-6.46894	-6.46885	0.000347481	0.697611	0.759723	0.0181491
144601	0.549044	0.521636	0.000345513	0.82035	0.779397	50.5507	-7.28935	-7.24825	50.7024	-6.469	-6.46885	0.000349001	0.587101	0.75964	0.0181654
144801	0.507348	0.521606	0.000344591	0.758049	0.779352	50.4158	-7.22695	-7.24821	50.5665	-6.4689	-6.46885	0.000350299	0.890261	0.759976	0.0181334
145001	0.551322	0.521606	0.000346731	0.823752	0.779353	50.729	-7.29264	-7.24821	50.8793	-6.46888	-6.46885	0.000349412	0.559722	0.75997	0.0182525
145201	0.529408	0.52162	0.000347557	0.79101	0.779374	50.8498	-7.25987	-7.24823	50.9997	-6.46886	-6.46885	0.000348009	0.689558	0.759891	0.0182798
145401	0.505176	0.521619	0.000346491	0.754804	0.779372	50.6938	-7.22355	-7.24822	50.8433	-6.46875	-6.46885	0.00034819	0.866156	0.759856	0.0182237
145601	0.537449	0.521596	0.000345684	0.803025	0.779337	50.5757	-7.27197	-7.24819	50.725	-6.46895	-6.46885	0.000347633	0.65699	0.759988	0.018173
145801	0.502716	0.521659	0.000346	0.751129	0.779432	50.622	-7.22002	-7.24828	50.7723	-6.4689	-6.46885	0.00035028	0.888574	0.759539	0.0181913
146001	0.50348	0.521685	0.000347173	0.75227	0.77947	50.7935	-7.22109	-7.24832	50.9431	-6.46882	-6.46885	0.000348865	0.883284	0.75935	0.0182488
146201	0.56924	0.52161	0.000349788	0.850525	0.779359	51.1762	-7.31954	-7.24821	51.3276	-6.46901	-6.46885	0.000350328	0.394703	0.759801	0.0183671
146401	0.524805	0.521652	0.000352609	0.784132	0.779421	51.5889	-7.25294	-7.24827	51.7414	-6.46881	-6.46885	0.000350835	0.708616	0.75949	0.0185237
146601	0.550864	0.521652	0.00035149	0.823068	0.779422	51.4251	-7.29197	-7.24828	51.577	-6.46891	-6.46885	0.000349858	0.537735	0.759485	0.0184681
146801	0.517785	0.521613	0.000352927	0.773644	0.779363	51.6354	-7.24253	-7.24822	51.7871	-6.46889	-6.46885	0.000348612	0.81523	0.7598	0.0185702
147001	0.523585	0.521665	0.000353322	0.782309	0.779441	51.6933	-7.25112	-7.24829	51.8454	-6.46881	-6.46885	0.000348533	0.753681	0.759465	0.0185874
147201	0.514114	0.521675	0.000353384	0.768159	0.779456	51.7023	-7.23696	-7.24831	51.8541	-6.46881	-6.46885	0.000347337	0.801345	0.759448	0.0185992
147401	0.546437	0.521617	0.000353853	0.816454	0.779369	51.771	-7.28533	-7.24822	51.9242	-6.46888	-6.46885	0.000350723	0.597907	0.759897	0.0186195
147601	0.517493	0.521614	0.000353255	0.773208	0.779364	51.6834	-7.24207	-7.24822	51.8363	-6.46886	-6.46885	0.000350161	0.797041	0.760025	0.0185905
147801	0.53768	0.52165	0.000352182	0.80337	0.779418	51.5264	-7.27212	-7.24827	51.6785	-6.46876	-6.46885	0.00034934	0.663049	0.759774	0.0185324
148001	0.538062	0.521612	0.000353397	0.80394	0.779362	51.7042	-7.2727	-7.24821	51.8572	-6.46876	-6.46885	0.000352519	0.63541	0.760016	0.0185927
148201	0.523337	0.521612	0.000353044	0.781939	0.779361	51.6525	-7.25084	-7.24821	51.8057	-6.4689	-6.46885	0.000352683	0.771056	0.76009	0.0185607
148401	0.539574	0.521623	0.00035252	0.806199	0.779378	51.5759	-7.27513	-7.24823	51.729	-6.46893	-6.46885	0.000353526	0.656825	0.759999	0.0185275
148601	0.508922	0.521643	0.000352213	0.760401	0.779408	51.531	-7.22926	-7.24826	51.6836	-6.46885	-6.46885	0.000352224	0.898863	0.759846	0.0185261
148801	0.527365	0.5216	0.000352117	0.787957	0.779344	51.5169	-7.25676	-7.2482	51.669	-6.4688	-6.46885	0.000350978	0.714293	0.760239	0.0185304
149001	0.519773	0.521609	0.00035073	0.776614	0.779357	51.314	-7.24544	-7.24821	51.4654	-6.46883	-6.46885	0.000350359	0.765127	0.760153	0.0184581
149201	0.532023	0.521592	0.000350321	0.794917	0.779332	51.2542	-7.26368	-7.24818	51.4052	-6.46876	-6.46885	0.000349905	0.679785	0.760207	0.0184295
149401	0.533486	0.521578	0.000349376	0.797103	0.77931	51.1159	-7.26602	-7.24816	51.266	-6.46892	-6.46885	0.000349538	0.69187	0.760351	0.0183825
149601	0.521132	0.521618	0.000350688	0.778644	0.77937	51.3079	-7.24737	-7.24822	51.4583	-6.46873	-6.46885	0.000349624	0.750756	0.76008	0.0184416
149801	0.503493	0.521568	0.000350446	0.752289	0.779296	51.2725	-7.22106	-7.24815	51.4235	-6.46877	-6.46885	0.00035193	0.912135	0.760473	0.018431
150001	0.518089	0.521604	0.00035027	0.774098	0.779349	51.2467	-7.243	-7.2482	51.3977	-6.4689	-6.46885	0.000351314	0.777346	0.760258	0.0184293
150201	0.549699	0.521576	0.000350249	0.821328	0.779308	51.2436	-7.29021	-7.24816	51.3944	-6.46888	-6.46885	0.000350257	0.544273	0.760447	0.0184299
150401	0.524896	0.52158	0.000349562	0.784268	0.779314	51.1431	-7.25313	-7.24817	51.2935	-6.46886	-6.46885	0.000349606	0.736409	0.760341	0.0183928
150601	0.513657	0.521603	0.000348555	0.767475	0.779348	50.9958	-7.23633	-7.2482	51.1461	-6.46886	-6.46885	0.000350332	0.768667	0.760161	0.0183338
150801	0.536108	0.521649	0.000347972	0.801021	0.779416	50.9105	-7.2698	-7.24827	51.0599	-6.46878	-6.46885	0.000349841	0.651551	0.759775	0.0183084
151001	0.53279	0.521561	0.000349545	0.796064	0.779285	51.1406	-7.26484	-7.24814	51.2933	-6.46878	-6.46885	0.000358619	0.648773	0.76031	0.0183538
151201	0.50267	0.521603	0.000351348	0.75106	0.779348	51.4044	-7.21985	-7.2482	51.5569	-6.46879	-6.46885	0.000357582	0.881644	0.759961	0.0184505
151401	0.512196	0.521594	0.000351065	0.765292	0.779334	51.3629	-7.23399	-7.24819	51.5156	-6.4687	-6.46885	0.000358628	0.823945	0.759971	0.0184341
151601	0.512924	0.521604	0.000352259	0.766381	0.77935	51.5377	-7.23515	-7.2482	51.6901	-6.46877	-6.46885	0.000359926	0.784666	0.759866	0.0184891
151801	0.544582	0.521619	0.000352672	0.813682	0.779372	51.5981	-7.28251	-7.24822	51.7505	-6.46883	-6.46885	0.000358914	0.558297	0.759681	0.0184991
152001	0.533748	0.521619	0.000354149	0.797494	0.779372	51.8143	-7.2664	-7.24822	51.9674	-6.46891	-6.46885	0.00035911	0.67325	0.759656	0.0185713
152201	0.54485	0.521612	0.000354299	0.814083	0.779362	51.8361	-7.28295	-7.24821	51.9889	-6.46886	-6.46885	0.000357898	0.585066	0.759643	0.0185804
152401	0.514968	0.521619	0.00035417	0.769435	0.779372	51.8173	-7.2383	-7.24822	51.9696	-6.46887	-6.46885	0.000356595	0.797732	0.759554	0.0185726
152601	0.518484	0.521617	0.000352941	0.774688	0.77937	51.6374	-7.24354	-7.24822	51.7891	-6.46885	-6.46885	0.000355408	0.796648	0.759524	0.0185138
152801	0.496732	0.521589	0.000352076	0.742187	0.779327	51.5109	-7.21106	-7.24818	51.662	-6.46888	-6.46885	0.000354172	0.939956	0.759711	0.0184659
153001	0.503273	0.521617	0.000351922	0.751961	0.77937	51.4883	-7.22077	-7.24822	51.6394	-6.46881	-6.46885	0.000353709	0.876362	0.759543	0.0184469
153201	0.559495	0.521591	0.000351552	0.835965	0.779331	51.4342	-7.30492	-7.24818	51.5849	-6.46896	-6.46885	0.000352786	0.496341	0.759796	0.0184377
153401	0.521933	0.521627	0.000352083	0.779842	0.779384	51.512	-7.2488	-7.24824	51.663	-6.46896	-6.46885	0.000354075	0.774076	0.759518	0.018462
153601	0.518427	0.521616	0.000351709	0.774603	0.779367	51.4573	-7.24351	-7.24822	51.6081	-6.46891	-6.46885	0.000354419	0.811347	0.759699	0.0184504
153801	0.506128	0.521612	0.000350613	0.756227	0.779362	51.2969	-7.22504	-7.24821	51.4473	-6.46882	-6.46885	0.000354513	0.895191	0.759807	0.018398
154001	0.569586	0.521628	0.00035081	0.851041	0.779385	51.3257	-7.32001	-7.24824	51.476	-6.46897	-6.46885	0.000354153	0.391503	0.759717	0.0184135
154201	0.498345	0.521633	0.000351213	0.744597	0.779394	51.3847	-7.21334	-7.24824	51.5352	-6.46874	-6.46885	0.000353975	0.935313	0.759688	0.0184428
154401	0.518299	0.521629	0.000352045	0.774411	0.779386	51.5065	-7.24324	-7.24824	51.6574	-6.46883	-6.46885	0.000354192	0.794046	0.759664	0.0184897
154601	0.543398	0.521642	0.000352204	0.811913	0.779406	51.5296	-7.28079	-7.24826	51.6805	-6.46887	-6.46885	0.000353325	0.614405	0.759608	0.0184927
154801	0.551371	0.521592	0.000353009	0.823826	0.779332	51.6474	-7.29276	-7.24818	51.7986	-6.46893	-6.46885	0.000352607	0.543823	0.759948	0.0185297
155001	0.494699	0.521627	0.000353781	0.739149	0.779384	51.7603	-7.2078	-7.24823	51.9125	-6.46865	-6.46885	0.000353743	1.00406	0.759716	0.0185818
155201	0.582456	0.521589	0.000358125	0.870271	0.779328	52.3959	-7.33928	-7.24818	52.5514	-6.46901	-6.46885	0.00035746	0.328936	0.760048	0.0188153
155401	0.554857	0.521583	0.000362432	0.829034	0.779319	53.0261	-7.29795	-7.24817	53.1831	-6.46892	-6.46885	0.000357753	0.487886	0.760029	0.0190422
155601	0.484037	0.521641	0.000362777	0.723219	0.779405	53.0766	-7.19196	-7.24826	53.2341	-6.46874	-6.46885	0.000358032	1.01665	0.759584	0.0190691
155801	0.521847	0.521625	0.000366442	0.779713	0.779382	53.6128	-7.24858	-7.24823	53.7713	-6.46887	-6.46885	0.000358041	0.750848	0.759635	0.0192572
156001	0.528899	0.521598	0.000365569	0.79025	0.779341	53.4851	-7.25918	-7.24819	53.6432	-6.46893	-6.46885	0.000357055	0.712196	0.759844	0.0192093
156201	0.517907	0.521626	0.000364829	0.773826	0.779382	53.3767	-7.24261	-7.24823	53.5348	-6.46879	-6.46885	0.00035666	0.782732	0.759662	0.0191671
156401	0.526911	0.52158	0.000364513	0.787279	0.779314	53.3305	-7.25612	-7.24816	53.4886	-6.46884	-6.46885	0.000356288	0.711373	0.759978	0.0191469
156601	0.517344	0.521589	0.000364291	0.772985	0.779328	53.298	-7.2419	-7.24818	53.4555	-6.46892	-6.46885	0.000355211	0.790218	0.759882	0.0191391
156801	0.538764	0.52162	0.000364198	0.80499	0.779374	53.2845	-7.27386	-7.24822	53.4419	-6.46887	-6.46885	0.000355585	0.636725	0.759642	0.0191294
157001	0.541828	0.521598	0.000364922	0.809568	0.77934	53.3903	-7.27855	-7.24819	53.5478	-6.46898	-6.46885	0.000355112	0.623203	0.759818	0.0191632
157201	0.530272	0.521609	0.000365023	0.792301	0.779357	53.4051	-7.26114	-7.24821	53.5628	-6.46884	-6.46885	0.000356544	0.693546	0.75978	0.0191584
157401	0.515517	0.521575	0.000364401	0.770255	0.779307	53.3142	-7.23916	-7.24816	53.4712	-6.46891	-6.46885	0.000355622	0.807856	0.760062	0.0191365
157601	0.51803	0.521588	0.000364317	0.774009	0.779326	53.3019	-7.24292	-7.24818	53.4588	-6.46892	-6.46885	0.000356236	0.797092	0.760007	0.0191368
157801	0.508865	0.521597	0.000363353	0.760315	0.77934	53.1609	-7.22914	-7.24819	53.3174	-6.46882	-6.46885	0.000355145	0.849726	0.759915	0.0190898
158001	0.527203	0.521567	0.000362956	0.787716	0.779295	53.1027	-7.25655	-7.24815	53.2593	-6.46883	-6.46885	0.000355689	0.681782	0.760057	0.0190577
158201	0.543113	0.521579	0.000362324	0.811487	0.779312	53.0103	-7.28037	-7.24816	53.1665	-6.46888	-6.46885	0.000354531	0.584476	0.759899	0.0190344
158401	0.501849	0.521554	0.000362343	0.749833	0.779275	53.0131	-7.2186	-7.24813	53.1694	-6.46877	-6.46885	0.000354183	0.905835	0.760034	0.0190362
158601	0.546404	0.521547	0.000361856	0.816404	0.779265	52.9418	-7.28537	-7.24812	53.0979	-6.46897	-6.46885	0.000353459	0.57485	0.760072	0.019012
158801	0.536072	0.521595	0.000362247	0.800967	0.779336	52.999	-7.2699	-7.24819	53.1557	-6.46893	-6.46885	0.000355896	0.640061	0.759737	0.0190408
159001	0.522079	0.521589	0.000362913	0.780059	0.779327	53.0964	-7.24895	-7.24818	53.2534	-6.46889	-6.46885	0.000356086	0.745058	0.759792	0.0190876
159201	0.504842	0.521569	0.000362727	0.754306	0.779298	53.0692	-7.22318	-7.24815	53.2258	-6.46888	-6.46885	0.000355099	0.892168	0.759954	0.0190793
159401	0.512077	0.52158	0.000361837	0.765115	0.779314	52.9391	-7.23393	-7.24817	53.0951	-6.46881	-6.46885	0.000354174	0.828373	0.759847	0.0190347
159601	0.491081	0.52156	0.000363221	0.733744	0.779284	53.1415	-7.20253	-7.24814	53.2975	-6.46879	-6.46885	0.000353397	0.967962	0.759966	0.0190971
159801	0.52417	0.52154	0.000362971	0.783183	0.779254	53.105	-7.25202	-7.24811	53.2609	-6.46884	-6.46885	0.000353532	0.744129	0.760106	0.0190786
160001	0.507455	0.521552	0.000362798	0.758209	0.779272	53.0796	-7.22708	-7.24812	53.2356	-6.46887	-6.46885	0.00035397	0.853618	0.760055	0.0190612
160201	0.502134	0.521529	0.000362488	0.750258	0.779238	53.0343	-7.21902	-7.24809	53.1901	-6.46876	-6.46885	0.000353461	0.872044	0.760178	0.0190342
160401	0.539207	0.521535	0.000361924	0.80565	0.779246	52.9518	-7.27452	-7.2481	53.1072	-6.46887	-6.46885	0.000352902	0.623022	0.760121	0.0190055
160601	0.499378	0.521524	0.000361961	0.746141	0.77923	52.9571	-7.21484	-7.24808	53.1126	-6.4687	-6.46885	0.000353429	0.928063	0.760194	0.0189995
160801	0.514001	0.52152	0.000361662	0.76799	0.779225	52.9134	-7.23679	-7.24808	53.0687	-6.4688	-6.46885	0.000353856	0.814848	0.760205	0.018984
161001	0.530933	0.521505	0.000361209	0.793288	0.779202	52.8471	-7.26221	-7.24805	53.0021	-6.46892	-6.46885	0.000353055	0.668639	0.760336	0.0189622
161201	0.553576	0.521528	0.000361914	0.827121	0.779237	52.9502	-7.29599	-7.24809	53.1049	-6.46887	-6.46885	0.000352281	0.516664	0.760106	0.0190012
161401	0.524738	0.521494	0.000361778	0.784033	0.779185	52.9304	-7.25296	-7.24804	53.0848	-6.46893	-6.46885	0.000351499	0.755981	0.76037	0.0189963
161601	0.495041	0.521507	0.000361677	0.739662	0.779204	52.9155	-7.20851	-7.24806	53.0701	-6.46884	-6.46885	0.000351036	0.989607	0.760323	0.0189923
161801	0.516	0.521535	0.000362499	0.770977	0.779247	53.0359	-7.23987	-7.2481	53.1912	-6.46889	-6.46885	0.000351807	0.80077	0.760205	0.0190303
162001	0.506134	0.521511	0.000361765	0.756236	0.779211	52.9284	-7.22506	-7.24806	53.0833	-6.46882	-6.46885	0.000350843	0.869976	0.760394	0.0189927
162201	0.52358	0.521538	0.000361337	0.782303	0.779251	52.8659	-7.25117	-7.2481	53.0207	-6.46887	-6.46885	0.000350319	0.762774	0.760191	0.0189671
162401	0.557152	0.521488	0.000361606	0.832464	0.779176	52.9052	-7.30141	-7.24803	53.0599	-6.46894	-6.46885	0.000349543	0.478376	0.760604	0.0190014
162601	0.519055	0.521527	0.000361801	0.775541	0.779235	52.9338	-7.24451	-7.24809	53.089	-6.46897	-6.46885	0.000351497	0.776587	0.760309	0.0190175
162801	0.532154	0.521504	0.000361348	0.795113	0.779201	52.8675	-7.2641	-7.24805	53.0222	-6.46898	-6.46885	0.000351186	0.687064	0.760447	0.0189985
163001	0.525907	0.521524	0.000360709	0.785778	0.779231	52.774	-7.2547	-7.24808	52.9288	-6.46892	-6.46885	0.000352466	0.737138	0.760306	0.0189637
163201	0.507383	0.521517	0.000361492	0.758102	0.77922	52.8885	-7.22698	-7.24807	53.043	-6.46888	-6.46885	0.000352498	0.841114	0.7604	0.019012
163401	0.564269	0.521515	0.000361198	0.843098	0.779217	52.8456	-7.31205	-7.24807	52.9998	-6.46895	-6.46885	0.000351989	0.418726	0.76032	0.0189996
163601	0.53235	0.521516	0.000363273	0.795406	0.779218	53.1491	-7.26427	-7.24807	53.3036	-6.46886	-6.46885	0.000351549	0.690223	0.760272	0.0191109
163801	0.513038	0.521519	0.000362255	0.76655	0.779223	53.0002	-7.23542	-7.24808	53.1544	-6.46887	-6.46885	0.000350743	0.820817	0.760237	0.0190579
164001	0.518961	0.521517	0.000361179	0.775401	0.77922	52.8428	-7.24429	-7.24807	52.9965	-6.46889	-6.46885	0.000350244	0.786664	0.760273	0.0190005
164201	0.523362	0.521521	0.000360447	0.781976	0.779226	52.7357	-7.25078	-7.24808	52.8891	-6.46881	-6.46885	0.000349675	0.735461	0.760237	0.0189637
164401	0.509612	0.52152	0.000359425	0.761432	0.779224	52.5862	-7.23026	-7.24808	52.7391	-6.46883	-6.46885	0.000348765	0.840182	0.760226	0.0189102
164601	0.498145	0.521531	0.000359151	0.744298	0.779241	52.5461	-7.21312	-7.24809	52.6988	-6.46882	-6.46885	0.000347862	0.934293	0.760139	0.0188923
164801	0.520365	0.521527	0.00035854	0.777499	0.779234	52.4567	-7.24627	-7.24809	52.6091	-6.46877	-6.46885	0.000347323	0.753097	0.760151	0.0188603
165001	0.553092	0.521516	0.000357836	0.826397	0.779219	52.3537	-7.29528	-7.24807	52.5059	-6.46888	-6.46885	0.000347108	0.513026	0.760153	0.0188203
165201	0.512897	0.521515	0.000357741	0.76634	0.779216	52.3397	-7.23516	-7.24807	52.4916	-6.46882	-6.46885	0.000346365	0.825314	0.760093	0.0188119
165401	0.542772	0.52153	0.000356961	0.810977	0.779239	52.2257	-7.27991	-7.24809	52.3774	-6.46894	-6.46885	0.000346961	0.587059	0.759947	0.0187769
165601	0.543831	0.521515	0.000356393	0.81256	0.779217	52.1425	-7.28148	-7.24807	52.2939	-6.46892	-6.46885	0.000346161	0.569757	0.760008	0.0187495
165801	0.52524	0.521526	0.000356048	0.784783	0.779234	52.0921	-7.25368	-7.24809	52.2432	-6.4689	-6.46885	0.000345432	0.731336	0.759922	0.0187356
166001	0.529743	0.521519	0.000355632	0.79151	0.779223	52.0311	-7.26043	-7.24808	52.182	-6.46892	-6.46885	0.000344616	0.712971	0.759977	0.0187154
166201	0.503272	0.521516	0.000356993	0.751959	0.779218	52.2303	-7.22075	-7.24807	52.3815	-6.46879	-6.46885	0.000344935	0.880841	0.759959	0.0187866
166401	0.539283	0.521521	0.00035644	0.805765	0.779226	52.1493	-7.27461	-7.24808	52.3001	-6.46884	-6.46885	0.00034405	0.63983	0.759914	0.0187603
166601	0.529574	0.521498	0.000355991	0.791258	0.779191	52.0837	-7.26019	-7.24804	52.2343	-6.46893	-6.46885	0.000343511	0.695299	0.760064	0.0187382
166801	0.484429	0.521516	0.000355964	0.723805	0.779218	52.0797	-7.19258	-7.24807	52.2306	-6.46877	-6.46885	0.000343593	1.0163	0.759917	0.0187374
167001	0.503146	0.521511	0.000356657	0.751771	0.779211	52.1811	-7.22061	-7.24806	52.3323	-6.46884	-6.46885	0.000343166	0.891338	0.759932	0.0187727
167201	0.550208	0.521508	0.000355979	0.822088	0.779206	52.082	-7.29108	-7.24806	52.2329	-6.46899	-6.46885	0.000343051	0.558507	0.759989	0.0187379
167401	0.495963	0.52153	0.000355795	0.741039	0.77924	52.0551	-7.20988	-7.24809	52.2062	-6.46884	-6.46885	0.000342993	0.948935	0.759849	0.0187342
167601	0.530422	0.521524	0.000356114	0.792525	0.779231	52.1017	-7.26143	-7.24808	52.2528	-6.4689	-6.46885	0.000342352	0.700173	0.759873	0.0187429
167801	0.537567	0.521524	0.000355306	0.803201	0.77923	51.9836	-7.27208	-7.24808	52.1342	-6.46888	-6.46885	0.000341589	0.635195	0.759855	0.018698
168001	0.486591	0.52152	0.000354872	0.727036	0.779224	51.9201	-7.19569	-7.24808	52.0708	-6.46866	-6.46885	0.000342964	1.00304	0.759804	0.0186757
168201	0.574715	0.52152	0.000356003	0.858705	0.779225	52.0855	-7.3277	-7.24808	52.2377	-6.46899	-6.46885	0.000345315	0.396411	0.759794	0.0187235
168401	0.520804	0.521507	0.000359109	0.778154	0.779205	52.5399	-7.24692	-7.24806	52.6939	-6.46877	-6.46885	0.000347266	0.735369	0.7599	0.0188749
168601	0.51654	0.521478	0.000359609	0.771784	0.779162	52.613	-7.24049	-7.24801	52.7681	-6.46871	-6.46885	0.000351152	0.771607	0.760064	0.0188895
168801	0.539121	0.52151	0.000359078	0.805522	0.779209	52.5354	-7.27445	-7.24806	52.69	-6.46892	-6.46885	0.000350748	0.630005	0.759795	0.018869
169001	0.495247	0.521503	0.000358382	0.739968	0.779199	52.4335	-7.20871	-7.24805	52.588	-6.46875	-6.46885	0.000350346	0.93486	0.759851	0.0188319
169201	0.480893	0.521492	0.000360466	0.718522	0.779183	52.7384	-7.18721	-7.24804	52.8932	-6.46869	-6.46885	0.000351862	1.05583	0.759876	0.0189434
169401	0.526525	0.521506	0.000360225	0.786702	0.779203	52.7032	-7.25564	-7.24806	52.858	-6.46893	-6.46885	0.000352043	0.732592	0.759761	0.0189309
169601	0.535726	0.521506	0.000359388	0.80045	0.779203	52.5807	-7.26932	-7.24806	52.7352	-6.46887	-6.46885	0.000351373	0.655556	0.759734	0.0188865
169801	0.498091	0.521477	0.000359809	0.744218	0.77916	52.6423	-7.21306	-7.24801	52.7965	-6.46884	-6.46885	0.000350462	0.937595	0.759968	0.0189109
170001	0.495923	0.521484	0.000359266	0.740979	0.779171	52.5629	-7.2098	-7.24802	52.7166	-6.46882	-6.46885	0.000349911	0.917953	0.75989	0.0188808
170201	0.538809	0.521485	0.000358872	0.805056	0.779172	52.5053	-7.27403	-7.24802	52.6587	-6.46897	-6.46885	0.000349785	0.616333	0.759887	0.0188586
170401	0.494431	0.521502	0.000358285	0.73875	0.779197	52.4193	-7.20757	-7.24805	52.5725	-6.46882	-6.46885	0.000349376	0.927728	0.759725	0.0188305
170601	0.493083	0.521518	0.00035845	0.736735	0.779221	52.4435	-7.20554	-7.24807	52.5967	-6.4688	-6.46885	0.000348726	0.970024	0.759582	0.0188366
170801	0.503488	0.521527	0.00036108	0.752282	0.779234	52.8283	-7.22113	-7.24809	52.9823	-6.46884	-6.46885	0.000348574	0.867899	0.759491	0.0189939
171001	0.52653	0.521501	0.000360739	0.786709	0.779196	52.7783	-7.25556	-7.24805	52.9321	-6.46886	-6.46885	0.000347782	0.722943	0.759631	0.0189659
171201	0.487065	0.521486	0.000361049	0.727744	0.779174	52.8237	-7.1965	-7.24803	52.9775	-6.46875	-6.46885	0.000347127	1.01695	0.759747	0.0189844
171401	0.517782	0.521499	0.000360414	0.77364	0.779193	52.7309	-7.24247	-7.24805	52.8843	-6.46883	-6.46885	0.000346399	0.773951	0.759646	0.0189509
171601	0.529929	0.521492	0.000359477	0.791788	0.779182	52.5938	-7.26065	-7.24803	52.7467	-6.46886	-6.46885	0.000346008	0.725142	0.759731	0.0189034
171801	0.543396	0.521476	0.000359216	0.81191	0.779158	52.5556	-7.2807	-7.24801	52.7085	-6.46879	-6.46885	0.000346338	0.588497	0.759881	0.0188964
172001	0.514971	0.52148	0.0003585	0.769439	0.779164	52.4507	-7.23822	-7.24802	52.6032	-6.46878	-6.46885	0.000346023	0.81537	0.759848	0.0188588
172201	0.518447	0.521471	0.000358278	0.774633	0.779151	52.4183	-7.24346	-7.248	52.5709	-6.46883	-6.46885	0.000345748	0.800763	0.759907	0.0188504
172401	0.486813	0.521454	0.000358309	0.727367	0.779126	52.4229	-7.19613	-7.24798	52.5754	-6.46876	-6.46885	0.000345647	1.00315	0.76007	0.0188446
172601	0.510214	0.52145	0.000357921	0.762332	0.779119	52.366	-7.23112	-7.24797	52.5183	-6.46879	-6.46885	0.000345368	0.828851	0.760095	0.0188241
172801	0.489859	0.521431	0.000358137	0.731918	0.779092	52.3977	-7.20068	-7.24794	52.55	-6.46877	-6.46885	0.000346268	0.982962	0.760187	0.0188384
173001	0.556534	0.521465	0.000358977	0.831539	0.779142	52.5206	-7.30042	-7.24799	52.6731	-6.46888	-6.46885	0.000345955	0.50093	0.759918	0.0188858
173201	0.522128	0.521424	0.000359316	0.780133	0.77908	52.5701	-7.24893	-7.24793	52.7233	-6.46879	-6.46885	0.000346958	0.771381	0.760202	0.0188975
173401	0.487708	0.521433	0.0003602	0.728705	0.779095	52.6995	-7.19746	-7.24795	52.8529	-6.46875	-6.46885	0.000347182	0.980481	0.76012	0.0189393
173601	0.541452	0.521433	0.000359668	0.809006	0.779094	52.6216	-7.27791	-7.24794	52.7747	-6.46891	-6.46885	0.000346573	0.638384	0.760133	0.0189069
173801	0.524351	0.521434	0.000358948	0.783453	0.779096	52.5163	-7.25226	-7.24795	52.669	-6.46881	-6.46885	0.000346345	0.724387	0.760118	0.0188683
174001	0.534238	0.521448	0.000358397	0.798226	0.779116	52.4357	-7.26704	-7.24797	52.5883	-6.46882	-6.46885	0.00034642	0.650519	0.760026	0.0188342
174201	0.54804	0.521429	0.000360755	0.818849	0.779089	52.7807	-7.28769	-7.24794	52.9339	-6.46884	-6.46885	0.000346788	0.554955	0.760176	0.0189773
174401	0.519324	0.521403	0.000360582	0.775943	0.779049	52.7554	-7.24486	-7.2479	52.9082	-6.46891	-6.46885	0.000345922	0.750239	0.760387	0.0189718
174601	0.510763	0.521451	0.000361635	0.763152	0.779121	52.9094	-7.23196	-7.24797	53.0626	-6.46881	-6.46885	0.000345907	0.82217	0.760015	0.0190398
174801	0.521057	0.521408	0.000361597	0.778532	0.779057	52.9038	-7.24738	-7.24791	53.0572	-6.46884	-6.46885	0.000345774	0.773679	0.760307	0.0190307
175001	0.501446	0.521433	0.000361213	0.749231	0.779094	52.8478	-7.21808	-7.24795	53.0011	-6.46885	-6.46885	0.000345338	0.894678	0.760132	0.0190078
175201	0.518824	0.521439	0.000361123	0.775196	0.779103	52.8345	-7.24399	-7.24795	52.9875	-6.46879	-6.46885	0.000344496	0.796941	0.760101	0.0190032
175401	0.520951	0.521431	0.000361028	0.778374	0.779092	52.8206	-7.24718	-7.24794	52.9735	-6.4688	-6.46885	0.000344546	0.743904	0.760133	0.0189905
175601	0.533688	0.521448	0.000361014	0.797405	0.779116	52.8187	-7.26635	-7.24797	52.972	-6.46894	-6.46885	0.000344864	0.696259	0.760019	0.018984
175801	0.542619	0.521442	0.000361865	0.810749	0.779108	52.9431	-7.27954	-7.24796	53.0967	-6.46879	-6.46885	0.000344835	0.61091	0.760071	0.0190278
176001	0.533754	0.521435	0.000361661	0.797504	0.779097	52.9132	-7.26633	-7.24795	53.0666	-6.46882	-6.46885	0.000344603	0.683374	0.760159	0.0190233
176201	0.52735	0.521431	0.000360934	0.787936	0.779092	52.807	-7.25678	-7.24794	52.96	-6.46884	-6.46885	0.000343806	0.740043	0.760197	0.0189841
176401	0.537727	0.521445	0.00036083	0.80344	0.779112	52.7916	-7.27221	-7.24796	52.9444	-6.46877	-6.46885	0.000343422	0.629888	0.760131	0.0189691
176601	0.524074	0.52142	0.000360638	0.78304	0.779075	52.7637	-7.25183	-7.24793	52.917	-6.46879	-6.46885	0.000346149	0.710224	0.760261	0.0189573
176801	0.516259	0.521429	0.000359804	0.771364	0.779088	52.6416	-7.24018	-7.24794	52.7944	-6.46882	-6.46885	0.000345418	0.774882	0.760163	0.0189146
177001	0.478684	0.521446	0.000359653	0.715221	0.779113	52.6194	-7.18396	-7.24796	52.7721	-6.46874	-6.46885	0.000344749	1.05373	0.760044	0.0189009
177201	0.539758	0.52143	0.000361671	0.806475	0.779089	52.9147	-7.27541	-7.24794	53.068	-6.46894	-6.46885	0.000345022	0.613107	0.760181	0.0189906
177401	0.510204	0.521448	0.000362251	0.762317	0.779116	52.9995	-7.23116	-7.24797	53.1527	-6.46885	-6.46885	0.000344453	0.866829	0.760043	0.0190179
177601	0.53795	0.521426	0.00036215	0.803773	0.779084	52.9847	-7.27265	-7.24793	53.1375	-6.46887	-6.46885	0.000343697	0.654687	0.760257	0.0190187
177801	0.523443	0.521431	0.000361484	0.782097	0.779091	52.8874	-7.25094	-7.24794	53.0398	-6.46885	-6.46885	0.000343261	0.75375	0.760233	0.0189831
178001	0.522679	0.521402	0.00036137	0.780956	0.779048	52.8706	-7.24981	-7.2479	53.0226	-6.46886	-6.46885	0.000342437	0.752262	0.760496	0.0189881
178201	0.496121	0.521428	0.000360999	0.741275	0.779087	52.8165	-7.21005	-7.24794	52.9682	-6.46878	-6.46885	0.00034177	0.933664	0.760323	0.0189657
178401	0.519533	0.52141	0.00036187	0.776256	0.77906	52.9438	-7.24518	-7.24791	53.0956	-6.46893	-6.46885	0.000341399	0.77196	0.760479	0.0190112
178601	0.494465	0.521436	0.000361852	0.7388	0.779099	52.9411	-7.20762	-7.24795	53.093	-6.46882	-6.46885	0.000341129	0.927185	0.760271	0.0190109
178801	0.529622	0.521432	0.000361762	0.79133	0.779093	52.928	-7.26011	-7.24794	53.0796	-6.46878	-6.46885	0.000340498	0.670773	0.760254	0.0190088
179001	0.509791	0.521406	0.000361202	0.7617	0.779054	52.8461	-7.23048	-7.2479	52.9978	-6.46878	-6.46885	0.000341449	0.804779	0.76041	0.0189758
179201	0.518028	0.521406	0.000360371	0.774007	0.779054	52.7245	-7.24284	-7.2479	52.8759	-6.46883	-6.46885	0.000340768	0.762919	0.760412	0.01893
179401	0.514636	0.521392	0.000359691	0.768938	0.779032	52.625	-7.23785	-7.24788	52.7761	-6.46891	-6.46885	0.000340683	0.801305	0.760471	0.0188917
179601	0.545674	0.521414	0.000359962	0.815314	0.779066	52.6647	-7.28426	-7.24792	52.8162	-6.46894	-6.46885	0.000341536	0.594379	0.760296	0.0188998
179801	0.505532	0.521411	0.000360436	0.755336	0.779062	52.734	-7.22411	-7.24791	52.8853	-6.46877	-6.46885	0.000341043	0.8678	0.760303	0.0189216
180001	0.527378	0.521406	0.000359833	0.787977	0.779054	52.6459	-7.25697	-7.2479	52.7972	-6.469	-6.46885	0.000341882	0.699728	0.760319	0.0188894
180201	0.515087	0.521413	0.000359701	0.769613	0.779064	52.6265	-7.23851	-7.24791	52.7779	-6.46889	-6.46885	0.000343718	0.786912	0.760242	0.0188855
180401	0.518718	0.521433	0.000359202	0.775038	0.779094	52.5535	-7.24393	-7.24794	52.7049	-6.4689	-6.46885	0.000344107	0.831886	0.760092	0.0188639
180601	0.516384	0.521422	0.00035852	0.771551	0.779077	52.4538	-7.24052	-7.24793	52.6046	-6.46897	-6.46885	0.000344469	0.796397	0.760237	0.018836
180801	0.499673	0.521408	0.000359519	0.746582	0.779057	52.5999	-7.21541	-7.24791	52.7509	-6.46883	-6.46885	0.000344112	0.93217	0.760374	0.0189013
181001	0.538081	0.521433	0.000361909	0.803969	0.779094	52.9495	-7.27289	-7.24794	53.1009	-6.46892	-6.46885	0.000343926	0.613765	0.760233	0.0190211
181201	0.487973	0.521442	0.000361683	0.7291	0.779108	52.9165	-7.19802	-7.24796	53.0679	-6.46892	-6.46885	0.000344394	0.993138	0.76015	0.0190075
181401	0.539091	0.521424	0.000361536	0.805478	0.779081	52.8949	-7.27437	-7.24793	53.0457	-6.4689	-6.46885	0.000343953	0.646585	0.760322	0.0190005
181601	0.503014	0.521425	0.000360927	0.751574	0.779083	52.8059	-7.22041	-7.24793	52.9564	-6.46884	-6.46885	0.000343241	0.873407	0.76031	0.0189659
181801	0.507306	0.521435	0.000360479	0.757986	0.779098	52.7404	-7.22683	-7.24795	52.8906	-6.46885	-6.46885	0.000342437	0.872311	0.760234	0.0189414
182001	0.540585	0.521441	0.000360045	0.80771	0.779106	52.6769	-7.27659	-7.24796	52.8269	-6.46888	-6.46885	0.000341893	0.633438	0.760229	0.0189168
182201	0.519488	0.521445	0.00035995	0.776189	0.779112	52.6629	-7.24514	-7.24796	52.8129	-6.46895	-6.46885	0.00034172	0.791925	0.76023	0.0189104
182401	0.526755	0.521447	0.000359146	0.787047	0.779115	52.5453	-7.25591	-7.24797	52.695	-6.46887	-6.46885	0.0003413	0.753002	0.760234	0.0188662
182601	0.48828	0.521429	0.000359059	0.729558	0.779088	52.5326	-7.19837	-7.24794	52.6821	-6.46881	-6.46885	0.000340728	1.01835	0.760422	0.0188771
182801	0.525164	0.521439	0.00035864	0.784668	0.779103	52.4713	-7.25356	-7.24796	52.6207	-6.46889	-6.46885	0.000340767	0.736191	0.760418	0.0188528
183001	0.521539	0.521427	0.000358445	0.779252	0.779085	52.4428	-7.24813	-7.24794	52.592	-6.46888	-6.46885	0.000340821	0.769087	0.760539	0.0188509
183201	0.500665	0.521447	0.000358769	0.748063	0.779115	52.4902	-7.21686	-7.24797	52.6391	-6.4688	-6.46885	0.000340201	0.924711	0.760387	0.0188696
183401	0.503228	0.521426	0.000358505	0.751893	0.779083	52.4515	-7.22065	-7.24793	52.6004	-6.46876	-6.46885	0.000340799	0.90345	0.760532	0.0188549
183601	0.532408	0.521436	0.000358449	0.795493	0.779099	52.4434	-7.26442	-7.24795	52.5927	-6.46893	-6.46885	0.000341387	0.702453	0.760452	0.0188605
183801	0.505056	0.521453	0.000358408	0.754624	0.779124	52.4374	-7.22342	-7.24798	52.5869	-6.4688	-6.46885	0.000341721	0.863871	0.76033	0.0188622
184001	0.540608	0.521434	0.000358878	0.807745	0.779095	52.5062	-7.27662	-7.24795	52.6559	-6.46887	-6.46885	0.000341621	0.605067	0.76046	0.0188888
184201	0.522276	0.521453	0.000358689	0.780354	0.779125	52.4784	-7.24917	-7.24798	52.628	-6.46882	-6.46885	0.000341263	0.765225	0.760306	0.0188807
184401	0.49597	0.521414	0.000358714	0.741049	0.779066	52.4822	-7.20978	-7.24792	52.6322	-6.46873	-6.46885	0.000342038	0.931801	0.760556	0.0188748
184601	0.541617	0.521443	0.000358916	0.809252	0.77911	52.5116	-7.27824	-7.24796	52.6625	-6.46899	-6.46885	0.000343567	0.586585	0.760313	0.0188971
184801	0.528382	0.521437	0.000359028	0.789477	0.7791	52.5281	-7.25823	-7.24795	52.6786	-6.46876	-6.46885	0.00034324	0.699473	0.760304	0.0188959
185001	0.552892	0.521415	0.000358895	0.826099	0.779068	52.5087	-7.29501	-7.24792	52.6595	-6.46891	-6.46885	0.000343615	0.537113	0.760453	0.0188883
185201	0.538204	0.521429	0.000358988	0.804153	0.779089	52.5222	-7.2731	-7.24794	52.673	-6.46895	-6.46885	0.000343672	0.638733	0.760337	0.0188925
185401	0.523147	0.521414	0.00035866	0.781656	0.779065	52.4741	-7.25048	-7.24792	52.6249	-6.46882	-6.46885	0.000343279	0.724367	0.760439	0.0188702
185601	0.523378	0.521439	0.000358583	0.782	0.779103	52.4629	-7.25071	-7.24795	52.6133	-6.46871	-6.46885	0.000342883	0.753288	0.760218	0.0188781
185801	0.53984	0.521404	0.00035932	0.806596	0.77905	52.5707	-7.27547	-7.2479	52.7225	-6.46887	-6.46885	0.00034587	0.640448	0.760469	0.0189047
186001	0.534196	0.521422	0.000359347	0.798165	0.779078	52.5747	-7.2671	-7.24793	52.7263	-6.46893	-6.46885	0.000346384	0.666769	0.76034	0.0189008
186201	0.513412	0.521423	0.000358784	0.76711	0.779079	52.4923	-7.236	-7.24793	52.6436	-6.46889	-6.46885	0.000345711	0.813927	0.760312	0.0188722
186401	0.515698	0.521427	0.000358274	0.770526	0.779085	52.4178	-7.23947	-7.24794	52.5689	-6.46894	-6.46885	0.000345705	0.825796	0.760324	0.0188423
186601	0.529904	0.521436	0.000358801	0.791752	0.779099	52.4948	-7.26068	-7.24795	52.6459	-6.46892	-6.46885	0.000345951	0.692965	0.760283	0.0188685
186801	0.508295	0.521421	0.000358382	0.759464	0.779076	52.4335	-7.22832	-7.24793	52.5843	-6.46886	-6.46885	0.000345397	0.856579	0.760414	0.0188485
187001	0.520626	0.521431	0.000358465	0.777889	0.779092	52.4456	-7.24669	-7.24794	52.5964	-6.4688	-6.46885	0.000344983	0.777008	0.760344	0.0188542
187201	0.500011	0.521407	0.000358159	0.747087	0.779055	52.4009	-7.21594	-7.24791	52.5516	-6.46886	-6.46885	0.000344575	0.917055	0.760554	0.0188458
187401	0.557322	0.521411	0.000357962	0.832717	0.779061	52.3721	-7.30163	-7.24791	52.5226	-6.46892	-6.46885	0.000343922	0.507974	0.760521	0.0188342
187601	0.509399	0.521417	0.000357605	0.761114	0.77907	52.3199	-7.22986	-7.24792	52.4703	-6.46875	-6.46885	0.000343572	0.859647	0.760509	0.0188139
187801	0.517123	0.521418	0.000357474	0.772655	0.779072	52.3007	-7.24153	-7.24792	52.4515	-6.46887	-6.46885	0.000344008	0.800332	0.760531	0.0188033
188001	0.524388	0.521402	0.000357357	0.783509	0.779048	52.2835	-7.25229	-7.2479	52.434	-6.46879	-6.46885	0.000343495	0.748317	0.760685	0.0188006
188201	0.508039	0.521408	0.000356737	0.759081	0.779057	52.1929	-7.2278	-7.24791	52.343	-6.46872	-6.46885	0.000343197	0.871885	0.760643	0.0187667
188401	0.498003	0.521381	0.000357293	0.744086	0.779017	52.2741	-7.2129	-7.24787	52.4246	-6.46882	-6.46885	0.000343621	0.940308	0.76085	0.0188017
188601	0.494687	0.521402	0.000357581	0.739132	0.779048	52.3163	-7.20806	-7.2479	52.4672	-6.46893	-6.46885	0.000344864	0.971926	0.760707	0.0188184
188801	0.521804	0.521399	0.000357732	0.779649	0.779044	52.3385	-7.24852	-7.2479	52.4892	-6.46887	-6.46885	0.000345058	0.792454	0.760781	0.0188334
189001	0.521056	0.521378	0.000357373	0.77853	0.779012	52.2859	-7.24738	-7.24786	52.4365	-6.46885	-6.46885	0.000344512	0.772474	0.760973	0.0188188
189201	0.516435	0.521409	0.000357196	0.771626	0.779058	52.2601	-7.24047	-7.24791	52.4108	-6.46884	-6.46885	0.000344222	0.774638	0.760737	0.018811
189401	0.520361	0.521406	0.00035657	0.777493	0.779054	52.1684	-7.24631	-7.24791	52.3189	-6.46882	-6.46885	0.000343791	0.769424	0.760751	0.0187763
189601	0.519571	0.52138	0.000356197	0.776312	0.779015	52.1138	-7.2451	-7.24787	52.2647	-6.46879	-6.46885	0.000345564	0.773544	0.760979	0.0187639
189801	0.516989	0.521387	0.000356388	0.772455	0.779026	52.1419	-7.24134	-7.24788	52.2926	-6.46889	-6.46885	0.000344956	0.841588	0.760925	0.0187854
190001	0.527596	0.521399	0.000355859	0.788303	0.779044	52.0644	-7.25707	-7.2479	52.2149	-6.46877	-6.46885	0.000344571	0.744336	0.760869	0.0187514
190201	0.493236	0.521391	0.000355955	0.736964	0.779031	52.0785	-7.20583	-7.24788	52.2288	-6.46887	-6.46885	0.00034405	0.979855	0.76094	0.018757
190401	0.535068	0.521393	0.000355837	0.799466	0.779034	52.0611	-7.26846	-7.24789	52.2115	-6.469	-6.46885	0.000344522	0.652263	0.760914	0.0187501
190601	0.479321	0.521386	0.000355598	0.716173	0.779023	52.0263	-7.18505	-7.24788	52.1763	-6.46887	-6.46885	0.000344574	1.10471	0.761036	0.0187461
190801	0.52809	0.521374	0.000355747	0.78904	0.779007	52.0481	-7.25791	-7.24786	52.1979	-6.46887	-6.46885	0.000344688	0.703477	0.761174	0.018763
191001	0.522547	0.521379	0.000355072	0.780759	0.779014	51.9493	-7.24972	-7.24787	52.0988	-6.46896	-6.46885	0.000345952	0.755953	0.761149	0.0187285
191201	0.505642	0.521389	0.000354661	0.7555	0.779028	51.8891	-7.22432	-7.24788	52.0384	-6.46882	-6.46885	0.000345544	0.847569	0.761106	0.0186976
191401	0.517211	0.521403	0.000354626	0.772786	0.779049	51.884	-7.24167	-7.2479	52.0333	-6.46888	-6.46885	0.000345032	0.829751	0.761031	0.0186862
191601	0.532986	0.521371	0.000355049	0.796357	0.779001	51.9459	-7.2652	-7.24785	52.0952	-6.46884	-6.46885	0.000344628	0.672903	0.761317	0.0187191
191801	0.512231	0.521379	0.000354391	0.765345	0.779014	51.8497	-7.23423	-7.24787	51.9987	-6.46888	-6.46885	0.00034397	0.827398	0.761268	0.0186847
192001	0.526906	0.521387	0.000353895	0.787272	0.779026	51.777	-7.25614	-7.24788	51.9257	-6.46887	-6.46885	0.000343513	0.723883	0.76121	0.0186613
192201	0.504323	0.521375	0.000353503	0.753529	0.779007	51.7197	-7.22237	-7.24786	51.8682	-6.46884	-6.46885	0.000343021	0.916043	0.761341	0.018645
192401	0.533247	0.521372	0.000353618	0.796746	0.779003	51.7366	-7.26567	-7.24785	51.8846	-6.46893	-6.46885	0.000342576	0.685419	0.761394	0.0186541
192601	0.522173	0.521382	0.000353028	0.780199	0.779018	51.6502	-7.24906	-7.24787	51.7981	-6.46886	-6.46885	0.000342804	0.760516	0.761321	0.0186218
192801	0.516534	0.521375	0.000352546	0.771775	0.779008	51.5796	-7.24073	-7.24786	51.7273	-6.46896	-6.46885	0.000342351	0.76976	0.761351	0.0185952
193001	0.541827	0.521389	0.00035215	0.809566	0.779028	51.5217	-7.27854	-7.24788	51.6694	-6.46897	-6.46885	0.000343195	0.620924	0.761245	0.0185738
193201	0.498556	0.521376	0.000351797	0.744913	0.779009	51.4702	-7.21376	-7.24786	51.6178	-6.46885	-6.46885	0.000342914	0.93238	0.761359	0.0185573
193401	0.505502	0.521374	0.000352229	0.755291	0.779006	51.5333	-7.22411	-7.24786	51.6809	-6.46882	-6.46885	0.000342286	0.857371	0.761337	0.0185772
193601	0.526837	0.521374	0.000351722	0.787169	0.779006	51.4592	-7.25605	-7.24786	51.6065	-6.46888	-6.46885	0.000341652	0.716741	0.76135	0.0185498
193801	0.538588	0.521381	0.000351489	0.804726	0.779017	51.425	-7.27361	-7.24787	51.572	-6.46888	-6.46885	0.000341675	0.648362	0.761284	0.018543
194001	0.495792	0.521375	0.00035112	0.740783	0.779007	51.3711	-7.20963	-7.24786	51.518	-6.46884	-6.46885	0.000341146	0.978509	0.761336	0.0185259
194201	0.504924	0.521376	0.000352474	0.754427	0.779009	51.5691	-7.22332	-7.24786	51.7161	-6.4689	-6.46885	0.000340994	0.918727	0.76136	0.0186054
194401	0.542315	0.521382	0.000351843	0.810294	0.779019	51.4768	-7.27925	-7.24787	51.6237	-6.46895	-6.46885	0.000341666	0.613253	0.76134	0.018574
194601	0.507625	0.521379	0.000352082	0.758463	0.779014	51.5118	-7.22723	-7.24787	51.6587	-6.46877	-6.46885	0.000341473	0.869939	0.761371	0.0185846
194801	0.531213	0.521378	0.00035156	0.793706	0.779013	51.4354	-7.26262	-7.24787	51.582	-6.46892	-6.46885	0.000340981	0.679753	0.761378	0.0185631
195001	0.534216	0.521383	0.000351492	0.798193	0.779019	51.4255	-7.26713	-7.24787	51.5722	-6.46893	-6.46885	0.000340728	0.687214	0.76133	0.0185589
195201	0.545315	0.521368	0.000351446	0.814778	0.778997	51.4187	-7.28375	-7.24785	51.565	-6.46897	-6.46885	0.000340415	0.61062	0.761461	0.0185537
195401	0.531227	0.521394	0.000351185	0.793727	0.779036	51.3806	-7.26264	-7.24789	51.5272	-6.46891	-6.46885	0.000341474	0.697477	0.761293	0.0185353
195601	0.5459	0.521385	0.000351181	0.815652	0.779023	51.38	-7.28456	-7.24788	51.5264	-6.46891	-6.46885	0.000341021	0.607418	0.761384	0.0185324
195801	0.520198	0.521381	0.000350634	0.777249	0.779016	51.3	-7.24615	-7.24787	51.4461	-6.4689	-6.46885	0.000340529	0.752594	0.761394	0.0185004
196001	0.542041	0.521389	0.000350588	0.809885	0.779028	51.2932	-7.27881	-7.24788	51.4391	-6.46892	-6.46885	0.00034018	0.612431	0.761324	0.0184959
196201	0.506091	0.521389	0.000350365	0.75617	0.779028	51.2605	-7.225	-7.24788	51.4064	-6.46883	-6.46885	0.000340053	0.879308	0.761341	0.0184822
196401	0.522726	0.521389	0.000350568	0.781026	0.779029	51.2903	-7.24992	-7.24788	51.4361	-6.46889	-6.46885	0.0003395	0.700929	0.76133	0.018497
196601	0.537028	0.521394	0.000349997	0.802395	0.779036	51.2067	-7.27136	-7.24789	51.3523	-6.46896	-6.46885	0.000339139	0.630565	0.761257	0.0184674
196801	0.476494	0.521386	0.000350175	0.711948	0.779024	51.2328	-7.18073	-7.24788	51.3785	-6.46878	-6.46885	0.000339472	1.05771	0.761282	0.018473
197001	0.498603	0.521392	0.000350781	0.744982	0.779033	51.3214	-7.21379	-7.24789	51.4671	-6.46881	-6.46885	0.000339189	0.914654	0.761236	0.0185031
197201	0.540303	0.521408	0.00035058	0.807289	0.779058	51.292	-7.27617	-7.24791	51.4377	-6.46888	-6.46885	0.00033894	0.630809	0.7611	0.0184947
197401	0.512543	0.521391	0.000350399	0.765812	0.779031	51.2655	-7.23477	-7.24789	51.4109	-6.46896	-6.46885	0.000339309	0.813584	0.761209	0.0184822
197601	0.54962	0.521409	0.000351474	0.82121	0.779059	51.4229	-7.29013	-7.24791	51.5686	-6.46892	-6.46885	0.000339502	0.530847	0.761021	0.0185413
197801	0.520237	0.521393	0.000351507	0.777307	0.779035	51.4276	-7.24614	-7.24789	51.5732	-6.46883	-6.46885	0.000338963	0.778362	0.76112	0.0185429
198001	0.528879	0.521415	0.000351334	0.790219	0.779067	51.4024	-7.25919	-7.24792	51.5481	-6.46897	-6.46885	0.000339255	0.709807	0.760955	0.0185326
198201	0.507277	0.521426	0.000350805	0.757943	0.779083	51.3249	-7.22672	-7.24794	51.4705	-6.46877	-6.46885	0.000339156	0.858032	0.760865	0.0185046
198401	0.5267	0.521423	0.000350438	0.786963	0.779079	51.2713	-7.25584	-7.24793	51.417	-6.46888	-6.46885	0.000339052	0.711658	0.760856	0.0184862
198601	0.535257	0.521423	0.000350469	0.79975	0.77908	51.2758	-7.26859	-7.24793	51.4214	-6.46884	-6.46885	0.000338504	0.661069	0.760832	0.0184839
198801	0.522902	0.521411	0.000350235	0.781289	0.779062	51.2416	-7.25019	-7.24792	51.3869	-6.46891	-6.46885	0.000337994	0.773342	0.76093	0.0184736
199001	0.55133	0.521402	0.000350166	0.823765	0.779048	51.2315	-7.29267	-7.2479	51.3767	-6.4689	-6.46885	0.00033766	0.524063	0.760992	0.0184712
199201	0.49979	0.521421	0.000350581	0.746757	0.779077	51.2922	-7.21561	-7.24793	51.4377	-6.46885	-6.46885	0.000338063	0.93696	0.760836	0.0184992
199401	0.517599	0.521398	0.000350271	0.773366	0.779042	51.2468	-7.24219	-7.2479	51.3921	-6.46882	-6.46885	0.000337502	0.78698	0.761017	0.0184828
199601	0.531397	0.521398	0.000349992	0.793983	0.779042	51.206	-7.26292	-7.2479	51.351	-6.46894	-6.46885	0.000336997	0.692284	0.760994	0.0184635
199801	0.529161	0.521417	0.000350141	0.79064	0.77907	51.2278	-7.25961	-7.24792	51.3733	-6.46897	-6.46885	0.000339285	0.702386	0.760886	0.0184612
