timestep            	T              	T_{ave}             	T_{var}           	K/N            	K_{ave}/N           	K_{var}           	U/N            	U_{ave}/N           	U_{var}           	E/N            	E_{ave}/N           	E_{var}           	P              	P_{ave}             	P_{var}
100001	0.426196	0.426196	0	0.636796	0.636796	0	-7.40476	-7.40476	0	-6.76797	-6.76797	0	-0.199304	-0.199304	0
100201	0.42788	0.41889	6.48145e-05	0.639313	0.625881	9.48276	-7.40728	-7.39387	9.49981	-6.76796	-6.76799	3.33361e-05	-0.214547	-0.158187	0.00321039
100401	0.43194	0.415869	0.000232404	0.64538	0.621367	34.0022	-7.41346	-7.38934	34.1111	-6.76808	-6.76797	0.000168592	-0.26966	-0.135876	0.0123963
100601	0.429257	0.416089	0.000244054	0.64137	0.621695	35.7067	-7.40932	-7.38968	35.8513	-6.76795	-6.76798	0.000241322	-0.230742	-0.134946	0.0129673
100801	0.421816	0.415277	0.00025253	0.630253	0.620482	36.9467	-7.39823	-7.38845	37.0706	-6.76798	-6.76797	0.000214828	-0.156323	-0.128735	0.0135319
101001	0.395098	0.41584	0.000224455	0.590333	0.621323	32.8391	-7.35825	-7.38929	32.9437	-6.76791	-6.76797	0.000178434	0.0226545	-0.132161	0.0118665
101201	0.402582	0.416211	0.000235221	0.601514	0.621878	34.4144	-7.36949	-7.38984	34.52	-6.76798	-6.76797	0.00016239	-0.0362558	-0.134579	0.012676
101401	0.420508	0.415534	0.000220004	0.628297	0.620866	32.188	-7.39622	-7.38883	32.2774	-6.76792	-6.76796	0.00015717	-0.133802	-0.127687	0.0118802
101601	0.431956	0.41456	0.00021043	0.645403	0.619411	30.7872	-7.41333	-7.38736	30.884	-6.76792	-6.76795	0.000193093	-0.233223	-0.118379	0.0116502
101801	0.405928	0.415093	0.000199972	0.606514	0.620208	29.2572	-7.37445	-7.38816	29.3464	-6.76793	-6.76795	0.000179278	-0.0644414	-0.121445	0.0109322
102001	0.43062	0.415149	0.000185555	0.643407	0.620292	27.1478	-7.41131	-7.38824	27.2284	-6.7679	-6.76795	0.000192036	-0.237975	-0.122743	0.0101586
102201	0.427438	0.414707	0.000186703	0.638652	0.619631	27.3159	-7.40658	-7.38757	27.3959	-6.76792	-6.76794	0.000187713	-0.194788	-0.119371	0.0102574
102401	0.396572	0.415088	0.000186983	0.592534	0.6202	27.3568	-7.36042	-7.38814	27.4343	-6.76789	-6.76794	0.00017645	0.0161069	-0.121966	0.0101339
102601	0.432907	0.415338	0.000191956	0.646824	0.620573	28.0844	-7.41485	-7.38852	28.1722	-6.76802	-6.76794	0.000188163	-0.253138	-0.12351	0.0104394
102801	0.423728	0.414863	0.000200748	0.63311	0.619864	29.3707	-7.40096	-7.3878	29.4652	-6.76785	-6.76794	0.000199842	-0.193734	-0.120719	0.010694
103001	0.43177	0.414599	0.000248596	0.645125	0.619469	36.3712	-7.41297	-7.3874	36.4869	-6.76785	-6.76793	0.000260137	-0.264615	-0.118978	0.0130773
103201	0.410784	0.414997	0.000240723	0.61377	0.620063	35.2192	-7.38166	-7.38799	35.324	-6.76789	-6.76793	0.00024917	-0.110297	-0.121984	0.0127446
103401	0.423891	0.414811	0.000230623	0.633353	0.619786	33.7416	-7.40128	-7.38771	33.8407	-6.76793	-6.76793	0.000242144	-0.160323	-0.120795	0.0122585
103601	0.40161	0.414858	0.000232407	0.600062	0.619856	34.0026	-7.36791	-7.38778	34.1029	-6.76784	-6.76793	0.000236087	-0.023673	-0.120471	0.0122117
103801	0.416169	0.415099	0.000222934	0.621816	0.620216	32.6167	-7.38978	-7.38814	32.7127	-6.76796	-6.76793	0.000232807	-0.126069	-0.122028	0.0117195
104001	0.413578	0.414938	0.000219094	0.617943	0.619976	32.0548	-7.38585	-7.3879	32.1471	-6.76791	-6.76793	0.000223415	-0.0883366	-0.120431	0.0115841
104201	0.412166	0.415065	0.000210609	0.615833	0.620166	30.8134	-7.38373	-7.38809	30.9009	-6.76789	-6.76792	0.000216937	-0.103203	-0.12099	0.0111086
104401	0.384412	0.414909	0.00020567	0.574365	0.619932	30.0908	-7.34222	-7.38785	30.1763	-6.76785	-6.76792	0.000217036	0.110112	-0.11911	0.0108921
104601	0.437299	0.414897	0.000214751	0.653386	0.619914	31.4194	-7.42137	-7.38784	31.5046	-6.76798	-6.76792	0.000210172	-0.283667	-0.11909	0.0113211
104801	0.418605	0.415177	0.000210464	0.625455	0.620333	30.7922	-7.39334	-7.38826	30.8764	-6.76789	-6.76792	0.000205192	-0.11955	-0.121285	0.0111431
105001	0.417706	0.41498	0.000205388	0.624111	0.620038	30.0495	-7.39192	-7.38796	30.1342	-6.76781	-6.76792	0.000217814	-0.154631	-0.120034	0.0108489
105201	0.412732	0.41483	0.000204113	0.616679	0.619814	29.8631	-7.38463	-7.38773	29.9495	-6.76796	-6.76792	0.00022568	-0.104739	-0.118723	0.0107954
105401	0.419761	0.415061	0.000200434	0.627183	0.620159	29.3248	-7.39511	-7.38808	29.4116	-6.76793	-6.76792	0.000228746	-0.160643	-0.119922	0.0105658
105601	0.420705	0.415077	0.000194889	0.628592	0.620184	28.5135	-7.39644	-7.3881	28.5966	-6.76784	-6.76792	0.000226289	-0.157625	-0.120063	0.0102693
105801	0.438163	0.414818	0.000197918	0.654677	0.619797	28.9566	-7.4225	-7.38771	29.0448	-6.76783	-6.76791	0.00024817	-0.283222	-0.118394	0.0103995
106001	0.418242	0.414963	0.00020357	0.624913	0.620013	29.7835	-7.39283	-7.38793	29.8736	-6.76791	-6.76791	0.000257692	-0.13908	-0.119731	0.0106839
106201	0.405246	0.414849	0.000198687	0.605494	0.619842	29.0691	-7.37334	-7.38775	29.1584	-6.76784	-6.76791	0.00025934	-0.0673947	-0.119291	0.0103859
106401	0.392726	0.414759	0.000200964	0.586788	0.619708	29.4023	-7.35454	-7.38762	29.495	-6.76775	-6.76791	0.000263513	0.0410674	-0.118528	0.0104764
106601	0.413932	0.414785	0.000196863	0.618473	0.619747	28.8022	-7.38642	-7.38765	28.8933	-6.76795	-6.76791	0.000268447	-0.102068	-0.118345	0.010244
106801	0.403345	0.415052	0.000194715	0.602654	0.620146	28.488	-7.37049	-7.38805	28.5784	-6.76783	-6.76791	0.000264362	-0.0299725	-0.120064	0.0101233
107001	0.431049	0.414805	0.000206549	0.644048	0.619777	30.2194	-7.41202	-7.38768	30.318	-6.76798	-6.76791	0.000270186	-0.226456	-0.118217	0.0107073
107201	0.417773	0.414914	0.000201707	0.624211	0.61994	29.511	-7.39213	-7.38785	29.608	-6.76792	-6.76791	0.00026886	-0.143541	-0.118924	0.0104484
107401	0.410303	0.41474	0.00020047	0.61305	0.61968	29.3301	-7.38094	-7.38759	29.4273	-6.76789	-6.76791	0.000265467	-0.0702453	-0.117579	0.0103935
107601	0.3876	0.4149	0.000206122	0.579129	0.619919	30.157	-7.34699	-7.38783	30.2561	-6.76786	-6.76791	0.000262088	0.0829145	-0.118675	0.0107119
107801	0.42362	0.414742	0.000203219	0.632948	0.619683	29.7322	-7.40091	-7.38759	29.8284	-6.76797	-6.76791	0.000258269	-0.15273	-0.117028	0.0106235
108001	0.431432	0.414906	0.000210829	0.64462	0.619927	30.8456	-7.41253	-7.38784	30.9438	-6.76791	-6.76791	0.000255203	-0.230376	-0.117857	0.011022
108201	0.409533	0.414723	0.000208418	0.6119	0.619655	30.4929	-7.37976	-7.38756	30.5914	-6.76786	-6.76791	0.000255107	-0.0422161	-0.115572	0.0110931
108401	0.424928	0.414806	0.000204389	0.634903	0.619778	29.9034	-7.40289	-7.38768	29.9997	-6.76798	-6.76791	0.000251102	-0.163821	-0.116073	0.0108906
108601	0.393696	0.414908	0.000201976	0.588237	0.619931	29.5504	-7.35618	-7.38784	29.6463	-6.76794	-6.76791	0.000253356	0.0546127	-0.116334	0.010738
108801	0.422586	0.414905	0.000199791	0.631403	0.619926	29.2307	-7.39933	-7.38784	29.3251	-6.76793	-6.76791	0.000249627	-0.172625	-0.11571	0.0106543
109001	0.396739	0.414963	0.000198951	0.592784	0.620012	29.1078	-7.36069	-7.38792	29.2007	-6.76791	-6.76791	0.000244379	0.0523892	-0.115958	0.0106016
109201	0.418727	0.414911	0.000200414	0.625636	0.619936	29.3218	-7.39354	-7.38784	29.4126	-6.7679	-6.76791	0.00023957	-0.129518	-0.115491	0.0107378
109401	0.412454	0.414916	0.000198593	0.616264	0.619943	29.0554	-7.38413	-7.38785	29.1447	-6.76787	-6.76791	0.000236765	-0.0786463	-0.115443	0.0106576
109601	0.411311	0.414812	0.000196007	0.614557	0.619788	28.677	-7.38242	-7.38769	28.7669	-6.76786	-6.76791	0.000244468	-0.0829184	-0.114704	0.0105123
109801	0.407526	0.414733	0.000200047	0.608901	0.61967	29.2682	-7.37668	-7.38757	29.3617	-6.76778	-6.76791	0.000251344	-0.057891	-0.114015	0.0107969
110001	0.406858	0.414868	0.000198152	0.607903	0.619872	28.9908	-7.37571	-7.38778	29.0816	-6.76781	-6.7679	0.000251499	-0.0758743	-0.11503	0.010685
110201	0.403617	0.414761	0.000196123	0.603061	0.619711	28.694	-7.3709	-7.38761	28.7854	-6.76784	-6.7679	0.000259315	-0.0507836	-0.114633	0.0105476
110401	0.415421	0.414831	0.000196338	0.620698	0.619815	28.7255	-7.38852	-7.38772	28.816	-6.76782	-6.7679	0.000258367	-0.127275	-0.115474	0.010567
110601	0.419528	0.414793	0.000193877	0.626834	0.619758	28.3655	-7.39462	-7.38766	28.4555	-6.76778	-6.7679	0.000269165	-0.128712	-0.115257	0.0104356
110801	0.381701	0.414738	0.000195887	0.570316	0.619677	28.6595	-7.33815	-7.38758	28.7493	-6.76783	-6.7679	0.00027302	0.126943	-0.114897	0.0105691
111001	0.388759	0.414697	0.000196109	0.580861	0.619615	28.6919	-7.34867	-7.38751	28.781	-6.76781	-6.7679	0.000269904	0.0655584	-0.114447	0.0105732
111201	0.432562	0.41475	0.000198804	0.646308	0.619695	29.0862	-7.41424	-7.38759	29.1777	-6.76794	-6.7679	0.000270185	-0.243497	-0.114847	0.0106887
111401	0.418022	0.414676	0.000198722	0.624583	0.619585	29.0743	-7.39247	-7.38748	29.1654	-6.76788	-6.7679	0.000266726	-0.129846	-0.1143	0.0106709
111601	0.409308	0.414652	0.000201999	0.611563	0.619548	29.5538	-7.3794	-7.38744	29.6466	-6.76784	-6.7679	0.000266309	-0.0667944	-0.114054	0.0108794
111801	0.399547	0.41464	0.000199738	0.596979	0.61953	29.223	-7.36486	-7.38743	29.3142	-6.76788	-6.7679	0.000264536	0.00326949	-0.113933	0.010767
112001	0.40163	0.414672	0.000197353	0.600092	0.619579	28.874	-7.36796	-7.38747	28.9637	-6.76787	-6.76789	0.000260341	-0.0230852	-0.114074	0.0106335
112201	0.40009	0.414663	0.000195519	0.59779	0.619565	28.6057	-7.36564	-7.38746	28.6942	-6.76785	-6.76789	0.00025692	-0.0212647	-0.113977	0.0105275
112401	0.414288	0.414576	0.000194781	0.619005	0.619435	28.4977	-7.38691	-7.38733	28.585	-6.76791	-6.76789	0.000253243	-0.107618	-0.113309	0.010488
112601	0.403874	0.414687	0.000193523	0.603444	0.6196	28.3136	-7.3713	-7.3875	28.4013	-6.76785	-6.7679	0.000252221	-0.0502697	-0.11413	0.0104113
112801	0.383125	0.414654	0.000196312	0.572442	0.619551	28.7217	-7.34028	-7.38745	28.8095	-6.76784	-6.76789	0.00024991	0.1386	-0.113831	0.0105453
113001	0.411014	0.414648	0.000196544	0.614113	0.619542	28.7556	-7.3819	-7.38744	28.8429	-6.76779	-6.76789	0.000249736	-0.105115	-0.11382	0.0105768
113201	0.427772	0.414577	0.000195993	0.639151	0.619437	28.6749	-7.40705	-7.38733	28.7634	-6.7679	-6.76789	0.000254764	-0.231352	-0.113263	0.0105793
113401	0.416229	0.414573	0.000193421	0.621904	0.619431	28.2986	-7.38979	-7.38732	28.3859	-6.76789	-6.76789	0.000251132	-0.120006	-0.113297	0.0104467
113601	0.404958	0.414624	0.000193459	0.605064	0.619507	28.3042	-7.373	-7.3874	28.392	-6.76794	-6.76789	0.00025198	-0.0360649	-0.113567	0.0104345
113801	0.410453	0.414562	0.000192476	0.613275	0.619414	28.1605	-7.38112	-7.38731	28.2479	-6.76784	-6.76789	0.000250084	-0.0903333	-0.113003	0.0103873
114001	0.410325	0.414494	0.000193988	0.613084	0.619312	28.3817	-7.38094	-7.3872	28.4698	-6.76786	-6.76789	0.000250798	-0.0876276	-0.112493	0.0104606
114201	0.39486	0.414669	0.000195789	0.589976	0.619573	28.6452	-7.35786	-7.38747	28.7354	-6.76788	-6.76789	0.000252137	0.0474368	-0.113865	0.0105953
114401	0.403415	0.414535	0.000195869	0.602758	0.619374	28.6569	-7.37062	-7.38727	28.7469	-6.76787	-6.76789	0.00025163	-0.0480684	-0.112886	0.0106
114601	0.418176	0.414649	0.000195165	0.624814	0.619544	28.5539	-7.39272	-7.38744	28.6443	-6.76791	-6.76789	0.000250705	-0.157037	-0.113739	0.0105521
114801	0.421302	0.414676	0.000194657	0.629485	0.619584	28.4795	-7.39731	-7.38748	28.5685	-6.76783	-6.76789	0.000247867	-0.176356	-0.114009	0.0105168
115001	0.411583	0.414451	0.000196451	0.614964	0.619249	28.742	-7.38281	-7.38714	28.8375	-6.76785	-6.76789	0.000268438	-0.0706968	-0.112408	0.0106029
115201	0.438084	0.414625	0.000197897	0.654559	0.619508	28.9536	-7.42252	-7.3874	29.0518	-6.76796	-6.76789	0.000274756	-0.252293	-0.113595	0.0106804
115401	0.411703	0.414531	0.000199705	0.615143	0.619368	29.218	-7.38296	-7.38726	29.3183	-6.76781	-6.76789	0.000277448	-0.0941638	-0.112829	0.0107521
115601	0.407189	0.414632	0.000199882	0.608398	0.619518	29.244	-7.3763	-7.38741	29.3445	-6.7679	-6.76789	0.000276234	-0.0631462	-0.113695	0.0108021
115801	0.405691	0.414603	0.000197645	0.60616	0.619476	28.9167	-7.37395	-7.38737	29.0162	-6.7678	-6.76789	0.000274871	-0.0389555	-0.113357	0.0106847
116001	0.40419	0.414521	0.000196323	0.603917	0.619352	28.7233	-7.37177	-7.38724	28.8233	-6.76785	-6.76789	0.000277984	-0.0301152	-0.112748	0.0106071
116201	0.398303	0.414527	0.00019776	0.59512	0.619361	28.9335	-7.36296	-7.38725	29.0335	-6.76784	-6.76789	0.000277168	0.0099289	-0.112648	0.0106854
116401	0.408141	0.414546	0.000196299	0.609819	0.61939	28.7197	-7.3777	-7.38728	28.8187	-6.76788	-6.76789	0.000274056	-0.0838317	-0.112885	0.0106179
116601	0.417618	0.414577	0.000194701	0.62398	0.619436	28.486	-7.3919	-7.38733	28.5839	-6.76792	-6.76789	0.000271063	-0.125459	-0.11317	0.0105393
116801	0.422738	0.414514	0.000194252	0.631631	0.619342	28.4203	-7.39945	-7.38723	28.5189	-6.76782	-6.76789	0.000271706	-0.205014	-0.112886	0.0104972
117001	0.378787	0.414549	0.000197954	0.565962	0.619394	28.9618	-7.33367	-7.38728	29.062	-6.76771	-6.76789	0.000275731	0.123551	-0.113265	0.0106936
117201	0.429649	0.41451	0.000199242	0.641956	0.619336	29.1503	-7.40989	-7.38722	29.2506	-6.76794	-6.76789	0.000278651	-0.195298	-0.112851	0.0107522
117401	0.418779	0.414553	0.000199802	0.625714	0.619401	29.2323	-7.39364	-7.38729	29.3328	-6.76792	-6.76789	0.000276586	-0.127194	-0.113098	0.0107625
117601	0.435878	0.414513	0.000198799	0.651263	0.619341	29.0855	-7.41918	-7.38723	29.1849	-6.76792	-6.76789	0.000273714	-0.240391	-0.112648	0.0107106
117801	0.411115	0.41448	0.000198849	0.614264	0.619292	29.0928	-7.3822	-7.38718	29.191	-6.76794	-6.76789	0.000271568	-0.0688782	-0.112288	0.0107061
118001	0.428615	0.414472	0.000202793	0.640411	0.619279	29.6698	-7.40834	-7.38717	29.7682	-6.76792	-6.76789	0.000270355	-0.209882	-0.112161	0.0109112
118201	0.396344	0.414532	0.000201809	0.592193	0.619369	29.5259	-7.36003	-7.38726	29.624	-6.76784	-6.76789	0.000268539	0.0353498	-0.112492	0.0108616
118401	0.415588	0.414524	0.000200754	0.620947	0.619356	29.3715	-7.38878	-7.38725	29.4688	-6.76783	-6.76789	0.000266565	-0.117729	-0.112444	0.0108128
118601	0.398658	0.41444	0.000202092	0.595651	0.619232	29.5673	-7.36347	-7.38712	29.6655	-6.76782	-6.76789	0.000268348	0.00469438	-0.111698	0.0108957
118801	0.401705	0.414471	0.000203225	0.600204	0.619279	29.7331	-7.36799	-7.38717	29.8316	-6.76779	-6.76789	0.000267238	-0.0244734	-0.111924	0.0109455
119001	0.438966	0.414404	0.000203097	0.655876	0.619177	29.7144	-7.42379	-7.38706	29.814	-6.76791	-6.76789	0.000272892	-0.311311	-0.111603	0.0109192
119201	0.407223	0.414422	0.00020576	0.608448	0.619205	30.1039	-7.3763	-7.38709	30.2042	-6.76785	-6.76789	0.000271792	-0.0835426	-0.111892	0.0110444
119401	0.390614	0.414504	0.00020709	0.583633	0.619327	30.2986	-7.35148	-7.38721	30.3992	-6.76785	-6.76789	0.000270134	0.0593451	-0.112513	0.0111229
119601	0.434812	0.414498	0.00020838	0.64967	0.619319	30.4873	-7.41764	-7.38721	30.5887	-6.76797	-6.76789	0.000269386	-0.263741	-0.112343	0.0111835
119801	0.435271	0.414484	0.000207601	0.650356	0.619297	30.3733	-7.41828	-7.38718	30.4742	-6.76793	-6.76789	0.000267241	-0.260286	-0.112327	0.0111344
120001	0.417338	0.414476	0.000206617	0.623562	0.619286	30.2294	-7.39154	-7.38717	30.3293	-6.76797	-6.76789	0.000266167	-0.12596	-0.112307	0.0110746
120201	0.398876	0.414528	0.000209803	0.595977	0.619364	30.6955	-7.36382	-7.38725	30.7977	-6.76784	-6.76789	0.000269315	0.00941851	-0.112707	0.0112545
120401	0.407024	0.4145	0.00020926	0.608151	0.619322	30.616	-7.37596	-7.38721	30.7178	-6.76781	-6.76789	0.000270654	-0.0553669	-0.112563	0.0112261
120601	0.41527	0.414518	0.000207784	0.620472	0.619349	30.4001	-7.38824	-7.38724	30.5006	-6.76777	-6.76789	0.000271287	-0.142356	-0.112647	0.0111482
120801	0.431851	0.414511	0.000210324	0.645246	0.619338	30.7717	-7.41319	-7.38722	30.8746	-6.76795	-6.76789	0.000274295	-0.252755	-0.112775	0.011286
121001	0.42454	0.414543	0.000210275	0.634323	0.619385	30.7645	-7.40228	-7.38727	30.8675	-6.76795	-6.76789	0.00027338	-0.173173	-0.113084	0.0112789
121201	0.408404	0.414471	0.000211469	0.610213	0.619278	30.9392	-7.37812	-7.38716	31.0419	-6.7679	-6.76789	0.00027124	-0.0414116	-0.112468	0.011334
121401	0.393432	0.414501	0.000213676	0.587842	0.619323	31.2622	-7.35564	-7.38721	31.3657	-6.7678	-6.76789	0.000270793	0.0385233	-0.112571	0.0114468
121601	0.402436	0.414519	0.00021334	0.601297	0.61935	31.213	-7.36905	-7.38724	31.3163	-6.76775	-6.76789	0.0002714	-0.0380927	-0.112785	0.011435
121801	0.415279	0.414486	0.000212909	0.620485	0.6193	31.15	-7.38843	-7.38719	31.2537	-6.76794	-6.76789	0.000272826	-0.12221	-0.112518	0.0114161
122001	0.380591	0.414531	0.00021455	0.568656	0.619368	31.39	-7.33639	-7.38725	31.4951	-6.76774	-6.76789	0.000273261	0.120991	-0.112818	0.0114852
122201	0.406813	0.414478	0.000213988	0.607836	0.619289	31.3078	-7.37559	-7.38717	31.4136	-6.76776	-6.76788	0.000283647	-0.0914402	-0.112572	0.0114443
122401	0.43463	0.414479	0.000213081	0.649398	0.61929	31.1751	-7.41728	-7.38717	31.2805	-6.76789	-6.76788	0.000285623	-0.241309	-0.112686	0.0113852
122601	0.419367	0.414471	0.000211966	0.626593	0.619278	31.0119	-7.3945	-7.38716	31.1165	-6.76791	-6.76788	0.000283241	-0.144072	-0.112558	0.0113132
122801	0.414879	0.414517	0.000210683	0.619887	0.619346	30.8242	-7.38775	-7.38723	30.9284	-6.76786	-6.76788	0.000282166	-0.0863692	-0.112712	0.0112371
123001	0.425541	0.414489	0.000212054	0.635819	0.619305	31.0248	-7.40375	-7.38719	31.1292	-6.76793	-6.76788	0.000280584	-0.165645	-0.112381	0.0113095
123201	0.41464	0.41448	0.000210824	0.619531	0.619291	30.8449	-7.38742	-7.38718	30.9485	-6.76789	-6.76788	0.000279601	-0.0945924	-0.112177	0.011244
123401	0.408434	0.414498	0.000209401	0.610258	0.619318	30.6367	-7.37809	-7.3872	30.7395	-6.76783	-6.76788	0.000277714	-0.0499186	-0.112249	0.011169
123601	0.394576	0.414452	0.000212971	0.589551	0.619249	31.159	-7.35745	-7.38713	31.2626	-6.7679	-6.76788	0.000276659	0.0217124	-0.111826	0.0113646
123801	0.408066	0.41453	0.00021364	0.609708	0.619366	31.2569	-7.37757	-7.38725	31.3605	-6.76786	-6.76788	0.000275413	-0.0498811	-0.112325	0.0113943
124001	0.422364	0.414499	0.000216893	0.631071	0.619319	31.7328	-7.39899	-7.3872	31.8372	-6.76792	-6.76788	0.000274143	-0.147686	-0.112042	0.0115887
124201	0.442324	0.414457	0.000215949	0.660894	0.619257	31.5947	-7.42899	-7.38714	31.6982	-6.76809	-6.76788	0.000275308	-0.280758	-0.111558	0.0115537
124401	0.408527	0.41453	0.000218018	0.610397	0.619366	31.8974	-7.37832	-7.38725	32.0034	-6.76792	-6.76789	0.000287652	-0.0451316	-0.111949	0.0116374
124601	0.37814	0.414506	0.000217525	0.564994	0.61933	31.8252	-7.33285	-7.38722	31.9308	-6.76785	-6.76789	0.000286354	0.174927	-0.111564	0.0116219
124801	0.437703	0.414466	0.000218403	0.65399	0.619271	31.9537	-7.42191	-7.38716	32.0587	-6.76792	-6.76789	0.00028417	-0.293037	-0.111213	0.0116789
125001	0.405906	0.414514	0.000220158	0.606481	0.619342	32.2105	-7.3744	-7.38723	32.3156	-6.76792	-6.76789	0.000283499	-0.0464577	-0.111459	0.0117846
125201	0.416983	0.414513	0.000218969	0.623032	0.619341	32.0365	-7.39095	-7.38723	32.1407	-6.76792	-6.76789	0.000281697	-0.127421	-0.111351	0.0117214
125401	0.41064	0.414478	0.000217577	0.613554	0.619288	31.8328	-7.3814	-7.38717	31.9367	-6.76785	-6.76789	0.000281413	-0.09375	-0.111249	0.0116361
125601	0.399472	0.414508	0.000216402	0.596867	0.619333	31.6609	-7.36469	-7.38722	31.764	-6.76782	-6.76789	0.000279822	-0.0241472	-0.111538	0.0115741
125801	0.416114	0.414524	0.000216585	0.621734	0.619358	31.6877	-7.38969	-7.38724	31.7913	-6.76796	-6.76789	0.000279828	-0.116325	-0.111701	0.0115746
126001	0.430432	0.414498	0.000216499	0.643125	0.619318	31.6752	-7.41097	-7.3872	31.7787	-6.76784	-6.76789	0.000278697	-0.233388	-0.111593	0.0115615
126201	0.394943	0.414488	0.000216436	0.590101	0.619303	31.6659	-7.35791	-7.38719	31.7691	-6.76781	-6.76789	0.000279187	0.0195539	-0.111612	0.0115506
126401	0.438833	0.414528	0.000217562	0.655678	0.619362	31.8306	-7.42364	-7.38725	31.9348	-6.76796	-6.76789	0.000279263	-0.273598	-0.111914	0.011593
126601	0.388783	0.414443	0.000218539	0.580896	0.619236	31.9736	-7.34869	-7.38712	32.0789	-6.7678	-6.76789	0.000279768	0.0944368	-0.111209	0.0116652
126801	0.406671	0.414485	0.000218094	0.607624	0.619299	31.9086	-7.37558	-7.38718	32.0138	-6.76796	-6.76789	0.00027952	-0.0429542	-0.111532	0.0116501
127001	0.405727	0.414488	0.000217275	0.606213	0.619304	31.7887	-7.37404	-7.38719	31.8933	-6.76783	-6.76789	0.000278508	-0.0431111	-0.111552	0.0116162
127201	0.416848	0.414466	0.000216646	0.622829	0.61927	31.6966	-7.3908	-7.38716	31.8011	-6.76797	-6.76789	0.00027767	-0.111754	-0.111276	0.011586
127401	0.426611	0.41448	0.000216127	0.637417	0.619291	31.6207	-7.40544	-7.38718	31.7249	-6.76803	-6.76789	0.000280358	-0.19695	-0.111364	0.0115615
127601	0.409133	0.414477	0.000215076	0.611302	0.619287	31.467	-7.37925	-7.38717	31.5707	-6.76794	-6.76789	0.000281059	-0.0660697	-0.111359	0.0115033
127801	0.397282	0.414444	0.000215116	0.593595	0.619237	31.4729	-7.36142	-7.38712	31.5774	-6.76783	-6.76789	0.000282127	0.025291	-0.111048	0.0115111
128001	0.4155	0.414503	0.000214917	0.620816	0.619325	31.4437	-7.38876	-7.38721	31.5489	-6.76794	-6.76789	0.000282619	-0.107494	-0.111522	0.0115207
128201	0.416662	0.41448	0.000213592	0.622552	0.619291	31.2499	-7.39047	-7.38718	31.3541	-6.76792	-6.76789	0.000282268	-0.135244	-0.111309	0.0114565
128401	0.406627	0.414486	0.000212253	0.607557	0.619301	31.054	-7.37535	-7.38719	31.1576	-6.7678	-6.76789	0.000280798	-0.0592744	-0.111384	0.0113866
128601	0.398807	0.414463	0.000211477	0.595873	0.619266	30.9404	-7.36377	-7.38715	31.044	-6.7679	-6.76789	0.000280935	0.0105909	-0.11123	0.0113444
128801	0.419959	0.414514	0.000212554	0.627477	0.619342	31.098	-7.39538	-7.38723	31.2025	-6.76791	-6.76789	0.000282197	-0.132069	-0.111449	0.0113755
129001	0.406966	0.414462	0.000213781	0.608064	0.619264	31.2775	-7.37587	-7.38715	31.3816	-6.76781	-6.76789	0.000280725	-0.0773124	-0.111047	0.0114412
129201	0.430296	0.414472	0.000213424	0.642923	0.61928	31.2253	-7.41089	-7.38717	31.3294	-6.76796	-6.76789	0.000281197	-0.230961	-0.111207	0.0114236
129401	0.413708	0.414511	0.000212425	0.618139	0.619338	31.079	-7.38604	-7.38723	31.1829	-6.7679	-6.76789	0.000280422	-0.115825	-0.111535	0.0113742
129601	0.40647	0.414487	0.000211698	0.607323	0.619302	30.9728	-7.37527	-7.38719	31.0763	-6.76795	-6.76789	0.000279271	-0.0233292	-0.111349	0.0113399
129801	0.399547	0.414485	0.000214852	0.596979	0.619299	31.4341	-7.36487	-7.38719	31.5382	-6.76789	-6.76789	0.000278744	0.0166101	-0.111249	0.0115171
130001	0.406413	0.41452	0.000213997	0.607239	0.619351	31.309	-7.37511	-7.38724	31.4128	-6.76788	-6.76789	0.000277238	-0.0710834	-0.111462	0.011464
130201	0.415839	0.414485	0.000213357	0.621322	0.6193	31.2154	-7.3892	-7.38719	31.3189	-6.76788	-6.76789	0.000276936	-0.114768	-0.111133	0.0114442
130401	0.404951	0.414492	0.000213001	0.605054	0.619309	31.1634	-7.37301	-7.3872	31.2663	-6.76796	-6.76789	0.000275424	-0.0295798	-0.111188	0.0114412
130601	0.406064	0.414527	0.000212498	0.606717	0.619362	31.0898	-7.3746	-7.38725	31.1924	-6.76788	-6.76789	0.000274697	-0.0499502	-0.111443	0.0114115
130801	0.41548	0.414519	0.000211443	0.620785	0.61935	30.9354	-7.38875	-7.38724	31.0375	-6.76797	-6.76789	0.000273801	-0.109031	-0.111323	0.0113541
131001	0.409016	0.414515	0.000210384	0.611127	0.619343	30.7805	-7.37902	-7.38723	30.8821	-6.76789	-6.76789	0.00027241	-0.0615233	-0.111284	0.0112938
131201	0.427133	0.414553	0.000209892	0.638197	0.6194	30.7085	-7.4061	-7.38729	30.8099	-6.76791	-6.76789	0.000271509	-0.208547	-0.111516	0.0112727
131401	0.42815	0.414509	0.000209924	0.639717	0.619334	30.7132	-7.40766	-7.38722	30.8143	-6.76794	-6.76789	0.000270074	-0.186714	-0.111087	0.0112836
131601	0.412568	0.414487	0.000209742	0.616435	0.619301	30.6865	-7.38442	-7.38719	30.7869	-6.76799	-6.76789	0.000269588	-0.103199	-0.110908	0.011271
131801	0.403046	0.414568	0.000210279	0.602208	0.619422	30.7651	-7.37009	-7.38731	30.8673	-6.76788	-6.76789	0.000274385	-0.0182859	-0.111514	0.0113056
132001	0.410073	0.414505	0.00020963	0.612706	0.619329	30.6702	-7.38052	-7.38722	30.7724	-6.76781	-6.76789	0.000273993	-0.062527	-0.111012	0.0112772
132201	0.390319	0.414495	0.00020871	0.583191	0.619314	30.5356	-7.35101	-7.3872	30.6374	-6.76782	-6.76789	0.000273347	0.056593	-0.110862	0.0112255
132401	0.412299	0.414539	0.000209912	0.616032	0.61938	30.7115	-7.38392	-7.38727	30.8145	-6.76789	-6.76789	0.000274735	-0.101805	-0.11122	0.0112893
132601	0.423463	0.414533	0.00020935	0.632714	0.619371	30.6293	-7.40054	-7.38726	30.7317	-6.76783	-6.76789	0.000274359	-0.178217	-0.111265	0.0112555
132801	0.391768	0.414502	0.000209992	0.585357	0.619325	30.7231	-7.35317	-7.38721	30.8257	-6.76781	-6.76789	0.000275424	0.0566671	-0.111033	0.0112884
133001	0.42359	0.414505	0.000211337	0.632903	0.619329	30.9199	-7.40084	-7.38722	31.0233	-6.76793	-6.76789	0.000276282	-0.188995	-0.111094	0.0113596
133201	0.409712	0.414488	0.000211023	0.612167	0.619304	30.874	-7.37998	-7.38719	30.9778	-6.76782	-6.76789	0.000276827	-0.113012	-0.111034	0.0113401
133401	0.388622	0.414477	0.000210607	0.580656	0.619287	30.8132	-7.3485	-7.38718	30.9166	-6.76784	-6.76789	0.000276954	0.0597507	-0.111057	0.0113182
133601	0.421856	0.414528	0.000211133	0.630312	0.619364	30.89	-7.39822	-7.38725	30.9944	-6.76791	-6.76789	0.000278427	-0.173457	-0.111311	0.0113178
133801	0.413052	0.4145	0.000211114	0.617158	0.619321	30.8873	-7.38494	-7.38721	30.9916	-6.76778	-6.76789	0.000278986	-0.111048	-0.11112	0.0113113
134001	0.409117	0.414499	0.000211706	0.611278	0.619319	30.974	-7.37917	-7.38721	31.0787	-6.76789	-6.76789	0.000278773	-0.0644303	-0.11111	0.0113404
134201	0.410527	0.414511	0.000210728	0.613385	0.619338	30.8308	-7.38122	-7.38723	30.9351	-6.76783	-6.76789	0.000277767	-0.0755579	-0.111183	0.0112893
134401	0.435724	0.414497	0.000211747	0.651033	0.619316	30.98	-7.41898	-7.3872	31.0848	-6.76795	-6.76789	0.000277865	-0.253557	-0.11111	0.0113367
134601	0.407275	0.41448	0.000212046	0.608526	0.619292	31.0237	-7.3764	-7.38718	31.1286	-6.76787	-6.76789	0.000276885	-0.0583065	-0.110945	0.011346
134801	0.405262	0.414507	0.000211619	0.605518	0.619332	30.9611	-7.37342	-7.38722	31.0656	-6.7679	-6.76789	0.000275727	-0.0430139	-0.111109	0.0113213
135001	0.414385	0.414478	0.000210796	0.619149	0.619289	30.8408	-7.38696	-7.38718	30.9448	-6.76781	-6.76789	0.000275332	-0.126509	-0.110918	0.0112748
135201	0.416217	0.414481	0.000209935	0.621887	0.619293	30.7148	-7.38973	-7.38718	30.8184	-6.76784	-6.76789	0.000274515	-0.124448	-0.11098	0.0112291
135401	0.400972	0.414471	0.000210959	0.599108	0.619279	30.8646	-7.36694	-7.38717	30.9681	-6.76783	-6.76789	0.000273488	-0.0193372	-0.110878	0.0112784
135601	0.405865	0.414445	0.000211258	0.606419	0.619239	30.9084	-7.3742	-7.38713	31.0121	-6.76779	-6.76789	0.000273273	-0.0667312	-0.110703	0.0113025
135801	0.418468	0.414481	0.000213152	0.625251	0.619293	31.1855	-7.39322	-7.38718	31.2896	-6.76797	-6.76789	0.000273382	-0.141298	-0.110993	0.0113982
136001	0.429151	0.414474	0.000212435	0.641212	0.619283	31.0806	-7.40918	-7.38717	31.1841	-6.76797	-6.76789	0.00027311	-0.21148	-0.110951	0.0113578
136201	0.390034	0.414484	0.000211826	0.582765	0.619298	30.9915	-7.35057	-7.38719	31.0949	-6.7678	-6.76789	0.000272587	0.0557424	-0.110999	0.0113226
136401	0.44343	0.41449	0.00021247	0.662547	0.619306	31.0857	-7.43052	-7.38719	31.1897	-6.76797	-6.76789	0.000273123	-0.331964	-0.111057	0.0113521
136601	0.397039	0.414486	0.000212683	0.593232	0.6193	31.1169	-7.36106	-7.38719	31.2205	-6.76783	-6.76789	0.000271919	0.0186439	-0.111038	0.0113737
136801	0.424791	0.414469	0.000213957	0.634697	0.619275	31.3032	-7.4026	-7.38716	31.4071	-6.7679	-6.76789	0.000271445	-0.171238	-0.110893	0.011444
137001	0.411237	0.414472	0.000213236	0.614447	0.619279	31.1978	-7.38232	-7.38717	31.3012	-6.76787	-6.76789	0.00027024	-0.0500163	-0.110933	0.0114142
137201	0.434458	0.414471	0.00021266	0.649142	0.619278	31.1135	-7.41703	-7.38717	31.2166	-6.76789	-6.76789	0.000269197	-0.263807	-0.110907	0.0113966
137401	0.419762	0.414454	0.000214138	0.627184	0.619252	31.3298	-7.39507	-7.38714	31.4335	-6.76789	-6.76789	0.000270018	-0.158101	-0.110815	0.0114743
137601	0.40806	0.414463	0.000213908	0.609698	0.619266	31.2961	-7.37761	-7.38715	31.3997	-6.76791	-6.76789	0.000270428	-0.0324155	-0.1108	0.0114548
137801	0.401827	0.41446	0.000213457	0.600387	0.619261	31.2301	-7.36822	-7.38715	31.3336	-6.76783	-6.76789	0.000269357	-0.0184505	-0.1108	0.0114386
138001	0.408037	0.414428	0.000213	0.609665	0.619214	31.1633	-7.37758	-7.3871	31.2666	-6.76792	-6.76789	0.000268802	-0.062599	-0.110572	0.0114124
138201	0.429023	0.414428	0.000213666	0.64102	0.619213	31.2607	-7.40889	-7.3871	31.364	-6.76787	-6.76789	0.000267972	-0.235123	-0.110584	0.0114371
138401	0.397923	0.414453	0.000213352	0.594553	0.619251	31.2148	-7.36244	-7.38714	31.3175	-6.76789	-6.76789	0.000266591	-0.0019377	-0.110813	0.0114241
138601	0.41829	0.414464	0.000213237	0.624985	0.619268	31.198	-7.39289	-7.38716	31.3005	-6.76791	-6.76789	0.000266355	-0.142469	-0.110838	0.0114171
138801	0.439673	0.414477	0.000214709	0.656933	0.619287	31.4133	-7.42491	-7.38717	31.5163	-6.76798	-6.76789	0.000266698	-0.30085	-0.110956	0.0114993
139001	0.439756	0.414457	0.000216424	0.657057	0.619257	31.6642	-7.42496	-7.38714	31.7679	-6.7679	-6.76789	0.000266361	-0.297328	-0.110809	0.0115942
139201	0.443319	0.414453	0.000216492	0.662381	0.619251	31.6742	-7.43035	-7.38714	31.7775	-6.76797	-6.76789	0.00026518	-0.332426	-0.110841	0.0115946
139401	0.426623	0.414475	0.000217333	0.637435	0.619284	31.7972	-7.40529	-7.38717	31.9014	-6.76786	-6.76789	0.000265814	-0.213648	-0.111043	0.0116449
139601	0.417994	0.414451	0.000219275	0.624543	0.619248	32.0813	-7.39231	-7.38713	32.1871	-6.76777	-6.76789	0.000271237	-0.145916	-0.110976	0.0117445
139801	0.409554	0.414463	0.000218579	0.611931	0.619267	31.9794	-7.37977	-7.38715	32.0848	-6.76784	-6.76789	0.000270813	-0.117897	-0.111089	0.011702
140001	0.439615	0.414454	0.000218347	0.656847	0.619252	31.9455	-7.42488	-7.38714	32.0509	-6.76803	-6.76789	0.000270704	-0.314739	-0.111108	0.0116924
140201	0.393601	0.414476	0.000218845	0.588096	0.619285	32.0184	-7.35598	-7.38717	32.1242	-6.76789	-6.76789	0.000271816	0.0310935	-0.111247	0.0117268
140401	0.45683	0.414486	0.000218874	0.682569	0.619301	32.0226	-7.45056	-7.38719	32.1283	-6.76799	-6.76789	0.000271078	-0.444089	-0.11135	0.0117352
140601	0.421628	0.414455	0.000220459	0.629971	0.619255	32.2546	-7.39787	-7.38714	32.3613	-6.7679	-6.76789	0.000271449	-0.157233	-0.111074	0.0118477
140801	0.405428	0.414499	0.000220292	0.605766	0.619319	32.23	-7.37365	-7.38721	32.337	-6.76789	-6.76789	0.000271556	-0.063455	-0.11138	0.0118327
141001	0.400395	0.414491	0.000219345	0.598247	0.619308	32.0916	-7.3661	-7.3872	32.198	-6.76785	-6.76789	0.000270399	0.00971513	-0.111329	0.0117835
141201	0.404673	0.414522	0.000220017	0.604638	0.619354	32.1899	-7.37252	-7.38724	32.2967	-6.76788	-6.76789	0.000269925	-0.0438419	-0.111548	0.0118347
141401	0.429548	0.414497	0.000219542	0.641805	0.619317	32.1204	-7.40979	-7.3872	32.2271	-6.76799	-6.76789	0.000269296	-0.223183	-0.111348	0.0118072
141601	0.405148	0.414525	0.000219121	0.605348	0.619359	32.0588	-7.37323	-7.38725	32.1656	-6.76789	-6.76789	0.000269695	-0.0520428	-0.111579	0.0117862
141801	0.412996	0.414525	0.000218341	0.617075	0.619359	31.9446	-7.38496	-7.38725	32.051	-6.76788	-6.76789	0.000268651	-0.0964264	-0.111497	0.0117483
142001	0.436122	0.414496	0.000217871	0.651627	0.619316	31.8759	-7.41959	-7.3872	31.9819	-6.76796	-6.76789	0.000267567	-0.263601	-0.111242	0.0117284
142201	0.407149	0.414483	0.000218624	0.608338	0.619296	31.986	-7.37615	-7.38718	32.0926	-6.76781	-6.76789	0.000267472	-0.0451072	-0.111169	0.0117714
142401	0.41786	0.4145	0.000217814	0.624342	0.619321	31.8675	-7.39223	-7.38721	31.9736	-6.76789	-6.76789	0.000266524	-0.140911	-0.111264	0.0117248
142601	0.392487	0.414508	0.000217203	0.586431	0.619333	31.7782	-7.35421	-7.38722	31.884	-6.76778	-6.76789	0.000265773	0.0450468	-0.111364	0.0116954
142801	0.421583	0.414479	0.000216652	0.629904	0.61929	31.6976	-7.39772	-7.38718	31.8035	-6.76782	-6.76789	0.000266467	-0.167292	-0.111185	0.0116637
143001	0.42944	0.414497	0.000215937	0.641643	0.619316	31.5929	-7.40963	-7.3872	31.6984	-6.76798	-6.76789	0.000266065	-0.217755	-0.111354	0.0116263
143201	0.410444	0.41451	0.000215233	0.613261	0.619337	31.49	-7.38115	-7.38722	31.5953	-6.76789	-6.76789	0.000265796	-0.0734897	-0.111432	0.0115858
143401	0.395683	0.414497	0.00021455	0.591206	0.619317	31.3901	-7.35903	-7.3872	31.4949	-6.76783	-6.76789	0.00026561	0.0186357	-0.111307	0.011552
143601	0.406201	0.414513	0.000215671	0.606921	0.619341	31.554	-7.37484	-7.38723	31.6596	-6.76792	-6.76789	0.000266175	-0.0629063	-0.11144	0.0116096
143801	0.422668	0.414502	0.000215729	0.631525	0.619324	31.5625	-7.39943	-7.38721	31.6679	-6.7679	-6.76789	0.000265214	-0.158482	-0.1114	0.0116043
144001	0.423476	0.4145	0.000215199	0.632733	0.619322	31.485	-7.40055	-7.38721	31.59	-6.76782	-6.76789	0.000264298	-0.180331	-0.111397	0.0115765
144201	0.424312	0.414488	0.000215457	0.633982	0.619303	31.5226	-7.40185	-7.38719	31.6281	-6.76786	-6.76789	0.00026674	-0.213618	-0.11136	0.0115919
144401	0.411816	0.414463	0.000214939	0.615311	0.619266	31.4469	-7.38319	-7.38715	31.552	-6.76788	-6.76789	0.000265762	-0.121493	-0.111255	0.0115599
144601	0.411585	0.414534	0.000215508	0.614965	0.619372	31.5301	-7.3828	-7.38726	31.6361	-6.76783	-6.76789	0.00026688	-0.121456	-0.111881	0.0116136
144801	0.432385	0.41447	0.000216947	0.646044	0.619276	31.7407	-7.41394	-7.38716	31.8486	-6.7679	-6.76789	0.000269933	-0.253145	-0.111464	0.0116837
145001	0.433426	0.414501	0.000216415	0.647599	0.619323	31.6629	-7.4156	-7.38721	31.7707	-6.768	-6.76789	0.000269783	-0.261483	-0.111706	0.0116597
145201	0.418283	0.414481	0.000216128	0.624974	0.619293	31.6209	-7.39282	-7.38718	31.7286	-6.76785	-6.76789	0.000269573	-0.161277	-0.11159	0.0116392
145401	0.407957	0.414481	0.000215507	0.609546	0.619293	31.5299	-7.37743	-7.38718	31.6372	-6.76788	-6.76789	0.000268437	-0.0765053	-0.111597	0.0116085
145601	0.421524	0.414477	0.000215009	0.629816	0.619287	31.4571	-7.39777	-7.38717	31.5641	-6.76796	-6.76789	0.000267488	-0.161044	-0.111587	0.0115797
145801	0.400597	0.414506	0.000215444	0.598549	0.619331	31.5208	-7.36637	-7.38722	31.6282	-6.76783	-6.76789	0.000267475	-0.00535298	-0.111796	0.0115927
146001	0.409621	0.4145	0.000215324	0.612032	0.619321	31.5032	-7.37984	-7.38721	31.6104	-6.76781	-6.76789	0.000267983	-0.066346	-0.111716	0.0115831
146201	0.414759	0.414477	0.00021471	0.619709	0.619287	31.4134	-7.38756	-7.38717	31.5204	-6.76785	-6.76789	0.000267902	-0.0949502	-0.111532	0.0115499
146401	0.42207	0.414475	0.00021427	0.630632	0.619285	31.349	-7.3985	-7.38717	31.4556	-6.76787	-6.76789	0.00026739	-0.18904	-0.111515	0.011526
146601	0.395928	0.414481	0.000213736	0.591571	0.619292	31.271	-7.35941	-7.38718	31.3772	-6.76784	-6.76789	0.000266714	-0.000635071	-0.111619	0.0114997
146801	0.441818	0.414506	0.000214133	0.660139	0.61933	31.329	-7.4281	-7.38722	31.4352	-6.76796	-6.76789	0.000266214	-0.31763	-0.111881	0.0115221
147001	0.414388	0.414478	0.000214142	0.619154	0.619289	31.3303	-7.38699	-7.38718	31.4365	-6.76783	-6.76789	0.000265911	-0.111867	-0.111718	0.0115158
147201	0.402911	0.414484	0.000213584	0.602006	0.619298	31.2487	-7.36973	-7.38718	31.3546	-6.76772	-6.76789	0.000267358	-0.0490465	-0.111809	0.0114841
147401	0.415422	0.414492	0.000213184	0.620699	0.619309	31.1902	-7.38859	-7.3872	31.2961	-6.76789	-6.76789	0.000267961	-0.135078	-0.111909	0.0114584
147601	0.41374	0.414496	0.000212422	0.618186	0.619316	31.0787	-7.38608	-7.3872	31.1842	-6.76789	-6.76789	0.000266935	-0.11255	-0.112034	0.0114215
147801	0.427079	0.414482	0.000211941	0.638116	0.619294	31.0083	-7.40596	-7.38718	31.1138	-6.76784	-6.76789	0.000266638	-0.22638	-0.111977	0.0113934
148001	0.40566	0.414479	0.000211871	0.606113	0.61929	30.9981	-7.37394	-7.38718	31.1034	-6.76783	-6.76789	0.000266842	-0.0832374	-0.112009	0.0113943
148201	0.402912	0.414501	0.000212116	0.602008	0.619323	31.0339	-7.36989	-7.38721	31.1392	-6.76788	-6.76789	0.000266264	-0.0317519	-0.112204	0.0114007
148401	0.420234	0.414473	0.00021174	0.627889	0.619282	30.9789	-7.39573	-7.38717	31.0842	-6.76784	-6.76789	0.000266903	-0.150814	-0.112008	0.0113789
148601	0.419567	0.41447	0.00021134	0.626893	0.619277	30.9204	-7.3948	-7.38716	31.0256	-6.76791	-6.76789	0.00026621	-0.175287	-0.11205	0.0113595
148801	0.434211	0.414495	0.000211101	0.648772	0.619313	30.8854	-7.41666	-7.3872	30.9903	-6.76788	-6.76789	0.00026523	-0.260132	-0.112293	0.0113527
149001	0.415579	0.414443	0.000211511	0.620934	0.619236	30.9454	-7.38888	-7.38712	31.0505	-6.76795	-6.76788	0.000265056	-0.122485	-0.111939	0.0113654
149201	0.386346	0.414504	0.000213212	0.577256	0.619328	31.1943	-7.34514	-7.38721	31.301	-6.76789	-6.76789	0.000267735	0.0856569	-0.112404	0.0114609
149401	0.406151	0.414435	0.000214699	0.606847	0.619225	31.4118	-7.37469	-7.38711	31.5188	-6.76784	-6.76789	0.000267542	-0.0430377	-0.111888	0.0115417
149601	0.390059	0.414486	0.000215024	0.582804	0.619301	31.4593	-7.35072	-7.38719	31.5666	-6.76791	-6.76789	0.000267479	0.0667201	-0.112291	0.0115685
149801	0.41292	0.414451	0.000215645	0.616961	0.619249	31.5502	-7.38486	-7.38713	31.6571	-6.7679	-6.76789	0.000266503	-0.0939978	-0.112031	0.011605
150001	0.419456	0.414461	0.000215193	0.626727	0.619264	31.4841	-7.39465	-7.38715	31.5909	-6.76792	-6.76789	0.000266888	-0.153217	-0.112102	0.0115808
150201	0.406794	0.414466	0.00021444	0.607808	0.61927	31.3739	-7.37571	-7.38716	31.4804	-6.7679	-6.76789	0.000266988	-0.0617178	-0.112135	0.011541
150401	0.404023	0.414454	0.000214203	0.603667	0.619252	31.3392	-7.37162	-7.38714	31.4454	-6.76795	-6.76789	0.000266278	-0.0296171	-0.112078	0.0115285
150601	0.400798	0.414493	0.000215212	0.598849	0.619311	31.4869	-7.36667	-7.3872	31.5946	-6.76782	-6.76789	0.000269899	-0.0105045	-0.112347	0.011575
150801	0.419076	0.414483	0.000215943	0.626158	0.619296	31.5939	-7.39406	-7.38718	31.702	-6.7679	-6.76789	0.000270317	-0.158117	-0.112321	0.0116104
151001	0.41388	0.414478	0.000215849	0.618395	0.619288	31.5801	-7.38631	-7.38717	31.688	-6.76791	-6.76789	0.000269632	-0.122873	-0.112326	0.0116105
151201	0.414534	0.414493	0.000215488	0.619373	0.619311	31.5272	-7.38724	-7.3872	31.635	-6.76787	-6.76789	0.000269061	-0.0982605	-0.112422	0.0115905
151401	0.397512	0.414471	0.000215033	0.593939	0.619277	31.4607	-7.36179	-7.38716	31.5683	-6.76785	-6.76789	0.000269401	0.0404992	-0.112235	0.0115695
151601	0.416009	0.414474	0.000214411	0.621576	0.619283	31.3697	-7.38955	-7.38717	31.4771	-6.76797	-6.76789	0.000269153	-0.104948	-0.112233	0.0115419
151801	0.435121	0.414503	0.000214133	0.650131	0.619325	31.329	-7.41811	-7.38721	31.4364	-6.76798	-6.76789	0.000269996	-0.265295	-0.112414	0.0115247
152001	0.404254	0.414468	0.000214254	0.604013	0.619274	31.3468	-7.37187	-7.38716	31.4539	-6.76786	-6.76789	0.000269755	-0.0176531	-0.11212	0.0115399
152201	0.430917	0.414483	0.00021367	0.64385	0.619296	31.2613	-7.41182	-7.38718	31.3681	-6.76797	-6.76789	0.000268992	-0.251031	-0.11222	0.0115107
152401	0.392943	0.414491	0.000213935	0.587112	0.619308	31.3	-7.35493	-7.38719	31.4072	-6.76782	-6.76789	0.000269486	0.0369829	-0.112314	0.0115229
152601	0.41943	0.414494	0.000213536	0.626687	0.619312	31.2416	-7.39466	-7.3872	31.3486	-6.76798	-6.76789	0.000269234	-0.14843	-0.112343	0.0114995
152801	0.400837	0.414477	0.000213598	0.598906	0.619286	31.2507	-7.36673	-7.38717	31.3579	-6.76783	-6.76789	0.000269658	-0.0262725	-0.112235	0.0114985
153001	0.409151	0.414479	0.000213083	0.61133	0.619289	31.1754	-7.37927	-7.38718	31.2825	-6.76794	-6.76789	0.00026931	-0.0759818	-0.112283	0.0114688
153201	0.396713	0.414483	0.000212837	0.592744	0.619295	31.1393	-7.36056	-7.38718	31.2461	-6.76782	-6.76789	0.000268695	-0.0316027	-0.112404	0.0114577
153401	0.417371	0.414503	0.000212957	0.623611	0.619325	31.1569	-7.39154	-7.38721	31.2639	-6.76793	-6.76789	0.00026851	-0.16253	-0.11261	0.0114634
153601	0.434971	0.414498	0.000213124	0.649909	0.619319	31.1814	-7.41788	-7.38721	31.2883	-6.76797	-6.76789	0.000268174	-0.276492	-0.112612	0.0114721
153801	0.401163	0.414489	0.000212953	0.599394	0.619305	31.1563	-7.36726	-7.38719	31.2631	-6.76787	-6.76789	0.000267574	-0.0155055	-0.112534	0.0114642
154001	0.399344	0.414506	0.000212691	0.596676	0.61933	31.1181	-7.36448	-7.38722	31.225	-6.7678	-6.76789	0.000267495	0.00260742	-0.112621	0.011444
154201	0.416408	0.414487	0.000213159	0.622172	0.619302	31.1865	-7.39009	-7.38719	31.2937	-6.76792	-6.76789	0.000268248	-0.116177	-0.112526	0.0114628
154401	0.414259	0.41449	0.0002125	0.618962	0.619307	31.0901	-7.3868	-7.38719	31.1968	-6.76784	-6.76789	0.000267726	-0.0893924	-0.112524	0.011426
154601	0.406784	0.414476	0.000212064	0.607792	0.619286	31.0263	-7.37566	-7.38717	31.1328	-6.76787	-6.76789	0.000267025	-0.054576	-0.112463	0.0114075
154801	0.416408	0.414477	0.000211448	0.622172	0.619287	30.9361	-7.39012	-7.38717	31.0423	-6.76794	-6.76789	0.000266231	-0.106106	-0.112406	0.0113785
155001	0.416855	0.41448	0.000211116	0.62284	0.619291	30.8875	-7.39073	-7.38718	30.9936	-6.76789	-6.76789	0.000266154	-0.121363	-0.112418	0.0113635
155201	0.417941	0.414458	0.000211261	0.624462	0.619259	30.9088	-7.39238	-7.38715	31.0148	-6.76791	-6.76789	0.000265442	-0.102512	-0.112188	0.0113752
155401	0.422451	0.414485	0.000211242	0.631201	0.619299	30.906	-7.39915	-7.38719	31.0122	-6.76795	-6.76789	0.000266012	-0.180093	-0.112404	0.0113749
155601	0.407631	0.414465	0.000211084	0.609058	0.619269	30.8828	-7.3769	-7.38716	30.989	-6.76784	-6.76789	0.000265408	-0.055244	-0.112233	0.011366
155801	0.410583	0.414496	0.000210718	0.613468	0.619315	30.8293	-7.38125	-7.3872	30.9351	-6.76778	-6.76789	0.000264802	-0.106147	-0.112497	0.0113526
156001	0.432241	0.414479	0.000211159	0.645829	0.61929	30.8938	-7.41378	-7.38718	31.0001	-6.76796	-6.76789	0.000265168	-0.242054	-0.112381	0.0113786
156201	0.405054	0.414494	0.000210955	0.605208	0.619313	30.864	-7.37297	-7.3872	30.9703	-6.76776	-6.76789	0.000265316	-0.0463347	-0.112489	0.011365
156401	0.423378	0.414478	0.000211012	0.632586	0.619289	30.8724	-7.40048	-7.38718	30.9791	-6.76789	-6.76789	0.000267515	-0.165332	-0.112327	0.0113714
156601	0.412877	0.414466	0.000210425	0.616897	0.619271	30.7865	-7.38476	-7.38716	30.893	-6.76787	-6.76789	0.000267081	-0.117859	-0.112234	0.0113379
156801	0.399265	0.414488	0.000210205	0.596557	0.619304	30.7543	-7.36442	-7.38719	30.8604	-6.76786	-6.76789	0.000266201	-0.00691745	-0.112407	0.0113259
157001	0.424654	0.414461	0.000210121	0.634493	0.619263	30.7419	-7.40232	-7.38715	30.8481	-6.76783	-6.76789	0.000266492	-0.19734	-0.112212	0.0113217
157201	0.412343	0.414462	0.000209447	0.616098	0.619264	30.6434	-7.38402	-7.38715	30.7492	-6.76792	-6.76789	0.000265833	-0.0867994	-0.112227	0.0112858
157401	0.409753	0.414465	0.00020957	0.612228	0.619268	30.6614	-7.38009	-7.38715	30.7672	-6.76786	-6.76789	0.000265498	-0.0949973	-0.112254	0.011291
157601	0.402255	0.414468	0.000209324	0.601026	0.619274	30.6255	-7.36884	-7.38716	30.7309	-6.76782	-6.76789	0.000264748	-0.0145776	-0.112315	0.0112808
157801	0.401421	0.414444	0.000209112	0.59978	0.619238	30.5943	-7.36774	-7.38712	30.6996	-6.76796	-6.76789	0.000264249	-0.0170413	-0.112095	0.0112715
158001	0.436158	0.414464	0.000209885	0.651681	0.619267	30.7075	-7.41964	-7.38715	30.8132	-6.76796	-6.76789	0.000265021	-0.284871	-0.112287	0.0113144
158201	0.410534	0.414453	0.000210494	0.613396	0.619252	30.7965	-7.38117	-7.38714	30.9028	-6.76778	-6.76789	0.000265713	-0.0808002	-0.112256	0.0113437
158401	0.41932	0.414463	0.000210126	0.626523	0.619266	30.7428	-7.39443	-7.38715	30.8489	-6.76791	-6.76789	0.000265485	-0.172433	-0.112354	0.0113232
158601	0.424311	0.41448	0.000210368	0.63398	0.619291	30.7782	-7.40195	-7.38718	30.8846	-6.76797	-6.76789	0.000265727	-0.212932	-0.11252	0.0113444
158801	0.393737	0.414474	0.000209796	0.588298	0.619283	30.6945	-7.35609	-7.38717	30.8007	-6.76779	-6.76789	0.000265593	0.0347049	-0.112537	0.0113143
159001	0.39808	0.414453	0.000209535	0.594788	0.619251	30.6563	-7.36268	-7.38714	30.7624	-6.76789	-6.76789	0.000265254	0.00478321	-0.112377	0.011299
159201	0.425989	0.414483	0.000209624	0.636487	0.619296	30.6693	-7.40449	-7.38718	30.7759	-6.768	-6.76789	0.000266519	-0.213749	-0.112621	0.0113053
159401	0.41105	0.41445	0.000209584	0.614166	0.619247	30.6634	-7.382	-7.38713	30.7701	-6.76783	-6.76789	0.000266441	-0.104241	-0.112408	0.0113009
159601	0.412312	0.414463	0.00020897	0.616052	0.619266	30.5737	-7.38392	-7.38715	30.68	-6.76787	-6.76789	0.000265722	-0.115931	-0.112536	0.0112691
159801	0.382799	0.414468	0.000209318	0.571956	0.619273	30.6246	-7.33978	-7.38716	30.7311	-6.76782	-6.76789	0.000265284	0.112034	-0.112583	0.0112873
160001	0.405074	0.414462	0.000209736	0.605238	0.619264	30.6857	-7.37305	-7.38715	30.7923	-6.76781	-6.76789	0.000264838	-0.0467583	-0.11256	0.0113064
160201	0.426962	0.414454	0.000209597	0.637942	0.619252	30.6653	-7.40583	-7.38714	30.7719	-6.76789	-6.76789	0.000265252	-0.23527	-0.112537	0.0113032
160401	0.383731	0.414468	0.000210878	0.573348	0.619274	30.8527	-7.34112	-7.38716	30.9598	-6.76777	-6.76789	0.000265254	0.109068	-0.11271	0.0113741
160601	0.403087	0.414456	0.00021097	0.602269	0.619255	30.8662	-7.37015	-7.38714	30.9732	-6.76789	-6.76789	0.00026498	-0.0144121	-0.112566	0.0113794
160801	0.403123	0.41445	0.000210844	0.602323	0.619247	30.8477	-7.37018	-7.38713	30.9546	-6.76786	-6.76789	0.000264476	-0.046018	-0.112548	0.011368
161001	0.41068	0.414474	0.000210469	0.613613	0.619283	30.793	-7.38147	-7.38717	30.8996	-6.76786	-6.76789	0.000263853	-0.0724197	-0.112706	0.0113453
161201	0.42133	0.414474	0.000210513	0.629526	0.619282	30.7993	-7.39735	-7.38717	30.9058	-6.76782	-6.76789	0.000263334	-0.169741	-0.112713	0.0113502
161401	0.433081	0.414468	0.000210118	0.647084	0.619273	30.7416	-7.4149	-7.38716	30.848	-6.76782	-6.76789	0.000265147	-0.264427	-0.112713	0.0113266
161601	0.389708	0.414464	0.000210077	0.582278	0.619268	30.7356	-7.35006	-7.38715	30.8419	-6.76778	-6.76789	0.000264899	0.0908011	-0.112649	0.0113288
161801	0.406005	0.414477	0.000210026	0.606629	0.619287	30.7281	-7.37453	-7.38717	30.8342	-6.7679	-6.76789	0.000264497	-0.0282428	-0.112728	0.0113231
162001	0.43382	0.41447	0.000209888	0.648188	0.619277	30.7079	-7.41603	-7.38716	30.8137	-6.76784	-6.76789	0.000263939	-0.248134	-0.112667	0.0113149
162201	0.408332	0.414452	0.000210031	0.610106	0.61925	30.7289	-7.37783	-7.38714	30.8352	-6.76773	-6.76789	0.000266021	-0.056675	-0.112547	0.0113148
162401	0.431854	0.414473	0.000209987	0.645251	0.619281	30.7224	-7.41321	-7.38717	30.8287	-6.76796	-6.76789	0.000266228	-0.241707	-0.11267	0.011318
162601	0.415904	0.414467	0.000209496	0.621419	0.619272	30.6505	-7.38926	-7.38716	30.7567	-6.76784	-6.76789	0.000265954	-0.115363	-0.112601	0.0112925
162801	0.430623	0.414457	0.000209279	0.643412	0.619257	30.6188	-7.41133	-7.38714	30.7248	-6.76792	-6.76788	0.000265587	-0.228399	-0.112523	0.0112813
163001	0.415523	0.414459	0.000208857	0.62085	0.61926	30.5571	-7.38872	-7.38714	30.6628	-6.76787	-6.76788	0.000264818	-0.119429	-0.112487	0.0112576
163201	0.396481	0.414473	0.000209772	0.592398	0.619281	30.6909	-7.36025	-7.38717	30.797	-6.76786	-6.76789	0.000264443	0.0433707	-0.112594	0.0113088
163401	0.420979	0.414449	0.00020955	0.629001	0.619244	30.6585	-7.3969	-7.38713	30.7642	-6.76789	-6.76788	0.00026368	-0.161001	-0.112386	0.0112985
163601	0.419734	0.414469	0.000209238	0.627141	0.619276	30.6128	-7.39503	-7.38716	30.7185	-6.76789	-6.76789	0.000263157	-0.153824	-0.11255	0.0112806
163801	0.427134	0.414461	0.000208717	0.638198	0.619263	30.5366	-7.40612	-7.38715	30.642	-6.76792	-6.76789	0.000262443	-0.190431	-0.112527	0.0112515
164001	0.433121	0.414464	0.000210083	0.647143	0.619267	30.7364	-7.41501	-7.38715	30.842	-6.76787	-6.76788	0.00026197	-0.262541	-0.112565	0.0113161
164201	0.410163	0.414482	0.000209594	0.612841	0.619294	30.6649	-7.3807	-7.38718	30.7703	-6.76785	-6.76789	0.000261664	-0.0792562	-0.11269	0.0112893
164401	0.415342	0.414467	0.000210002	0.62058	0.619272	30.7245	-7.38846	-7.38716	30.8304	-6.76788	-6.76788	0.000261985	-0.115281	-0.11254	0.0113204
164601	0.411959	0.414468	0.00021045	0.615524	0.619274	30.7902	-7.38341	-7.38716	30.8959	-6.76788	-6.76789	0.000261514	-0.103847	-0.112543	0.0113381
164801	0.415982	0.414468	0.000210048	0.621536	0.619273	30.7313	-7.38938	-7.38716	30.8369	-6.76785	-6.76789	0.000260858	-0.127809	-0.112529	0.0113143
165001	0.409349	0.414482	0.000210158	0.611625	0.619294	30.7474	-7.3795	-7.38718	30.8528	-6.76787	-6.76789	0.000260141	-0.106911	-0.112668	0.0113204
165201	0.412544	0.414462	0.000209933	0.616399	0.619264	30.7145	-7.38423	-7.38715	30.8198	-6.76783	-6.76788	0.000259967	-0.111435	-0.112577	0.0113063
165401	0.406519	0.414461	0.000209535	0.607397	0.619263	30.6562	-7.37522	-7.38715	30.7613	-6.76782	-6.76788	0.000259562	-0.0640041	-0.112571	0.0112866
165601	0.402118	0.414462	0.00020973	0.600822	0.619265	30.6848	-7.3686	-7.38715	30.7899	-6.76778	-6.76788	0.000259764	-0.0267619	-0.11262	0.0112949
165801	0.405112	0.414449	0.000209555	0.605294	0.619246	30.6592	-7.3732	-7.38713	30.7641	-6.7679	-6.76788	0.000259519	-0.0623706	-0.112522	0.0112838
166001	0.425369	0.414455	0.000210791	0.635562	0.619254	30.8401	-7.40342	-7.38714	30.9453	-6.76786	-6.76788	0.000259901	-0.188058	-0.112559	0.0113593
166201	0.41642	0.41446	0.000210407	0.622189	0.619262	30.7838	-7.39015	-7.38715	30.8889	-6.76796	-6.76788	0.000259788	-0.132602	-0.112597	0.0113398
166401	0.387635	0.414483	0.000210413	0.579182	0.619296	30.7848	-7.34702	-7.38718	30.8898	-6.76784	-6.76788	0.000259374	0.0604093	-0.112752	0.011334
166601	0.412673	0.414462	0.000210618	0.616592	0.619264	30.8147	-7.38444	-7.38715	30.9198	-6.76784	-6.76788	0.00025936	-0.118256	-0.112582	0.0113465
166801	0.421158	0.414471	0.000210226	0.629269	0.619277	30.7574	-7.39726	-7.38716	30.8622	-6.768	-6.76788	0.000259235	-0.159878	-0.112688	0.0113266
167001	0.428603	0.414457	0.000210896	0.640393	0.619258	30.8554	-7.40828	-7.38714	30.9604	-6.76788	-6.76788	0.000259237	-0.213736	-0.112568	0.0113646
167201	0.417802	0.414479	0.000211103	0.624255	0.61929	30.8858	-7.39227	-7.38717	30.9907	-6.76802	-6.76788	0.000259095	-0.121825	-0.112723	0.0113761
167401	0.400035	0.414478	0.000211498	0.597709	0.619288	30.9435	-7.36551	-7.38717	31.0489	-6.7678	-6.76788	0.000259893	-0.0127693	-0.112738	0.0113882
167601	0.413659	0.414479	0.000211685	0.618065	0.61929	30.9709	-7.38585	-7.38717	31.0762	-6.76779	-6.76788	0.00026139	-0.121963	-0.112781	0.0113933
167801	0.423197	0.414486	0.000211209	0.632317	0.6193	30.9012	-7.40021	-7.38718	31.0063	-6.76789	-6.76788	0.000260954	-0.187998	-0.112879	0.0113713
168001	0.410681	0.414485	0.000210988	0.613615	0.619299	30.8688	-7.38147	-7.38718	30.9736	-6.76786	-6.76788	0.000260248	-0.0868127	-0.11287	0.0113596
168201	0.414616	0.414467	0.000210798	0.619495	0.619272	30.841	-7.38738	-7.38716	30.946	-6.76789	-6.76788	0.000261703	-0.10385	-0.11273	0.0113497
168401	0.423394	0.414479	0.000210836	0.63261	0.61929	30.8467	-7.40046	-7.38717	30.9515	-6.76785	-6.76788	0.000261352	-0.168626	-0.112732	0.0113559
168601	0.425523	0.414469	0.000210786	0.635791	0.619274	30.8393	-7.40364	-7.38716	30.9441	-6.76785	-6.76788	0.000261649	-0.196419	-0.112612	0.0113625
168801	0.407961	0.414473	0.000210333	0.609551	0.619281	30.773	-7.37745	-7.38716	30.8775	-6.7679	-6.76788	0.000260943	-0.0686046	-0.112639	0.0113369
169001	0.418363	0.41448	0.000209903	0.625093	0.619291	30.7102	-7.39294	-7.38717	30.8144	-6.76785	-6.76788	0.000260295	-0.157111	-0.112713	0.0113151
169201	0.403934	0.414489	0.000210186	0.603534	0.619304	30.7515	-7.37145	-7.38719	30.856	-6.76792	-6.76788	0.00026049	-0.0141816	-0.112759	0.0113276
169401	0.425471	0.414464	0.000210428	0.635714	0.619267	30.787	-7.40363	-7.38715	30.8917	-6.76791	-6.76788	0.000260786	-0.200754	-0.112592	0.0113457
169601	0.412149	0.414481	0.000210738	0.615809	0.619292	30.8323	-7.38367	-7.38718	30.9374	-6.76786	-6.76788	0.000261622	-0.0864484	-0.112692	0.0113676
169801	0.395397	0.414474	0.000210398	0.590779	0.619282	30.7826	-7.35867	-7.38717	30.8874	-6.76789	-6.76788	0.000261019	0.0158451	-0.112632	0.0113464
170001	0.396442	0.414467	0.00021033	0.59234	0.619272	30.7727	-7.3602	-7.38716	30.8773	-6.76786	-6.76788	0.000260451	0.0243032	-0.112538	0.011341
170201	0.429032	0.414487	0.000210239	0.641034	0.619302	30.7592	-7.40894	-7.38719	30.8638	-6.76791	-6.76788	0.000260077	-0.219802	-0.112651	0.011334
170401	0.400238	0.414469	0.000210402	0.598013	0.619274	30.7832	-7.36589	-7.38716	30.8876	-6.76787	-6.76788	0.000259585	0.00246811	-0.112511	0.0113395
170601	0.388162	0.41449	0.000210493	0.579969	0.619306	30.7964	-7.34776	-7.38719	30.9008	-6.76779	-6.76788	0.000259057	0.063495	-0.112671	0.0113453
170801	0.408779	0.414472	0.000210342	0.610773	0.619279	30.7743	-7.37867	-7.38716	30.8787	-6.76789	-6.76788	0.000258902	-0.0589781	-0.112527	0.0113365
171001	0.399955	0.414471	0.000210214	0.597588	0.619278	30.7557	-7.36548	-7.38716	30.8599	-6.76789	-6.76788	0.000258313	-0.021355	-0.112536	0.0113268
171201	0.39944	0.414466	0.000211174	0.59682	0.61927	30.896	-7.36464	-7.38715	31.0006	-6.76782	-6.76788	0.000258081	-0.0165057	-0.112526	0.0113727
171401	0.431176	0.414485	0.000211192	0.644238	0.6193	30.8988	-7.41221	-7.38718	31.0032	-6.76797	-6.76788	0.000257572	-0.254128	-0.112693	0.0113786
171601	0.403368	0.414487	0.000210899	0.602688	0.619302	30.8558	-7.37055	-7.38719	30.96	-6.76786	-6.76788	0.000257212	-0.0131118	-0.112697	0.0113635
171801	0.405083	0.414477	0.000210395	0.605251	0.619287	30.7821	-7.37309	-7.38717	30.886	-6.76784	-6.76788	0.000256697	-0.0659364	-0.112621	0.0113378
172001	0.429443	0.414495	0.000210373	0.641648	0.619313	30.7788	-7.40955	-7.3872	30.8829	-6.7679	-6.76788	0.000256741	-0.224535	-0.112773	0.0113337
172201	0.420028	0.414476	0.000210085	0.627581	0.619285	30.7368	-7.39544	-7.38717	30.8407	-6.76786	-6.76788	0.000256197	-0.167859	-0.112655	0.0113167
172401	0.430569	0.414483	0.000209875	0.643331	0.619295	30.706	-7.41118	-7.38718	30.8096	-6.76785	-6.76788	0.000255576	-0.247026	-0.112717	0.0113075
172601	0.392843	0.414487	0.00020947	0.586962	0.619301	30.6468	-7.35482	-7.38719	30.7501	-6.76785	-6.76788	0.000255052	0.0595828	-0.112761	0.0112876
172801	0.411771	0.414485	0.000209215	0.615244	0.619299	30.6095	-7.3831	-7.38718	30.7126	-6.76785	-6.76788	0.000254432	-0.0852103	-0.112759	0.011277
173001	0.433383	0.414492	0.000208866	0.647535	0.619309	30.5584	-7.41548	-7.38719	30.6615	-6.76795	-6.76788	0.000254091	-0.261561	-0.112823	0.0112607
173201	0.404149	0.414491	0.000208787	0.603855	0.619307	30.5468	-7.3717	-7.38719	30.6497	-6.76785	-6.76788	0.000253555	-0.0203828	-0.112812	0.0112576
173401	0.39317	0.414478	0.000208505	0.587451	0.619288	30.5056	-7.35532	-7.38717	30.6084	-6.76787	-6.76788	0.000253013	0.0667529	-0.112728	0.0112477
173601	0.433423	0.414501	0.000208444	0.647595	0.619322	30.4967	-7.41553	-7.38721	30.5995	-6.76793	-6.76788	0.000253273	-0.252474	-0.112865	0.0112438
173801	0.421617	0.414499	0.000208287	0.629954	0.61932	30.4737	-7.39785	-7.3872	30.5764	-6.7679	-6.76788	0.00025267	-0.1595	-0.112894	0.0112301
174001	0.413706	0.414494	0.000207903	0.618135	0.619312	30.4175	-7.38597	-7.3872	30.52	-6.76784	-6.76788	0.000252149	-0.11749	-0.112851	0.01121
174201	0.437609	0.414497	0.000207877	0.65385	0.619317	30.4138	-7.42184	-7.3872	30.5162	-6.76799	-6.76788	0.000251924	-0.287966	-0.112848	0.0112151
174401	0.408811	0.414482	0.000207777	0.610821	0.619294	30.3991	-7.37876	-7.38718	30.5014	-6.76794	-6.76788	0.000251711	-0.0769182	-0.112728	0.0112124
174601	0.38981	0.414485	0.000208972	0.582431	0.619298	30.5739	-7.35036	-7.38718	30.6765	-6.76793	-6.76788	0.000252312	0.0851595	-0.11276	0.0112807
174801	0.421733	0.414493	0.000209326	0.630129	0.619311	30.6257	-7.3981	-7.3872	30.7284	-6.76797	-6.76788	0.00025296	-0.165501	-0.112751	0.0112958
175001	0.415577	0.414495	0.000208811	0.62093	0.619314	30.5503	-7.38888	-7.3872	30.6527	-6.76795	-6.76788	0.000253495	-0.108018	-0.112717	0.011268
175201	0.396093	0.414486	0.000208437	0.591819	0.6193	30.4956	-7.35969	-7.38719	30.5978	-6.76787	-6.76788	0.000252966	0.0435856	-0.112632	0.0112504
175401	0.417479	0.414489	0.000208087	0.623773	0.619304	30.4444	-7.39177	-7.38719	30.5465	-6.768	-6.76789	0.000254503	-0.132579	-0.112574	0.0112325
175601	0.433057	0.414499	0.000207733	0.647048	0.619321	30.3926	-7.41507	-7.38721	30.4947	-6.76803	-6.76789	0.000255358	-0.227662	-0.112653	0.0112111
175801	0.42149	0.414484	0.000207558	0.629765	0.619298	30.367	-7.3977	-7.38718	30.4688	-6.76794	-6.76789	0.000255729	-0.138153	-0.112523	0.0111996
176001	0.431744	0.414472	0.000207388	0.645087	0.619279	30.3421	-7.41307	-7.38716	30.4438	-6.76798	-6.76789	0.000255318	-0.220806	-0.112414	0.0111882
176201	0.426549	0.41448	0.000208089	0.637325	0.619292	30.4447	-7.40538	-7.38718	30.5464	-6.76805	-6.76789	0.000257151	-0.210821	-0.112466	0.0112167
176401	0.38401	0.414495	0.000208844	0.573765	0.619314	30.5552	-7.34164	-7.3872	30.6578	-6.76788	-6.76789	0.000258938	0.111843	-0.11255	0.0112598
176601	0.416871	0.414485	0.000208808	0.622865	0.619299	30.55	-7.39085	-7.38718	30.6523	-6.76798	-6.76789	0.000258576	-0.0967004	-0.112441	0.0112586
176801	0.409848	0.414495	0.0002086	0.612371	0.619313	30.5194	-7.3803	-7.3872	30.6218	-6.76793	-6.76789	0.000259423	-0.0738461	-0.112486	0.0112497
177001	0.440104	0.414499	0.000209047	0.657577	0.61932	30.5849	-7.42555	-7.38721	30.6873	-6.76797	-6.76789	0.000259374	-0.295915	-0.112494	0.011271
177201	0.394932	0.414503	0.000209212	0.590084	0.619325	30.609	-7.35804	-7.38721	30.7114	-6.76796	-6.76789	0.000259464	0.0370847	-0.112561	0.0112793
177401	0.393496	0.414513	0.000209595	0.587939	0.619341	30.665	-7.35578	-7.38723	30.7679	-6.76784	-6.76789	0.000260254	0.0364964	-0.112612	0.0112969
177601	0.419069	0.414499	0.000209361	0.626148	0.61932	30.6308	-7.39405	-7.38721	30.7335	-6.7679	-6.76789	0.000259719	-0.143744	-0.112461	0.0112915
177801	0.405349	0.414513	0.000209377	0.605648	0.61934	30.6331	-7.37356	-7.38723	30.7358	-6.76791	-6.76789	0.000259514	-0.0528555	-0.112554	0.0112915
178001	0.411692	0.4145	0.000209011	0.615125	0.619322	30.5796	-7.38296	-7.38721	30.6822	-6.76784	-6.76789	0.000259537	-0.0938852	-0.11248	0.0112698
178201	0.396934	0.414488	0.000208784	0.593075	0.619303	30.5464	-7.36091	-7.38719	30.6488	-6.76783	-6.76789	0.000259144	0.0066573	-0.112386	0.0112552
178401	0.41512	0.414503	0.000208517	0.620248	0.619326	30.5074	-7.3881	-7.38721	30.6097	-6.76785	-6.76789	0.000258568	-0.132257	-0.112488	0.0112398
178601	0.442944	0.414493	0.000208977	0.661821	0.61931	30.5746	-7.42981	-7.3872	30.6772	-6.76799	-6.76789	0.000258639	-0.321715	-0.112423	0.011262
178801	0.404523	0.414496	0.000208761	0.604414	0.619316	30.543	-7.3723	-7.3872	30.6456	-6.76789	-6.76789	0.000258417	-0.0343609	-0.112451	0.0112486
179001	0.428017	0.414499	0.00020842	0.639517	0.619319	30.4932	-7.4074	-7.38721	30.5955	-6.76788	-6.76789	0.000257806	-0.217064	-0.112495	0.0112332
179201	0.426112	0.414478	0.000208598	0.636672	0.619289	30.5192	-7.40462	-7.38718	30.6216	-6.76795	-6.76789	0.000257582	-0.212765	-0.112355	0.0112399
179401	0.43301	0.4145	0.000209712	0.646978	0.619321	30.6822	-7.41487	-7.38721	30.785	-6.76789	-6.76789	0.000257601	-0.251112	-0.112502	0.0112912
179601	0.411423	0.414498	0.000209477	0.614724	0.619318	30.6478	-7.38256	-7.3872	30.7505	-6.76783	-6.76789	0.000257386	-0.103844	-0.112517	0.0112771
179801	0.415585	0.414509	0.000209809	0.620942	0.619334	30.6964	-7.38887	-7.38722	30.7994	-6.76792	-6.76789	0.000257306	-0.146491	-0.112589	0.0112941
180001	0.428768	0.414502	0.000209455	0.640639	0.619324	30.6446	-7.40852	-7.38721	30.7474	-6.76788	-6.76789	0.000257153	-0.199104	-0.112561	0.0112721
180201	0.394589	0.4145	0.00020928	0.589572	0.619321	30.619	-7.35738	-7.38721	30.7218	-6.76781	-6.76789	0.000256855	0.029838	-0.112514	0.011259
180401	0.432399	0.414506	0.000209449	0.646065	0.61933	30.6437	-7.41393	-7.38722	30.7464	-6.76786	-6.76789	0.000256416	-0.240818	-0.112553	0.0112638
180601	0.418755	0.414504	0.000209273	0.625679	0.619327	30.6179	-7.39354	-7.38721	30.7205	-6.76786	-6.76789	0.000256252	-0.123472	-0.112535	0.0112556
180801	0.398167	0.414499	0.000210152	0.594917	0.61932	30.7465	-7.36275	-7.38721	30.8491	-6.76783	-6.76789	0.000255813	-0.000924684	-0.112488	0.0112998
181001	0.413713	0.414518	0.000210129	0.618145	0.619347	30.7431	-7.38605	-7.38723	30.8456	-6.7679	-6.76789	0.000255277	-0.0990354	-0.112629	0.0112987
181201	0.438545	0.414511	0.000209887	0.655248	0.619338	30.7078	-7.42316	-7.38722	30.8101	-6.76792	-6.76789	0.000254692	-0.280035	-0.112566	0.0112848
181401	0.424034	0.414524	0.000209941	0.633567	0.619358	30.7157	-7.40145	-7.38724	30.8179	-6.76788	-6.76789	0.000254124	-0.18894	-0.112655	0.0112877
181601	0.414081	0.414519	0.000209539	0.618695	0.61935	30.6569	-7.38648	-7.38724	30.759	-6.76778	-6.76789	0.000254944	-0.113564	-0.112622	0.0112656
181801	0.388753	0.41451	0.000209521	0.580852	0.619336	30.6542	-7.34875	-7.38722	30.7561	-6.7679	-6.76789	0.000254726	0.105098	-0.112493	0.0112706
182001	0.418994	0.41452	0.000209419	0.626036	0.619351	30.6393	-7.39398	-7.38724	30.7412	-6.76794	-6.76789	0.000254334	-0.15215	-0.112545	0.01127
182201	0.406052	0.414522	0.000209327	0.606699	0.619354	30.6259	-7.37457	-7.38724	30.7276	-6.76787	-6.76789	0.000254145	-0.0295153	-0.112539	0.0112638
182401	0.418966	0.414505	0.00020914	0.625993	0.619329	30.5986	-7.39388	-7.38722	30.7002	-6.76789	-6.76789	0.000253836	-0.129465	-0.112404	0.0112577
182601	0.413399	0.414515	0.000208943	0.617676	0.619344	30.5696	-7.38567	-7.38723	30.6711	-6.768	-6.76789	0.000254418	-0.0806514	-0.112418	0.0112489
182801	0.409324	0.414518	0.00020851	0.611588	0.619349	30.5064	-7.37943	-7.38724	30.6076	-6.76785	-6.76789	0.000254564	-0.0829651	-0.112432	0.0112255
183001	0.387326	0.414516	0.000208548	0.57872	0.619345	30.5118	-7.34651	-7.38723	30.6131	-6.76779	-6.76789	0.000254274	0.0792223	-0.112408	0.0112236
183201	0.415954	0.414525	0.000209583	0.621494	0.619358	30.6633	-7.38938	-7.38724	30.7651	-6.76789	-6.76789	0.000254419	-0.123155	-0.112428	0.0112761
183401	0.407047	0.414498	0.000209457	0.608186	0.619318	30.6448	-7.37602	-7.3872	30.7466	-6.76783	-6.76789	0.000254021	-0.0516915	-0.112205	0.0112737
183601	0.416397	0.41451	0.000209101	0.622156	0.619336	30.5928	-7.39006	-7.38722	30.6942	-6.7679	-6.76789	0.000253523	-0.147991	-0.112289	0.0112529
183801	0.407411	0.414513	0.00020889	0.608729	0.61934	30.562	-7.37654	-7.38723	30.6633	-6.76781	-6.76789	0.000253251	-0.0403735	-0.11234	0.0112458
184001	0.413748	0.414524	0.000208668	0.618197	0.619357	30.5294	-7.386	-7.38724	30.6306	-6.7678	-6.76789	0.00025288	-0.117894	-0.112436	0.0112353
184201	0.398169	0.414502	0.000208707	0.594921	0.619324	30.5351	-7.36269	-7.38721	30.6366	-6.76777	-6.76789	0.000254879	0.00769973	-0.11227	0.0112357
184401	0.414491	0.41452	0.000208805	0.619308	0.619352	30.5495	-7.38715	-7.38724	30.6508	-6.76784	-6.76789	0.000254647	-0.114289	-0.112412	0.011244
184601	0.419495	0.414497	0.000208697	0.626785	0.619317	30.5337	-7.39468	-7.3872	30.6351	-6.76789	-6.76789	0.000254747	-0.153263	-0.112238	0.0112364
184801	0.420867	0.414497	0.000209089	0.628835	0.619317	30.591	-7.39678	-7.3872	30.6924	-6.76794	-6.76789	0.000254298	-0.155446	-0.112235	0.011257
185001	0.407599	0.414515	0.000208914	0.609011	0.619343	30.5654	-7.37685	-7.38723	30.6667	-6.76784	-6.76789	0.000253925	-0.0644209	-0.112376	0.0112473
185201	0.428658	0.414509	0.000208787	0.640475	0.619334	30.5468	-7.40836	-7.38722	30.6481	-6.76789	-6.76789	0.000254328	-0.198192	-0.112319	0.0112377
185401	0.401222	0.414504	0.000208787	0.599482	0.619327	30.5468	-7.3673	-7.38721	30.6481	-6.76781	-6.76789	0.000254116	-0.0194472	-0.112281	0.0112404
185601	0.41829	0.414492	0.000208419	0.624984	0.61931	30.4931	-7.39285	-7.38719	30.5943	-6.76787	-6.76789	0.000254729	-0.143806	-0.112233	0.0112192
185801	0.406112	0.414499	0.000208262	0.606788	0.619319	30.47	-7.37465	-7.3872	30.5711	-6.76786	-6.76789	0.000254297	-0.0344039	-0.112282	0.0112194
186001	0.418613	0.414505	0.00020789	0.625467	0.619329	30.4156	-7.39342	-7.38721	30.5166	-6.76795	-6.76789	0.000253997	-0.152057	-0.112343	0.0111999
186201	0.418689	0.414509	0.000207451	0.625581	0.619335	30.3513	-7.39348	-7.38722	30.4521	-6.7679	-6.76789	0.000253517	-0.152915	-0.112397	0.0111771
186401	0.402934	0.414497	0.000207316	0.60204	0.619317	30.3316	-7.36986	-7.3872	30.4323	-6.76782	-6.76789	0.000253707	-0.0410046	-0.112333	0.011166
186601	0.437839	0.414525	0.000208259	0.654192	0.619359	30.4696	-7.4221	-7.38724	30.5703	-6.76791	-6.76789	0.000253275	-0.31403	-0.112577	0.011224
186801	0.416378	0.414513	0.000208201	0.622128	0.61934	30.4612	-7.39	-7.38723	30.5618	-6.76787	-6.76789	0.000252871	-0.118125	-0.112512	0.0112227
187001	0.418836	0.414505	0.000207855	0.6258	0.619329	30.4105	-7.39368	-7.38721	30.5109	-6.76788	-6.76789	0.000252351	-0.162027	-0.112469	0.0112035
187201	0.399871	0.414516	0.000207501	0.597463	0.619345	30.3586	-7.36528	-7.38723	30.4588	-6.76781	-6.76788	0.000251992	-0.013563	-0.112577	0.0111871
187401	0.381509	0.414514	0.000208379	0.570028	0.619343	30.4872	-7.33788	-7.38723	30.5874	-6.76785	-6.76788	0.000251755	0.120854	-0.112586	0.0112337
187601	0.418099	0.414523	0.000208368	0.624699	0.619355	30.4855	-7.39251	-7.38724	30.5857	-6.76781	-6.76788	0.00025147	-0.146404	-0.11267	0.0112352
187801	0.440297	0.414524	0.000208679	0.657866	0.619357	30.531	-7.42576	-7.38724	30.6313	-6.7679	-6.76788	0.000251727	-0.299648	-0.112692	0.0112518
188001	0.403042	0.414505	0.000209169	0.602202	0.619329	30.6027	-7.37	-7.38721	30.7032	-6.7678	-6.76788	0.000251972	-0.0362551	-0.112567	0.0112764
188201	0.410799	0.414517	0.000208972	0.613791	0.619347	30.5739	-7.38168	-7.38723	30.6744	-6.76789	-6.76788	0.000251665	-0.0970683	-0.112686	0.01127
188401	0.39086	0.414503	0.000209313	0.584	0.619325	30.6237	-7.35172	-7.38721	30.7246	-6.76772	-6.76788	0.000252805	0.0283266	-0.112626	0.0112782
188601	0.405177	0.414502	0.000209021	0.605392	0.619325	30.5811	-7.37325	-7.38721	30.6817	-6.76786	-6.76788	0.000253257	-0.0623036	-0.11262	0.0112616
188801	0.424043	0.414511	0.000208677	0.633579	0.619337	30.5308	-7.40149	-7.38722	30.6313	-6.76791	-6.76788	0.000252804	-0.19915	-0.112681	0.0112433
189001	0.415742	0.414513	0.000208715	0.621177	0.61934	30.5363	-7.38896	-7.38722	30.6369	-6.76778	-6.76788	0.000252847	-0.166364	-0.112757	0.0112437
189201	0.414312	0.414498	0.000208646	0.61904	0.619318	30.5262	-7.38684	-7.3872	30.6269	-6.7678	-6.76788	0.000254097	-0.111537	-0.112659	0.0112406
189401	0.433434	0.414512	0.000208695	0.647611	0.619339	30.5334	-7.41546	-7.38722	30.6337	-6.76785	-6.76788	0.000254035	-0.270032	-0.112793	0.011248
189601	0.419191	0.414506	0.000208383	0.62633	0.619331	30.4877	-7.3941	-7.38721	30.588	-6.76777	-6.76788	0.000255304	-0.148307	-0.112765	0.0112314
189801	0.430651	0.414484	0.000208915	0.643453	0.619297	30.5656	-7.41132	-7.38718	30.6662	-6.76787	-6.76788	0.00025707	-0.235872	-0.112596	0.011262
190001	0.426501	0.414507	0.000208954	0.637253	0.619331	30.5713	-7.40514	-7.38721	30.6719	-6.76789	-6.76788	0.000256649	-0.208953	-0.112769	0.0112639
190201	0.400925	0.414508	0.000208914	0.599038	0.619333	30.5654	-7.36684	-7.38722	30.666	-6.7678	-6.76788	0.000256336	-0.0134413	-0.112796	0.0112635
190401	0.410632	0.414499	0.000208517	0.613543	0.619319	30.5073	-7.38147	-7.3872	30.6077	-6.76793	-6.76788	0.000256433	-0.0898112	-0.11274	0.0112411
190601	0.414525	0.414518	0.000208561	0.619359	0.619348	30.5138	-7.38729	-7.38723	30.6145	-6.76793	-6.76788	0.000257533	-0.107505	-0.112876	0.0112414
190801	0.439559	0.414513	0.000208335	0.656763	0.619341	30.4807	-7.42468	-7.38722	30.5812	-6.76791	-6.76788	0.000257046	-0.284172	-0.112838	0.0112299
191001	0.405047	0.414507	0.000208886	0.605197	0.619331	30.5614	-7.37305	-7.38721	30.6621	-6.76785	-6.76788	0.000256949	-0.053855	-0.11278	0.0112601
191201	0.403761	0.414519	0.000209013	0.603276	0.61935	30.5799	-7.37119	-7.38723	30.6809	-6.76791	-6.76788	0.000257223	-0.0489248	-0.112879	0.0112644
191401	0.427467	0.414513	0.000209022	0.638696	0.619341	30.5812	-7.40651	-7.38722	30.6821	-6.76781	-6.76788	0.000257227	-0.211003	-0.112844	0.0112618
191601	0.426205	0.414499	0.000208836	0.63681	0.61932	30.554	-7.40477	-7.3872	30.6549	-6.76796	-6.76788	0.000257315	-0.198286	-0.112741	0.0112527
191801	0.384944	0.4145	0.000209325	0.57516	0.619321	30.6256	-7.34301	-7.3872	30.7265	-6.76785	-6.76788	0.000257046	0.0858407	-0.112749	0.0112747
192001	0.377614	0.414517	0.000210499	0.564209	0.619347	30.7973	-7.33209	-7.38723	30.8988	-6.76788	-6.76788	0.000257569	0.119751	-0.112866	0.011322
192201	0.405769	0.41452	0.000210648	0.606275	0.619351	30.8191	-7.3741	-7.38723	30.9206	-6.76783	-6.76788	0.000257136	-0.067663	-0.112904	0.0113232
192401	0.414252	0.414507	0.000210457	0.61895	0.619332	30.7912	-7.38673	-7.38722	30.8927	-6.76778	-6.76788	0.000257262	-0.116959	-0.112827	0.0113119
192601	0.417278	0.414505	0.000210136	0.623473	0.619329	30.7442	-7.39133	-7.38721	30.8455	-6.76785	-6.76788	0.000257467	-0.155535	-0.112807	0.0112962
192801	0.421511	0.414524	0.000210219	0.629797	0.619357	30.7563	-7.39771	-7.38724	30.8576	-6.76791	-6.76788	0.000257164	-0.174129	-0.112981	0.0113033
193001	0.39979	0.414507	0.000209934	0.597343	0.619331	30.7147	-7.36516	-7.38721	30.8159	-6.76782	-6.76788	0.000257052	-0.0188176	-0.112874	0.0112855
193201	0.39176	0.414522	0.000209919	0.585344	0.619353	30.7125	-7.35316	-7.38724	30.8136	-6.76782	-6.76788	0.000256595	0.0285978	-0.113001	0.0112842
193401	0.4147	0.414509	0.000209725	0.61962	0.619334	30.6841	-7.38759	-7.38722	30.7851	-6.76797	-6.76788	0.000256381	-0.0912627	-0.112924	0.0112691
193601	0.40692	0.414508	0.000210513	0.607996	0.619334	30.7993	-7.3758	-7.38722	30.9007	-6.76781	-6.76788	0.000256601	-0.0647923	-0.112914	0.0113036
193801	0.400653	0.41451	0.000210291	0.598632	0.619336	30.7669	-7.36645	-7.38722	30.8682	-6.76782	-6.76788	0.000256387	-0.00620571	-0.112922	0.011293
194001	0.427381	0.41452	0.000210187	0.638568	0.619351	30.7517	-7.40648	-7.38723	30.8529	-6.76791	-6.76788	0.000256012	-0.210858	-0.113007	0.0112909
194201	0.418913	0.414513	0.000209851	0.625915	0.619341	30.7025	-7.39373	-7.38722	30.8036	-6.76781	-6.76788	0.000255957	-0.152971	-0.112971	0.0112717
194401	0.41509	0.414509	0.000209484	0.620203	0.619334	30.6488	-7.38799	-7.38722	30.7498	-6.76779	-6.76788	0.000257199	-0.125866	-0.112974	0.0112503
194601	0.432517	0.414512	0.000209122	0.646241	0.619339	30.5959	-7.41416	-7.38722	30.6967	-6.76792	-6.76788	0.000256952	-0.242203	-0.11298	0.0112308
194801	0.434796	0.414507	0.000209006	0.649647	0.619332	30.5789	-7.41751	-7.38721	30.6796	-6.76786	-6.76788	0.000256522	-0.233599	-0.112942	0.0112234
195001	0.396346	0.414513	0.000208805	0.592196	0.619341	30.5494	-7.35997	-7.38722	30.65	-6.76777	-6.76788	0.000256397	0.0206037	-0.113005	0.0112114
195201	0.449935	0.414499	0.00020937	0.672267	0.61932	30.6321	-7.44013	-7.3872	30.7331	-6.76786	-6.76788	0.000257804	-0.356884	-0.112874	0.0112419
195401	0.39622	0.414495	0.000209476	0.592008	0.619314	30.6477	-7.35983	-7.3872	30.7486	-6.76782	-6.76788	0.000257501	0.0112299	-0.112842	0.0112466
195601	0.418595	0.414501	0.000209418	0.62544	0.619323	30.6391	-7.39334	-7.38721	30.74	-6.7679	-6.76788	0.00025722	-0.150506	-0.112899	0.0112405
195801	0.412051	0.414499	0.000209003	0.615662	0.619319	30.5785	-7.38356	-7.3872	30.6791	-6.7679	-6.76788	0.000256713	-0.09921	-0.112868	0.011219
196001	0.44447	0.414512	0.000208874	0.664101	0.619339	30.5596	-7.43213	-7.38722	30.6604	-6.76803	-6.76788	0.000257376	-0.315668	-0.112959	0.0112092
196201	0.382283	0.414507	0.000208886	0.571185	0.619332	30.5614	-7.33895	-7.38721	30.6623	-6.76777	-6.76788	0.00025759	0.126574	-0.112926	0.0112095
196401	0.411502	0.414509	0.000209121	0.614842	0.619335	30.5956	-7.38272	-7.38722	30.6965	-6.76788	-6.76788	0.000257491	-0.104836	-0.112942	0.011221
196601	0.412964	0.414506	0.000208739	0.617026	0.619331	30.5398	-7.38487	-7.38721	30.6404	-6.76785	-6.76788	0.000257022	-0.116275	-0.112938	0.0111995
196801	0.402505	0.414519	0.000208585	0.601398	0.619349	30.5173	-7.36922	-7.38723	30.6177	-6.76782	-6.76788	0.000256632	-0.00142855	-0.113043	0.0111921
197001	0.4203	0.414503	0.000208498	0.627987	0.619326	30.5046	-7.39592	-7.38721	30.6049	-6.76793	-6.76788	0.000256293	-0.142014	-0.112904	0.0111907
197201	0.446705	0.414518	0.000208588	0.667439	0.619348	30.5177	-7.43545	-7.38723	30.6181	-6.76801	-6.76788	0.000256464	-0.344375	-0.113018	0.0111962
197401	0.420795	0.41451	0.00020854	0.628727	0.619336	30.5107	-7.39657	-7.38722	30.6111	-6.76785	-6.76788	0.000256272	-0.161457	-0.11295	0.0111953
197601	0.402114	0.41451	0.000208512	0.600815	0.619336	30.5065	-7.36873	-7.38722	30.6069	-6.76791	-6.76788	0.000256193	-0.0167851	-0.112932	0.011191
197801	0.432348	0.414495	0.00020856	0.645989	0.619314	30.5137	-7.41394	-7.3872	30.614	-6.76795	-6.76788	0.000255822	-0.238877	-0.112812	0.0111936
198001	0.39055	0.414511	0.000208697	0.583536	0.619337	30.5337	-7.35139	-7.38722	30.6341	-6.76785	-6.76788	0.000255948	0.0556009	-0.112927	0.0111999
198201	0.440828	0.41451	0.000208856	0.658659	0.619337	30.5569	-7.42667	-7.38722	30.6576	-6.76801	-6.76788	0.000256427	-0.295775	-0.112921	0.0112021
198401	0.425706	0.414511	0.000208612	0.636065	0.619337	30.5212	-7.40405	-7.38722	30.6218	-6.76799	-6.76788	0.000256885	-0.185128	-0.11293	0.0111875
198601	0.426643	0.414506	0.000208355	0.637465	0.619331	30.4837	-7.40535	-7.38721	30.584	-6.76789	-6.76788	0.000256684	-0.191222	-0.112901	0.0111724
198801	0.410148	0.414502	0.000208082	0.612819	0.619324	30.4438	-7.38073	-7.38721	30.544	-6.76791	-6.76788	0.00025639	-0.0665606	-0.112881	0.0111562
199001	0.389582	0.414507	0.000208108	0.58209	0.619332	30.4475	-7.35	-7.38721	30.5477	-6.76791	-6.76788	0.000256355	0.0676235	-0.112925	0.0111613
199201	0.422038	0.414518	0.000208113	0.630584	0.619349	30.4483	-7.39845	-7.38723	30.5486	-6.76787	-6.76788	0.000256722	-0.16231	-0.112999	0.0111621
199401	0.428197	0.414508	0.000208207	0.639786	0.619334	30.4621	-7.40774	-7.38722	30.5623	-6.76795	-6.76788	0.000256422	-0.195524	-0.112894	0.01117
199601	0.431483	0.414512	0.000208094	0.644697	0.619339	30.4454	-7.41264	-7.38722	30.5456	-6.76795	-6.76788	0.00025609	-0.22378	-0.112884	0.0111634
199801	0.406406	0.414506	0.000208111	0.607228	0.61933	30.448	-7.37504	-7.38721	30.5482	-6.76781	-6.76788	0.000255814	-0.0102494	-0.11281	0.011173
