timestep            	T              	T_{ave}             	T_{var}           	K/N            	K_{ave}/N           	K_{var}           	U/N            	U_{ave}/N           	U_{var}           	E/N            	E_{ave}/N           	E_{var}           	P              	P_{ave}             	P_{var}
100001	0.301313	0.301313	0	0.450204	0.450204	0	-7.51711	-7.51711	0	-7.0669	-7.0669	0	-0.950841	-0.950841	0
100201	0.31051	0.301443	6.70126e-05	0.463945	0.450398	9.80436	-7.53086	-7.51727	9.8221	-7.06691	-7.06687	2.04503e-05	-1.00407	-0.952796	0.00275633
100401	0.324274	0.305591	6.62367e-05	0.484511	0.456595	9.69084	-7.55154	-7.52352	9.75889	-7.06703	-7.06692	0.000238326	-1.12362	-0.977791	0.00296083
100601	0.294303	0.305032	7.05144e-05	0.43973	0.45576	10.3167	-7.50664	-7.52269	10.3884	-7.06691	-7.06693	0.000209394	-0.911166	-0.974471	0.00372262
100801	0.278536	0.307266	0.000140186	0.416172	0.459099	20.5101	-7.48312	-7.52605	20.6249	-7.06694	-7.06695	0.000274942	-0.767842	-0.99093	0.00759003
101001	0.318058	0.307769	0.000163165	0.475223	0.459851	23.8721	-7.54229	-7.52682	24	-7.06707	-7.06697	0.000363177	-1.05343	-0.993065	0.00898757
101201	0.308558	0.307415	0.000158087	0.461029	0.459321	23.1291	-7.52803	-7.52629	23.2436	-7.067	-7.06697	0.000322299	-0.999949	-0.989368	0.00864543
101401	0.316513	0.308161	0.000145507	0.472914	0.460435	21.2887	-7.53991	-7.52742	21.3973	-7.067	-7.06698	0.000304123	-1.04742	-0.994493	0.0079041
101601	0.293984	0.308176	0.000142751	0.439253	0.460458	20.8854	-7.50627	-7.52744	20.9844	-7.06702	-7.06698	0.000275211	-0.883875	-0.993561	0.00769534
101801	0.31991	0.308474	0.000138992	0.47799	0.460904	20.3354	-7.54498	-7.52789	20.4287	-7.06699	-7.06699	0.000257376	-1.07731	-0.996003	0.0075176
102001	0.291556	0.307924	0.000137752	0.435625	0.460082	20.154	-7.50248	-7.52706	20.2532	-7.06685	-7.06698	0.000284143	-0.864363	-0.991037	0.00752112
102201	0.312484	0.308494	0.000133926	0.466895	0.460933	19.5942	-7.53393	-7.52792	19.694	-7.06703	-7.06698	0.000282392	-1.02324	-0.995482	0.00739275
102401	0.31768	0.308189	0.000127371	0.474659	0.460478	18.6352	-7.54165	-7.52746	18.7281	-7.06699	-7.06698	0.000261646	-1.0609	-0.99343	0.00699039
102601	0.296807	0.308172	0.000123039	0.443472	0.460453	18.0014	-7.51045	-7.52744	18.0878	-7.06698	-7.06698	0.000242591	-0.918091	-0.992993	0.00667926
102801	0.305523	0.308168	0.000116096	0.456494	0.460446	16.9856	-7.52352	-7.52743	17.0655	-7.06703	-7.06698	0.000229744	-0.96702	-0.991972	0.00629737
103001	0.301147	0.308342	0.000111365	0.449957	0.460706	16.2935	-7.51691	-7.52769	16.3699	-7.06695	-7.06698	0.000218771	-0.951752	-0.993769	0.00605114
103201	0.313428	0.308392	0.000113242	0.468305	0.460781	16.568	-7.53536	-7.52777	16.6436	-7.06706	-7.06699	0.000211171	-1.02224	-0.99429	0.00610832
103401	0.30962	0.308286	0.000107788	0.462616	0.460622	15.77	-7.52962	-7.52761	15.8411	-7.06701	-7.06699	0.000201968	-1.00578	-0.992922	0.00584064
103601	0.309187	0.308589	0.000105411	0.461968	0.461076	15.4224	-7.5289	-7.52806	15.4892	-7.06693	-7.06699	0.000193132	-1.00957	-0.995735	0.00575439
103801	0.305564	0.308064	0.000108023	0.456556	0.460291	15.8045	-7.52354	-7.52727	15.8786	-7.06699	-7.06698	0.00021342	-0.962804	-0.991845	0.00585792
104001	0.301676	0.308286	0.000107233	0.450746	0.460622	15.6888	-7.51775	-7.52761	15.7635	-7.067	-7.06698	0.000216522	-0.968415	-0.993752	0.00577505
104201	0.28709	0.308432	0.000111923	0.428953	0.46084	16.375	-7.49585	-7.52782	16.452	-7.06689	-7.06698	0.000212802	-0.866379	-0.995548	0.00599464
104401	0.3107	0.308303	0.000118959	0.46423	0.460648	17.4044	-7.53118	-7.52763	17.4825	-7.06695	-7.06698	0.000223593	-1.01738	-0.994994	0.00633791
104601	0.286556	0.308434	0.000118703	0.428154	0.460844	17.3671	-7.49508	-7.52782	17.4438	-7.06693	-7.06698	0.000215802	-0.842012	-0.996	0.00632617
104801	0.299594	0.308573	0.000119643	0.447636	0.461052	17.5045	-7.51464	-7.52803	17.5817	-7.067	-7.06698	0.000212406	-0.920115	-0.997141	0.00640155
105001	0.311492	0.308338	0.000119116	0.465414	0.460701	17.4274	-7.53238	-7.52768	17.5047	-7.06697	-7.06698	0.000209716	-1.01762	-0.995477	0.00634767
105201	0.300019	0.308529	0.000116857	0.448271	0.460986	17.097	-7.51529	-7.52797	17.1727	-7.06702	-7.06698	0.000206999	-0.93345	-0.996691	0.00620839
105401	0.290606	0.308493	0.000126809	0.434206	0.460931	18.5529	-7.5012	-7.52791	18.6299	-7.06699	-7.06698	0.000206632	-0.866505	-0.99659	0.00674252
105601	0.304339	0.308639	0.000124971	0.454725	0.46115	18.284	-7.52176	-7.52814	18.3609	-7.06703	-7.06699	0.000208039	-0.9727	-0.997788	0.00663883
105801	0.300803	0.308603	0.000121038	0.449443	0.461097	17.7086	-7.51641	-7.52808	17.7827	-7.06697	-7.06699	0.000202461	-0.946468	-0.997193	0.0064454
106001	0.289227	0.308571	0.00011929	0.432145	0.461048	17.4529	-7.49906	-7.52803	17.5254	-7.06692	-7.06699	0.000196994	-0.844506	-0.996819	0.0063628
106201	0.323369	0.308455	0.000119348	0.483159	0.460876	17.4613	-7.55023	-7.52786	17.5335	-7.06707	-7.06699	0.000195904	-1.11828	-0.995969	0.00637641
106401	0.276948	0.308529	0.000123806	0.413799	0.460986	18.1136	-7.48069	-7.52797	18.1906	-7.06689	-7.06699	0.000201877	-0.780021	-0.996775	0.00658285
106601	0.285503	0.308569	0.000127615	0.426581	0.461045	18.6708	-7.4935	-7.52803	18.7482	-7.06692	-7.06698	0.000198714	-0.826852	-0.997039	0.00676967
106801	0.311542	0.308491	0.000126738	0.465488	0.460929	18.5425	-7.53256	-7.52791	18.6197	-7.06707	-7.06699	0.000198317	-1.01131	-0.99653	0.00672462
107001	0.286555	0.308541	0.000129541	0.428153	0.461004	18.9527	-7.49515	-7.52799	19.0324	-7.067	-7.06699	0.000208541	-0.842009	-0.996834	0.00688005
107201	0.303788	0.308528	0.000131074	0.453902	0.460985	19.1769	-7.52088	-7.52797	19.2555	-7.06697	-7.06699	0.000203491	-0.969711	-0.996915	0.00694953
107401	0.294318	0.308674	0.000133314	0.439752	0.461203	19.5047	-7.50678	-7.52819	19.5863	-7.06703	-7.06699	0.000213091	-0.894929	-0.99794	0.00702738
107601	0.298607	0.308592	0.000132651	0.44616	0.46108	19.4076	-7.51315	-7.52807	19.4869	-7.06699	-7.06699	0.000207902	-0.90465	-0.997242	0.00701283
107801	0.296936	0.308474	0.000130235	0.443664	0.460904	19.0543	-7.51069	-7.52789	19.131	-7.06702	-7.06699	0.000203234	-0.896825	-0.995762	0.00695382
108001	0.307612	0.308709	0.000132141	0.459615	0.461254	19.3331	-7.52665	-7.52825	19.4128	-7.06703	-7.06699	0.000209169	-0.994208	-0.997708	0.00711263
108201	0.301028	0.308553	0.000130827	0.449778	0.461021	19.1409	-7.51676	-7.52801	19.219	-7.06698	-7.06699	0.000204936	-0.956854	-0.996488	0.00704108
108401	0.300889	0.308594	0.000132051	0.449571	0.461082	19.3199	-7.51661	-7.52808	19.3969	-7.06704	-7.06699	0.000202187	-0.940689	-0.996887	0.00708832
108601	0.307909	0.308733	0.000131282	0.460059	0.461291	19.2074	-7.52709	-7.52829	19.2869	-7.06703	-7.067	0.000216789	-0.992351	-0.997851	0.00703226
108801	0.319569	0.308694	0.000131151	0.477481	0.461233	19.1882	-7.54452	-7.52823	19.2669	-7.06704	-7.067	0.000213307	-1.04831	-0.997464	0.00703648
109001	0.31135	0.3087	0.000130519	0.465201	0.461241	19.0958	-7.53228	-7.52824	19.1739	-7.06708	-7.067	0.000210487	-1.01711	-0.997322	0.00698595
109201	0.302773	0.308733	0.000131598	0.452385	0.461291	19.2536	-7.51935	-7.52829	19.3335	-7.06696	-7.067	0.000213163	-0.947536	-0.997405	0.00703671
109401	0.29969	0.30879	0.000130348	0.447779	0.461376	19.0707	-7.51478	-7.52837	19.1492	-7.067	-7.067	0.000209208	-0.936442	-0.997802	0.00699458
109601	0.310739	0.308717	0.000129797	0.464288	0.461266	18.9901	-7.53132	-7.52826	19.0672	-7.06703	-7.067	0.000205286	-1.00231	-0.997207	0.00696453
109801	0.316645	0.308768	0.000127925	0.473112	0.461344	18.7162	-7.54016	-7.52834	18.7923	-7.06705	-7.067	0.000203965	-1.06044	-0.997533	0.00685903
110001	0.314697	0.308794	0.000128666	0.470201	0.461382	18.8247	-7.53718	-7.52838	18.9002	-7.06698	-7.067	0.000201147	-1.034	-0.997561	0.00692078
110201	0.325013	0.308734	0.00013164	0.485615	0.461292	19.2597	-7.5527	-7.52829	19.3362	-7.06708	-7.067	0.00020005	-1.12723	-0.997159	0.00707556
110401	0.299735	0.308819	0.000130801	0.447846	0.461419	19.137	-7.51486	-7.52842	19.2136	-7.06701	-7.067	0.0002015	-0.926918	-0.997792	0.00703241
110601	0.307631	0.308824	0.000129276	0.459644	0.461427	18.9139	-7.52669	-7.52843	18.9896	-7.06704	-7.067	0.000198959	-0.997033	-0.997964	0.00696397
110801	0.308151	0.30886	0.000128449	0.460421	0.461481	18.7929	-7.52741	-7.52848	18.8679	-7.06699	-7.067	0.000197411	-1.00186	-0.998344	0.00690949
111001	0.318354	0.308753	0.00012909	0.475666	0.461321	18.8867	-7.54273	-7.52832	18.9636	-7.06707	-7.067	0.000201402	-1.07333	-0.997734	0.00693897
111201	0.285757	0.30886	0.000129683	0.426962	0.46148	18.9735	-7.4939	-7.52848	19.0525	-7.06694	-7.067	0.000206473	-0.832119	-0.998423	0.00695069
111401	0.320733	0.308886	0.000130428	0.47922	0.461518	19.0824	-7.54626	-7.52852	19.1622	-7.06704	-7.067	0.000205869	-1.1033	-0.998704	0.00699678
111601	0.296598	0.308771	0.000130186	0.44316	0.461347	19.0471	-7.51016	-7.52835	19.1264	-7.067	-7.067	0.000203299	-0.914353	-0.997955	0.00698439
111801	0.28781	0.308885	0.000131446	0.430028	0.461517	19.2313	-7.49701	-7.52852	19.3124	-7.06698	-7.067	0.000206221	-0.848767	-0.998844	0.00706458
112001	0.305761	0.308912	0.000130781	0.45685	0.461558	19.1341	-7.52385	-7.52856	19.2147	-7.067	-7.067	0.000204018	-0.979417	-0.99912	0.00702732
112201	0.286961	0.30887	0.000129683	0.428759	0.461495	18.9734	-7.49571	-7.5285	19.0532	-7.06695	-7.067	0.000202813	-0.848044	-0.999058	0.00696537
112401	0.303201	0.308892	0.000129532	0.453025	0.461528	18.9514	-7.52001	-7.52853	19.0304	-7.06699	-7.067	0.000199964	-0.946983	-0.999156	0.00695009
112601	0.316089	0.308904	0.000128917	0.472281	0.461546	18.8614	-7.5392	-7.52855	18.9391	-7.06692	-7.067	0.000198163	-1.0735	-0.999306	0.00693067
112801	0.32435	0.308771	0.000130482	0.484625	0.461347	19.0904	-7.55166	-7.52835	19.1709	-7.06704	-7.067	0.000208774	-1.13236	-0.99854	0.00701628
113001	0.30286	0.308876	0.000130095	0.452515	0.461504	19.0337	-7.51949	-7.5285	19.1139	-7.06698	-7.067	0.000206726	-0.985691	-0.99948	0.00701418
113201	0.306445	0.308884	0.000128343	0.457872	0.461516	18.7773	-7.52481	-7.52852	18.8565	-7.06694	-7.067	0.000205109	-0.979865	-0.99949	0.00692069
113401	0.301963	0.308819	0.000127643	0.451174	0.461419	18.675	-7.51809	-7.52842	18.7545	-7.06691	-7.067	0.000211626	-0.959559	-0.999197	0.00687304
113601	0.305344	0.308906	0.000126599	0.456228	0.46155	18.5222	-7.52324	-7.52855	18.6012	-7.06702	-7.067	0.000209912	-0.979913	-0.999854	0.00681509
113801	0.30692	0.308918	0.000126673	0.458582	0.461566	18.5331	-7.52553	-7.52856	18.6116	-7.06695	-7.067	0.000207727	-0.988275	-0.999973	0.00680808
114001	0.304926	0.30886	0.000125963	0.455603	0.461481	18.4292	-7.52253	-7.52848	18.5083	-7.06693	-7.067	0.000217003	-0.972933	-0.999652	0.00675697
114201	0.301708	0.308836	0.000126174	0.450794	0.461445	18.46	-7.51772	-7.52844	18.5389	-7.06693	-7.067	0.000216143	-0.95176	-0.999467	0.00676494
114401	0.305566	0.308879	0.000125485	0.456558	0.461509	18.3593	-7.52342	-7.5285	18.4367	-7.06686	-7.067	0.000221666	-0.996295	-0.999924	0.00673459
114601	0.31247	0.308876	0.000125662	0.466874	0.461505	18.3851	-7.53379	-7.5285	18.4625	-7.06691	-7.06699	0.000229491	-1.02688	-1.00006	0.00672485
114801	0.334572	0.308843	0.000128236	0.499898	0.461454	18.7617	-7.56695	-7.52845	18.8417	-7.06705	-7.06699	0.000233576	-1.19163	-0.999841	0.00686526
115001	0.324631	0.308883	0.000128531	0.485044	0.461514	18.8049	-7.55202	-7.52851	18.8843	-7.06697	-7.06699	0.000230978	-1.11406	-1.00014	0.00687968
115201	0.303112	0.308785	0.000128434	0.452891	0.461369	18.7907	-7.51974	-7.52836	18.8723	-7.06685	-7.06699	0.000244635	-0.956888	-0.999503	0.00686373
115401	0.31691	0.30885	0.000127342	0.473508	0.461466	18.631	-7.5405	-7.52846	18.7115	-7.06699	-7.06699	0.000243826	-1.05607	-0.999995	0.00680788
115601	0.315515	0.30881	0.00012708	0.471424	0.461405	18.5927	-7.5384	-7.5284	18.6734	-7.06698	-7.06699	0.00024402	-1.05316	-0.999592	0.00681471
115801	0.317881	0.308804	0.000126584	0.47496	0.461397	18.5201	-7.54193	-7.52839	18.6004	-7.06697	-7.06699	0.000242594	-1.08829	-0.999607	0.00678806
116001	0.308556	0.308909	0.00012794	0.461027	0.461553	18.7184	-7.52798	-7.52854	18.7988	-7.06696	-7.06699	0.00024076	-1.0058	-1.00044	0.00687867
116201	0.318107	0.308878	0.000131817	0.475296	0.461507	19.2856	-7.54234	-7.5285	19.3683	-7.06704	-7.06699	0.000241791	-1.06357	-1.00027	0.0070651
116401	0.323018	0.308857	0.00013067	0.482635	0.461476	19.1178	-7.5496	-7.52847	19.1997	-7.06697	-7.06699	0.000240005	-1.107	-1.00021	0.00699786
116601	0.30948	0.308836	0.000130642	0.462407	0.461445	19.1138	-7.52939	-7.52843	19.1951	-7.06698	-7.06699	0.000237931	-0.993901	-0.999942	0.00700815
116801	0.326477	0.308901	0.000129819	0.487803	0.461541	18.9934	-7.55485	-7.52853	19.0744	-7.06705	-7.06699	0.000236716	-1.12853	-1.00046	0.00696639
117001	0.307263	0.308865	0.000129077	0.459093	0.461487	18.8848	-7.52607	-7.52848	18.9656	-7.06698	-7.06699	0.000235547	-0.967127	-1.0002	0.00692846
117201	0.307336	0.308922	0.00012805	0.459204	0.461572	18.7346	-7.52612	-7.52856	18.8141	-7.06692	-7.06699	0.00023406	-0.997426	-1.00062	0.00687552
117401	0.3086	0.308898	0.000127944	0.461091	0.461537	18.719	-7.528	-7.52852	18.7981	-7.06691	-7.06699	0.000234397	-1.00454	-1.00049	0.00686532
117601	0.318647	0.308807	0.000129217	0.476103	0.461401	18.9052	-7.54311	-7.52839	18.9856	-7.067	-7.06699	0.000239274	-1.06338	-0.999794	0.00693986
117801	0.298646	0.308873	0.000129278	0.446219	0.4615	18.9142	-7.51328	-7.52849	18.9947	-7.06706	-7.06699	0.000240057	-0.916726	-1.00023	0.00694565
118001	0.307381	0.308819	0.000130639	0.45927	0.461419	19.1133	-7.52627	-7.52841	19.1943	-7.067	-7.06699	0.000239479	-0.962582	-0.999665	0.00705237
118201	0.300066	0.308916	0.000130873	0.448341	0.461565	19.1476	-7.51537	-7.52855	19.2297	-7.06703	-7.06699	0.00024207	-0.922665	-1.00025	0.0070567
118401	0.29685	0.308846	0.000130543	0.443535	0.46146	19.0992	-7.51049	-7.52845	19.1805	-7.06696	-7.06699	0.000239653	-0.902768	-0.999577	0.00705777
118601	0.306271	0.308853	0.000130167	0.457612	0.461469	19.0442	-7.52459	-7.52846	19.1249	-7.06698	-7.06699	0.000237329	-0.946601	-0.99952	0.00706019
118801	0.300823	0.308834	0.000128982	0.449471	0.461441	18.8709	-7.51647	-7.52843	18.9507	-7.067	-7.06699	0.000234905	-0.939217	-0.999201	0.00700489
119001	0.300944	0.308883	0.000128974	0.449652	0.461515	18.8697	-7.51665	-7.5285	18.9498	-7.067	-7.06699	0.000234866	-0.922072	-0.999514	0.00700701
119201	0.310317	0.308841	0.000128009	0.463657	0.461452	18.7285	-7.53065	-7.52844	18.8078	-7.06699	-7.06699	0.000232988	-0.991876	-0.999035	0.00696663
119401	0.301487	0.308836	0.000126787	0.450464	0.461444	18.5497	-7.51746	-7.52843	18.6282	-7.06699	-7.06699	0.000230611	-0.938456	-0.998847	0.00690262
119601	0.299562	0.308835	0.000125919	0.447588	0.461443	18.4227	-7.51461	-7.52843	18.5007	-7.06702	-7.06699	0.000229428	-0.921026	-0.998667	0.00685566
119801	0.294897	0.308859	0.000125357	0.440618	0.461479	18.3405	-7.50758	-7.52847	18.418	-7.06696	-7.06699	0.000227677	-0.88165	-0.998753	0.00682908
120001	0.307857	0.308835	0.000124445	0.459982	0.461443	18.2071	-7.52698	-7.52843	18.284	-7.067	-7.06699	0.000225625	-0.970447	-0.998421	0.00679027
120201	0.291844	0.308845	0.000123898	0.436056	0.461458	18.127	-7.503	-7.52845	18.2033	-7.06694	-7.06699	0.000223741	-0.861596	-0.998417	0.00676217
120401	0.320994	0.308877	0.000123768	0.479611	0.461506	18.108	-7.54657	-7.5285	18.1841	-7.06696	-7.06699	0.000222623	-1.08453	-0.998573	0.0067522
120601	0.295257	0.308847	0.00012534	0.441156	0.461461	18.3381	-7.50808	-7.52845	18.4148	-7.06693	-7.06699	0.000222189	-0.892926	-0.998351	0.00683766
120801	0.32248	0.308863	0.000124927	0.48183	0.461485	18.2776	-7.54889	-7.52847	18.3542	-7.06706	-7.06699	0.000221342	-1.0888	-0.998473	0.00680938
121001	0.312412	0.308848	0.00012396	0.466787	0.461462	18.1361	-7.53374	-7.52845	18.2121	-7.06696	-7.06699	0.00022023	-1.02688	-0.99839	0.00675381
121201	0.313887	0.308837	0.000124368	0.468991	0.461446	18.1958	-7.53594	-7.52843	18.2719	-7.06695	-7.06699	0.000219358	-1.05891	-0.998345	0.00676445
121401	0.301416	0.308875	0.000123724	0.450358	0.461503	18.1016	-7.51736	-7.52849	18.1772	-7.067	-7.06699	0.000217843	-0.948152	-0.998633	0.00673019
121601	0.297261	0.308847	0.000123224	0.444149	0.461461	18.0284	-7.51104	-7.52845	18.1041	-7.06689	-7.06699	0.0002183	-0.910609	-0.9984	0.0067105
121801	0.310289	0.308865	0.000122744	0.463615	0.461488	17.9582	-7.53061	-7.52848	18.0337	-7.06699	-7.06699	0.000217581	-1.01424	-0.998504	0.00667766
122001	0.323586	0.308875	0.000121913	0.483483	0.461503	17.8366	-7.55052	-7.52849	17.9117	-7.06704	-7.06699	0.000216021	-1.10435	-0.998633	0.00662825
122201	0.290943	0.308809	0.000122985	0.43471	0.461404	17.9935	-7.50161	-7.52839	18.0706	-7.0669	-7.06699	0.000221697	-0.87406	-0.998218	0.00667953
122401	0.296523	0.30886	0.00012331	0.443048	0.461481	18.041	-7.51001	-7.52847	18.1182	-7.06697	-7.06699	0.000220601	-0.911228	-0.998617	0.00669572
122601	0.307876	0.308857	0.000122577	0.460009	0.461475	17.9337	-7.52692	-7.52846	18.0104	-7.06691	-7.06699	0.000219959	-0.998199	-0.998636	0.00665675
122801	0.313694	0.308835	0.000122549	0.468703	0.461442	17.9297	-7.53569	-7.52843	18.0063	-7.06698	-7.06699	0.0002212	-1.04041	-0.998482	0.00665299
123001	0.291569	0.308825	0.000122436	0.435646	0.461428	17.9132	-7.50252	-7.52841	17.9898	-7.06687	-7.06699	0.000220843	-0.878338	-0.998517	0.00664326
123201	0.320056	0.308849	0.000122165	0.478209	0.461464	17.8734	-7.5453	-7.52845	17.9506	-7.06709	-7.06699	0.000221904	-1.08634	-0.998719	0.00662956
123401	0.316562	0.308857	0.000122059	0.472988	0.461475	17.858	-7.53989	-7.52846	17.9353	-7.0669	-7.06699	0.000222633	-1.051	-0.998758	0.00662807
123601	0.326555	0.308818	0.000122058	0.487918	0.461418	17.8578	-7.55496	-7.5284	17.9355	-7.06704	-7.06699	0.000224035	-1.13877	-0.998552	0.00662042
123801	0.315657	0.308869	0.000122818	0.471637	0.461493	17.969	-7.53863	-7.52848	18.0471	-7.067	-7.06699	0.000224054	-1.0719	-0.998991	0.00666309
124001	0.310629	0.308886	0.000122386	0.464123	0.461519	17.9058	-7.53106	-7.5285	17.9834	-7.06694	-7.06699	0.000223175	-1.02826	-0.999207	0.0066449
124201	0.303874	0.308855	0.000121918	0.454031	0.461473	17.8374	-7.52099	-7.52846	17.915	-7.06696	-7.06699	0.000224456	-0.970521	-0.999041	0.00662102
124401	0.306202	0.308889	0.000122483	0.457509	0.461523	17.92	-7.52446	-7.52851	17.9977	-7.06695	-7.06699	0.000223286	-0.983508	-0.999323	0.00664957
124601	0.316581	0.308856	0.000122465	0.473016	0.461474	17.9174	-7.54	-7.52846	17.9954	-7.06698	-7.06698	0.00022431	-1.07012	-0.999176	0.00664081
124801	0.31315	0.308847	0.000121608	0.46789	0.461461	17.7921	-7.53492	-7.52845	17.8695	-7.06703	-7.06698	0.000222934	-1.04072	-0.999108	0.00659939
125001	0.301905	0.308858	0.000120841	0.451089	0.461478	17.6797	-7.51804	-7.52846	17.7566	-7.06695	-7.06698	0.000221557	-0.94866	-0.999235	0.00655904
125201	0.305626	0.308852	0.000120161	0.456648	0.461468	17.5803	-7.52365	-7.52845	17.6567	-7.067	-7.06698	0.000219924	-0.985509	-0.999194	0.0065226
125401	0.322152	0.308831	0.000120087	0.48134	0.461436	17.5695	-7.54837	-7.52842	17.6457	-7.06703	-7.06698	0.000218585	-1.11177	-0.999103	0.00652187
125601	0.304272	0.308833	0.000119739	0.454626	0.46144	17.5185	-7.52163	-7.52843	17.5942	-7.06701	-7.06699	0.000217622	-0.985581	-0.999161	0.00649754
125801	0.313432	0.308849	0.000119453	0.468312	0.461464	17.4768	-7.53532	-7.52845	17.5522	-7.06701	-7.06699	0.000216271	-1.04921	-0.999357	0.00648747
126001	0.299374	0.308868	0.000119577	0.447306	0.461492	17.4949	-7.5143	-7.52848	17.5702	-7.067	-7.06699	0.000215421	-0.943237	-0.999603	0.00649661
126201	0.316499	0.308879	0.000119397	0.472894	0.461509	17.4686	-7.53992	-7.52849	17.5437	-7.06703	-7.06699	0.000214453	-1.06383	-0.999749	0.00648342
126401	0.319278	0.308853	0.000119614	0.477046	0.46147	17.5002	-7.54409	-7.52846	17.5754	-7.06705	-7.06699	0.000213711	-1.07376	-0.999606	0.00648657
126601	0.316413	0.30886	0.000118975	0.472766	0.461481	17.4068	-7.53982	-7.52847	17.4816	-7.06705	-7.06699	0.000214235	-1.0622	-0.999721	0.00645049
126801	0.307291	0.308857	0.000118509	0.459136	0.461476	17.3386	-7.52615	-7.52846	17.413	-7.06701	-7.06699	0.000213324	-1.00351	-0.99972	0.00642415
127001	0.300097	0.308888	0.000117923	0.448387	0.461523	17.2529	-7.5154	-7.52851	17.3271	-7.06701	-7.06699	0.0002125	-0.920168	-1	0.00639779
127201	0.300792	0.308841	0.000117963	0.449426	0.461451	17.2587	-7.51649	-7.52844	17.332	-7.06706	-7.06699	0.000211935	-0.950751	-0.999634	0.00640329
127401	0.29026	0.308883	0.000118375	0.433689	0.461515	17.3191	-7.50059	-7.5285	17.3931	-7.0669	-7.06699	0.000212896	-0.880139	-1	0.00642604
127601	0.326083	0.308865	0.000118153	0.487214	0.461488	17.2866	-7.55421	-7.52847	17.3606	-7.067	-7.06699	0.000213576	-1.13109	-1.00003	0.0064115
127801	0.319044	0.308866	0.000117711	0.476697	0.46149	17.2218	-7.54363	-7.52848	17.2954	-7.06694	-7.06699	0.000212779	-1.09315	-1.00011	0.00638896
128001	0.305165	0.308888	0.000118569	0.45596	0.461522	17.3474	-7.52293	-7.52851	17.4209	-7.06697	-7.06699	0.00021189	-0.97708	-1.00034	0.00643168
128201	0.308246	0.308834	0.000118495	0.460562	0.461442	17.3366	-7.52757	-7.52843	17.4102	-7.067	-7.06699	0.000211833	-1.00021	-0.999982	0.00641982
128401	0.311046	0.308848	0.0001185	0.464746	0.461462	17.3373	-7.53174	-7.52845	17.4108	-7.067	-7.06699	0.000210758	-1.00127	-1.00013	0.00643049
128601	0.32134	0.308863	0.000118092	0.480128	0.461485	17.2777	-7.54712	-7.52847	17.3507	-7.067	-7.06699	0.000209367	-1.08933	-1.00024	0.00640881
128801	0.294891	0.30884	0.000117718	0.440609	0.46145	17.2229	-7.50758	-7.52844	17.2956	-7.06697	-7.06699	0.000208243	-0.89877	-1.00008	0.00638686
129001	0.286977	0.30888	0.000118142	0.428784	0.46151	17.285	-7.49575	-7.5285	17.3581	-7.06696	-7.06699	0.00020803	-0.846504	-1.00035	0.00640491
129201	0.312234	0.308874	0.000117989	0.466522	0.461502	17.2626	-7.53348	-7.52849	17.3353	-7.06695	-7.06699	0.000206782	-1.03089	-1.00033	0.00639401
129401	0.321591	0.308833	0.000118775	0.480502	0.46144	17.3776	-7.54751	-7.52843	17.4509	-7.06701	-7.06699	0.000207703	-1.09815	-1.00009	0.00642388
129601	0.316464	0.308845	0.000118699	0.472842	0.461457	17.3664	-7.5398	-7.52844	17.4397	-7.06696	-7.06699	0.000207042	-1.06843	-1.00019	0.00642103
129801	0.323183	0.308842	0.000118896	0.482881	0.461454	17.3952	-7.5499	-7.52844	17.4683	-7.06702	-7.06699	0.000206029	-1.10592	-1.00023	0.00642975
130001	0.307719	0.308821	0.000119615	0.459776	0.461422	17.5004	-7.5268	-7.52841	17.5735	-7.06702	-7.06699	0.000205193	-1.00861	-1.00011	0.00646302
130201	0.311564	0.308884	0.000119552	0.46552	0.461516	17.4911	-7.53256	-7.5285	17.5649	-7.06704	-7.06699	0.000207239	-1.01876	-1.0006	0.00646385
130401	0.296887	0.308864	0.000119887	0.443591	0.461486	17.5403	-7.51057	-7.52847	17.6137	-7.06698	-7.06699	0.000206112	-0.898061	-1.00046	0.00648914
130601	0.302152	0.308844	0.000119457	0.451457	0.461456	17.4774	-7.51848	-7.52844	17.5504	-7.06702	-7.06699	0.000204907	-0.947828	-1.00024	0.00646806
130801	0.310239	0.308868	0.000118997	0.46354	0.461492	17.4101	-7.53058	-7.52848	17.4831	-7.06704	-7.06699	0.000206657	-1.00078	-1.00034	0.00643834
131001	0.305983	0.308864	0.000118698	0.457181	0.461487	17.3663	-7.52416	-7.52847	17.439	-7.06698	-7.06699	0.000206203	-0.947141	-1.00024	0.00642914
131201	0.300168	0.308862	0.000118598	0.448493	0.461483	17.3517	-7.5155	-7.52847	17.4243	-7.06701	-7.06699	0.000205425	-0.920876	-1.00014	0.00642527
131401	0.321524	0.308858	0.00011804	0.480402	0.461477	17.2699	-7.5475	-7.52846	17.3421	-7.06709	-7.06699	0.000205515	-1.08522	-1.00009	0.00639723
131601	0.314705	0.308854	0.00011768	0.470214	0.461471	17.2173	-7.53724	-7.52846	17.2893	-7.06702	-7.06699	0.000205768	-1.03351	-1.00002	0.00637806
131801	0.322616	0.308877	0.000117119	0.482034	0.461506	17.1353	-7.54907	-7.52849	17.2071	-7.06704	-7.06699	0.00020552	-1.11967	-1.00022	0.00634994
132001	0.310816	0.308847	0.000117918	0.464403	0.461461	17.2521	-7.53143	-7.52845	17.324	-7.06703	-7.06699	0.000204799	-1.01534	-1.00007	0.0063908
132201	0.304649	0.30888	0.000117964	0.455188	0.46151	17.2588	-7.52215	-7.5285	17.331	-7.06696	-7.06699	0.00020462	-0.994028	-1.00033	0.00638877
132401	0.303199	0.308885	0.00011758	0.453022	0.461517	17.2027	-7.51994	-7.5285	17.2746	-7.06692	-7.06699	0.000203947	-0.97962	-1.00037	0.00637322
132601	0.294698	0.308874	0.000117036	0.44032	0.461501	17.1231	-7.50721	-7.52849	17.1946	-7.06689	-7.06699	0.000205338	-0.89771	-1.00035	0.00634326
132801	0.302976	0.308885	0.000118028	0.452689	0.461518	17.2682	-7.51972	-7.52851	17.3403	-7.06703	-7.06699	0.00020531	-0.959577	-1.00044	0.00640705
133001	0.323335	0.308867	0.000117588	0.483108	0.46149	17.2039	-7.55015	-7.52848	17.2756	-7.06704	-7.06699	0.000204347	-1.09132	-1.00031	0.00638096
133201	0.305616	0.308857	0.000117431	0.456634	0.461476	17.1809	-7.52364	-7.52846	17.2524	-7.06701	-7.06699	0.000203415	-0.986637	-1.00024	0.00637287
133401	0.324761	0.3089	0.000117437	0.485239	0.46154	17.1818	-7.55239	-7.52853	17.2543	-7.06715	-7.06699	0.000209317	-1.10886	-1.00052	0.00636615
133601	0.317371	0.308894	0.000117859	0.474196	0.46153	17.2435	-7.54125	-7.52852	17.3159	-7.06706	-7.06699	0.000211026	-1.0314	-1.00036	0.00638773
133801	0.330327	0.308846	0.000118244	0.493554	0.461459	17.2998	-7.56062	-7.52845	17.3721	-7.06707	-7.06699	0.000210157	-1.14215	-0.999978	0.00640629
134001	0.31079	0.308889	0.00011878	0.464364	0.461524	17.3782	-7.53142	-7.52851	17.4508	-7.06705	-7.06699	0.000212413	-1.00842	-1.00026	0.0064313
134201	0.308891	0.308837	0.000118599	0.461527	0.461446	17.3517	-7.52853	-7.52844	17.4241	-7.067	-7.06699	0.000211389	-1.00139	-0.999837	0.00642724
134401	0.294229	0.308878	0.000118533	0.439619	0.461507	17.3421	-7.50666	-7.5285	17.4146	-7.06704	-7.06699	0.000212148	-0.906837	-1.00017	0.00642519
134601	0.321556	0.308901	0.000118425	0.480449	0.461542	17.3263	-7.54747	-7.52853	17.3989	-7.06702	-7.06699	0.000213858	-1.08814	-1.00032	0.00641246
134801	0.322919	0.308866	0.000120306	0.482486	0.461489	17.6015	-7.54956	-7.52848	17.6748	-7.06707	-7.06699	0.000213858	-1.10931	-1	0.00651978
135001	0.324279	0.308894	0.000120209	0.484518	0.461531	17.5873	-7.5516	-7.52852	17.6608	-7.06708	-7.06699	0.000214851	-1.11016	-1.00028	0.00651304
135201	0.302783	0.308875	0.000120145	0.452401	0.461503	17.5779	-7.51937	-7.52849	17.6513	-7.06697	-7.06699	0.000214012	-0.963193	-1.00015	0.0065063
135401	0.321515	0.308874	0.000119803	0.480388	0.461501	17.5279	-7.54739	-7.52849	17.6008	-7.067	-7.06699	0.000212933	-1.1053	-1.00014	0.00649057
135601	0.302305	0.308874	0.000119402	0.451686	0.461502	17.4692	-7.51864	-7.52849	17.5418	-7.06695	-7.06699	0.000211815	-0.951188	-1.00018	0.00646898
135801	0.285345	0.30888	0.000119414	0.426346	0.461511	17.471	-7.49324	-7.5285	17.5434	-7.06689	-7.06699	0.000211213	-0.843576	-1.00023	0.00646873
136001	0.319366	0.308846	0.000119567	0.477178	0.46146	17.4934	-7.54423	-7.52845	17.5661	-7.06705	-7.06699	0.000211444	-1.06264	-0.999965	0.0064736
136201	0.322273	0.308838	0.000122276	0.481522	0.461447	17.8897	-7.54853	-7.52844	17.9634	-7.06701	-7.06699	0.000211235	-1.10816	-0.999909	0.00662381
136401	0.305238	0.308869	0.000122416	0.456068	0.461494	17.9102	-7.52303	-7.52848	17.9839	-7.06696	-7.06699	0.000210579	-0.992623	-1.00016	0.00662656
136601	0.31015	0.30888	0.000122141	0.463407	0.46151	17.87	-7.53041	-7.5285	17.9435	-7.067	-7.06699	0.000209716	-1.00814	-1.00029	0.00661189
136801	0.312241	0.308852	0.000121944	0.466532	0.461468	17.8411	-7.53345	-7.52846	17.9147	-7.06692	-7.06699	0.000209915	-1.03443	-1.0001	0.00659993
137001	0.305133	0.308868	0.000121632	0.455912	0.461492	17.7955	-7.52289	-7.52848	17.8687	-7.06698	-7.06699	0.000209362	-0.977527	-1.00021	0.00658459
137201	0.304266	0.308856	0.000121126	0.454616	0.461475	17.7214	-7.5216	-7.52847	17.7944	-7.06699	-7.06699	0.000208313	-0.937416	-1.00007	0.00655638
137401	0.314272	0.308836	0.000120772	0.469567	0.461445	17.6697	-7.53663	-7.52843	17.7422	-7.06707	-7.06699	0.000207985	-1.0364	-0.999844	0.00654453
137601	0.298375	0.308843	0.000121541	0.445814	0.461455	17.7822	-7.5128	-7.52845	17.8552	-7.06698	-7.06699	0.000208209	-0.934272	-0.999875	0.00659436
137801	0.329047	0.308852	0.000121811	0.491643	0.461469	17.8217	-7.55874	-7.52846	17.8945	-7.0671	-7.06699	0.000207923	-1.15382	-0.999946	0.0066157
138001	0.322936	0.308864	0.000122183	0.482512	0.461487	17.8761	-7.54962	-7.52848	17.949	-7.06711	-7.06699	0.000209964	-1.0946	-0.99996	0.00664874
138201	0.30418	0.308854	0.000122601	0.454487	0.461471	17.9373	-7.52147	-7.52846	18.0104	-7.06699	-7.06699	0.000210196	-0.953422	-0.999866	0.00667097
138401	0.313138	0.308868	0.000122772	0.467872	0.461492	17.9623	-7.53491	-7.52848	18.0355	-7.06704	-7.06699	0.000211002	-1.02479	-0.999894	0.00667548
138601	0.319303	0.308877	0.000122986	0.477083	0.461506	17.9936	-7.54416	-7.5285	18.0668	-7.06707	-7.06699	0.000210785	-1.06223	-0.999909	0.00668598
138801	0.298481	0.308848	0.000123258	0.445972	0.461462	18.0335	-7.513	-7.52845	18.1066	-7.06703	-7.06699	0.000210299	-0.918977	-0.999619	0.0067024
139001	0.312348	0.308891	0.000123634	0.466691	0.461527	18.0884	-7.53373	-7.52852	18.1623	-7.06703	-7.06699	0.000212889	-1.02048	-0.999924	0.006726
139201	0.32278	0.308899	0.000123756	0.482279	0.461539	18.1063	-7.54941	-7.52853	18.1805	-7.06713	-7.06699	0.000215577	-1.08189	-0.999873	0.00673092
139401	0.297489	0.30888	0.000123408	0.44449	0.46151	18.0554	-7.51151	-7.5285	18.1292	-7.06702	-7.06699	0.000215689	-0.894901	-0.999665	0.00671629
139601	0.291703	0.308899	0.00012371	0.435846	0.461538	18.0995	-7.50286	-7.52853	18.1737	-7.06701	-7.06699	0.000217296	-0.860248	-0.999667	0.00672491
139801	0.315442	0.3089	0.000123535	0.471315	0.46154	18.074	-7.53835	-7.52853	18.148	-7.06704	-7.06699	0.000216874	-1.03043	-0.999639	0.00671569
140001	0.307188	0.308883	0.000123079	0.458982	0.461514	18.0072	-7.52599	-7.52851	18.0809	-7.06701	-7.06699	0.000215892	-0.982676	-0.999469	0.00669259
140201	0.302472	0.308888	0.000123411	0.451936	0.461522	18.0558	-7.51896	-7.52852	18.1294	-7.06703	-7.06699	0.000215464	-0.960489	-0.999532	0.00671201
140401	0.305246	0.308875	0.000123235	0.456081	0.461503	18.03	-7.52311	-7.5285	18.1034	-7.06703	-7.06699	0.00021483	-0.97061	-0.999466	0.00671015
140601	0.312517	0.308888	0.000124309	0.466944	0.461522	18.1871	-7.53389	-7.52852	18.2611	-7.06694	-7.06699	0.000215086	-1.05129	-0.999624	0.00676789
140801	0.300234	0.308876	0.00012434	0.448592	0.461504	18.1917	-7.51554	-7.5285	18.2655	-7.06695	-7.06699	0.000214811	-0.93545	-0.999561	0.00677585
141001	0.303197	0.308901	0.000124676	0.453019	0.461541	18.2409	-7.52007	-7.52854	18.3152	-7.06705	-7.06699	0.0002155	-0.971299	-0.99977	0.00679454
141201	0.301576	0.308904	0.000124492	0.450596	0.461546	18.214	-7.51758	-7.52854	18.2881	-7.06698	-7.06699	0.000214876	-0.953462	-0.999838	0.00678526
141401	0.306906	0.308882	0.000124109	0.45856	0.461514	18.1579	-7.52559	-7.52851	18.2317	-7.06703	-7.06699	0.000214478	-0.987148	-0.999748	0.00676267
141601	0.297933	0.308893	0.000123947	0.445154	0.46153	18.1342	-7.51216	-7.52852	18.2078	-7.06701	-7.06699	0.000213866	-0.920709	-0.999841	0.0067509
141801	0.307596	0.308883	0.000124701	0.459592	0.461515	18.2446	-7.52669	-7.52851	18.3181	-7.0671	-7.06699	0.000214689	-0.97781	-0.999792	0.00679466
142001	0.30546	0.308881	0.00012556	0.4564	0.461512	18.3703	-7.5234	-7.52851	18.4444	-7.067	-7.067	0.000215422	-0.973936	-0.999743	0.00683661
142201	0.308286	0.30888	0.000125005	0.460623	0.461509	18.289	-7.52769	-7.5285	18.3627	-7.06707	-7.067	0.000215126	-0.994237	-0.999719	0.00680672
142401	0.304066	0.308899	0.00012519	0.454318	0.461539	18.3161	-7.52133	-7.52853	18.3902	-7.06702	-7.067	0.00021661	-0.976747	-0.9999	0.00682066
142601	0.324981	0.308902	0.000125403	0.485567	0.461544	18.3472	-7.55257	-7.52854	18.4212	-7.06701	-7.067	0.000215844	-1.11678	-0.999956	0.006833
142801	0.29092	0.308887	0.000125574	0.434675	0.461521	18.3722	-7.50163	-7.52852	18.446	-7.06696	-7.067	0.000214989	-0.866469	-0.999796	0.00684285
143001	0.307103	0.308894	0.000125211	0.458855	0.461531	18.3192	-7.52582	-7.52853	18.3926	-7.06696	-7.067	0.000214098	-0.996266	-0.99985	0.00682222
143201	0.314391	0.308892	0.000124885	0.469745	0.461528	18.2715	-7.53678	-7.52852	18.3448	-7.06703	-7.067	0.000213458	-1.03619	-0.999887	0.00680664
143401	0.316364	0.30889	0.000124359	0.472692	0.461525	18.1945	-7.53971	-7.52852	18.2675	-7.06702	-7.067	0.000212775	-1.07039	-0.999883	0.00677837
143601	0.312084	0.308902	0.000124671	0.466298	0.461543	18.2402	-7.53333	-7.52854	18.3132	-7.06703	-7.067	0.000212132	-1.01628	-0.999964	0.00679826
143801	0.306086	0.308887	0.000124437	0.457335	0.46152	18.2059	-7.52434	-7.52852	18.2786	-7.06701	-7.067	0.000211348	-0.994164	-0.999865	0.00678751
144001	0.303484	0.308901	0.000124464	0.453447	0.461542	18.2099	-7.52052	-7.52854	18.2826	-7.06708	-7.067	0.00021209	-0.962009	-0.999978	0.00678954
144201	0.321708	0.308907	0.000124412	0.480676	0.46155	18.2022	-7.54766	-7.52855	18.2747	-7.06698	-7.067	0.000211762	-1.09391	-1.00003	0.00678319
144401	0.317498	0.30888	0.000124517	0.474386	0.46151	18.2176	-7.54139	-7.52851	18.2903	-7.06701	-7.067	0.000211966	-1.05868	-0.999799	0.00679457
144601	0.315493	0.308896	0.000124447	0.47139	0.461534	18.2073	-7.53839	-7.52853	18.2798	-7.067	-7.067	0.000211209	-1.06013	-0.999923	0.00678955
144801	0.324699	0.308893	0.000124062	0.485145	0.46153	18.1511	-7.55221	-7.52853	18.2234	-7.06707	-7.067	0.000210733	-1.11378	-0.99997	0.00676628
145001	0.320281	0.308895	0.000124203	0.478545	0.461532	18.1717	-7.54562	-7.52853	18.2441	-7.06708	-7.067	0.000210347	-1.08983	-0.999994	0.0067727
145201	0.320217	0.308896	0.00012395	0.478449	0.461534	18.1346	-7.54544	-7.52853	18.2069	-7.06699	-7.067	0.000210116	-1.08189	-1.00003	0.00675632
145401	0.319894	0.308885	0.00012395	0.477967	0.461517	18.1347	-7.54504	-7.52851	18.2069	-7.06708	-7.067	0.000209661	-1.09544	-0.999989	0.00675059
145601	0.301536	0.308899	0.000124432	0.450537	0.461539	18.2051	-7.5175	-7.52853	18.2779	-7.06696	-7.067	0.000210776	-0.947603	-1.00014	0.00678446
145801	0.289918	0.308903	0.000124217	0.433178	0.461544	18.1737	-7.50012	-7.52854	18.2463	-7.06694	-7.067	0.000210012	-0.862814	-1.00016	0.00677166
146001	0.317697	0.308906	0.000124695	0.474683	0.461549	18.2437	-7.54174	-7.52855	18.3166	-7.06705	-7.067	0.000209983	-1.06247	-1.00017	0.00680794
146201	0.312492	0.308901	0.000124641	0.466907	0.461541	18.2358	-7.53394	-7.52854	18.3086	-7.06704	-7.067	0.000209614	-1.0307	-1.00012	0.0068087
146401	0.313199	0.308891	0.000124653	0.467964	0.461526	18.2375	-7.5349	-7.52852	18.3105	-7.06694	-7.067	0.000209933	-1.03802	-1.00007	0.00681151
146601	0.304038	0.308919	0.000125206	0.454275	0.461569	18.3184	-7.52124	-7.52856	18.3913	-7.06696	-7.067	0.000209398	-0.972043	-1.0003	0.00683707
146801	0.298588	0.308892	0.000125034	0.446133	0.461528	18.2933	-7.51305	-7.52852	18.3664	-7.06692	-7.067	0.000210473	-0.921556	-1.00012	0.00682383
147001	0.305122	0.308901	0.000124757	0.455895	0.461542	18.2527	-7.52279	-7.52854	18.3255	-7.0669	-7.067	0.000210388	-0.97864	-1.0002	0.00680948
147201	0.302361	0.308907	0.000125809	0.45177	0.46155	18.4066	-7.5187	-7.52855	18.4799	-7.06693	-7.067	0.000210434	-0.959425	-1.0003	0.0068643
147401	0.325323	0.308883	0.000125818	0.486079	0.461514	18.4079	-7.55301	-7.52851	18.4814	-7.06693	-7.067	0.000212346	-1.12052	-1.00017	0.00685803
147601	0.298477	0.308873	0.000125494	0.445967	0.4615	18.3606	-7.51287	-7.52849	18.434	-7.06691	-7.06699	0.000213496	-0.928791	-1.00014	0.00683909
147801	0.306608	0.30887	0.000125332	0.458116	0.461496	18.3368	-7.52502	-7.52849	18.4102	-7.0669	-7.06699	0.000214159	-0.9962	-1.00014	0.00682916
148001	0.310829	0.308875	0.000124876	0.464422	0.461502	18.2701	-7.5314	-7.5285	18.3431	-7.06698	-7.06699	0.000213906	-1.01032	-1.00017	0.00680469
148201	0.305247	0.308857	0.0001245	0.456082	0.461476	18.2151	-7.52302	-7.52847	18.2881	-7.06693	-7.06699	0.000214499	-0.977445	-1.00006	0.00678319
148401	0.314156	0.308855	0.000124362	0.469393	0.461473	18.1949	-7.53634	-7.52847	18.2677	-7.06695	-7.06699	0.000214426	-1.04641	-1.00002	0.00677717
148601	0.322021	0.308855	0.000124041	0.481144	0.461472	18.148	-7.54814	-7.52847	18.2206	-7.067	-7.06699	0.000213886	-1.09182	-1.00001	0.00676087
148801	0.321097	0.308848	0.000124153	0.479764	0.461462	18.1644	-7.54675	-7.52846	18.2369	-7.06698	-7.06699	0.000213719	-1.08134	-0.999955	0.00676653
149001	0.311248	0.308862	0.000123868	0.465048	0.461483	18.1227	-7.53196	-7.52848	18.195	-7.06691	-7.06699	0.000213492	-1.01967	-1.00008	0.00675006
149201	0.311679	0.308867	0.000123573	0.465693	0.461491	18.0794	-7.53265	-7.52848	18.1515	-7.06695	-7.06699	0.000213309	-1.01307	-1.00014	0.00673206
149401	0.313766	0.308845	0.000123348	0.46881	0.461458	18.0466	-7.53575	-7.52845	18.1187	-7.06694	-7.06699	0.000213808	-1.02964	-0.999966	0.00672304
149601	0.308884	0.308855	0.000123047	0.461515	0.461473	18.0026	-7.52847	-7.52847	18.0744	-7.06695	-7.06699	0.000213478	-1.00672	-1.00004	0.00670712
149801	0.337418	0.308857	0.000123025	0.504149	0.461476	17.9993	-7.57122	-7.52847	18.071	-7.06707	-7.06699	0.000213087	-1.21092	-1.00003	0.00670728
150001	0.30878	0.308859	0.000123837	0.461361	0.461478	18.1182	-7.52826	-7.52847	18.1905	-7.0669	-7.06699	0.000214063	-0.991381	-1.00005	0.00675117
150201	0.310528	0.308861	0.000123648	0.463973	0.461481	18.0905	-7.53088	-7.52847	18.1626	-7.06691	-7.06699	0.000215055	-1.02079	-1.00008	0.00673929
150401	0.318568	0.30886	0.000123383	0.475986	0.46148	18.0518	-7.543	-7.52847	18.1237	-7.06701	-7.06699	0.000215941	-1.06941	-1.00007	0.00672403
150601	0.303989	0.308853	0.000123069	0.454203	0.46147	18.0057	-7.52115	-7.52846	18.0776	-7.06695	-7.06699	0.000215492	-0.973807	-1.00001	0.00670707
150801	0.298954	0.308867	0.00012305	0.446679	0.46149	18.003	-7.51359	-7.52848	18.0748	-7.06691	-7.06699	0.000215099	-0.924392	-1.0001	0.00670481
151001	0.317072	0.308854	0.000122832	0.473751	0.461472	17.9711	-7.54072	-7.52846	18.0428	-7.06696	-7.06699	0.00021526	-1.0717	-1.00002	0.00669279
151201	0.295408	0.308867	0.000122624	0.44138	0.461491	17.9407	-7.50833	-7.52848	18.0122	-7.06694	-7.06699	0.000214703	-0.896564	-1.00013	0.00668341
151401	0.292123	0.308874	0.00012253	0.436472	0.461501	17.927	-7.5034	-7.52849	17.9985	-7.06693	-7.06699	0.00021429	-0.844161	-1.0001	0.0066782
151601	0.320473	0.30884	0.000122619	0.478832	0.461451	17.9399	-7.5458	-7.52844	18.0119	-7.06697	-7.06699	0.000216413	-1.06545	-0.9998	0.00668868
151801	0.31894	0.308864	0.000122377	0.476542	0.461486	17.9045	-7.54354	-7.52848	17.9764	-7.067	-7.06699	0.000216576	-1.06732	-0.999906	0.00667113
152001	0.324564	0.308865	0.000122449	0.484945	0.461487	17.915	-7.55186	-7.52848	17.9867	-7.06691	-7.06699	0.000216423	-1.11704	-0.999935	0.00667189
152201	0.30001	0.308841	0.000122593	0.448258	0.461452	17.9361	-7.51512	-7.52844	18.0083	-7.06686	-7.06699	0.000219393	-0.936824	-0.999787	0.0066763
152401	0.317661	0.308864	0.000122371	0.474631	0.461486	17.9037	-7.54164	-7.52848	17.9755	-7.06701	-7.06699	0.000219325	-1.07233	-0.999978	0.00666643
152601	0.309802	0.308858	0.000122098	0.462888	0.461477	17.8637	-7.52983	-7.52847	17.9355	-7.06694	-7.06699	0.000220026	-1.01016	-0.99996	0.00665068
152801	0.320981	0.308847	0.000121819	0.47959	0.461461	17.8229	-7.5466	-7.52845	17.8947	-7.06701	-7.06699	0.000219934	-1.09526	-0.999918	0.00663281
153001	0.311667	0.308869	0.000121528	0.465675	0.461493	17.7803	-7.53267	-7.52848	17.8518	-7.067	-7.06699	0.000219422	-1.02852	-1.00008	0.00661789
153201	0.306288	0.308853	0.000121209	0.457637	0.46147	17.7337	-7.52457	-7.52846	17.8051	-7.06693	-7.06699	0.000218843	-0.977104	-0.999957	0.00660226
153401	0.311322	0.308854	0.000120882	0.465159	0.461471	17.6858	-7.53213	-7.52846	17.7571	-7.06698	-7.06699	0.000218999	-1.03948	-0.99999	0.00658489
153601	0.306908	0.308851	0.000120473	0.458563	0.461467	17.626	-7.52556	-7.52846	17.6969	-7.06699	-7.06699	0.000218215	-0.993808	-0.999998	0.00656208
153801	0.295045	0.30886	0.00012092	0.440839	0.46148	17.6914	-7.50784	-7.52847	17.7624	-7.067	-7.06699	0.000218156	-0.886659	-1.00007	0.00658887
154001	0.331943	0.308874	0.000121504	0.495969	0.461502	17.7767	-7.56294	-7.52849	17.8477	-7.06697	-7.06699	0.000217453	-1.19043	-1.00016	0.00662521
154201	0.298004	0.308847	0.00012177	0.44526	0.46146	17.8158	-7.51218	-7.52845	17.887	-7.06692	-7.06699	0.000218541	-0.943499	-0.999972	0.00663813
154401	0.327487	0.308854	0.000121635	0.489312	0.461471	17.796	-7.55641	-7.52846	17.8673	-7.0671	-7.06699	0.000218435	-1.15508	-1.00007	0.00663402
154601	0.300802	0.30885	0.000122285	0.449441	0.461466	17.891	-7.5163	-7.52846	17.9632	-7.06686	-7.06699	0.000219782	-0.933033	-1.00004	0.00668122
154801	0.308442	0.308845	0.000121932	0.460856	0.461458	17.8394	-7.52781	-7.52845	17.9113	-7.06696	-7.06699	0.000220345	-1.00958	-0.99995	0.00666501
155001	0.326647	0.308865	0.00012183	0.488056	0.461488	17.8245	-7.55502	-7.52848	17.8962	-7.06697	-7.06699	0.000219589	-1.13541	-1.00011	0.00666077
155201	0.31888	0.308842	0.000122244	0.476451	0.461454	17.885	-7.54347	-7.52844	17.957	-7.06702	-7.06699	0.000219549	-1.06352	-0.999931	0.00668499
155401	0.308478	0.308839	0.000122078	0.46091	0.46145	17.8607	-7.52793	-7.52844	17.9325	-7.06702	-7.06699	0.000218905	-0.994427	-0.999905	0.00667518
155601	0.323115	0.308858	0.000122267	0.482779	0.461477	17.8884	-7.54971	-7.52847	17.9601	-7.06694	-7.06699	0.000218677	-1.10356	-1.00006	0.00668646
155801	0.299258	0.308846	0.000122431	0.447134	0.461459	17.9124	-7.51405	-7.52845	17.9842	-7.06692	-7.06699	0.000219492	-0.920432	-0.999951	0.00669679
156001	0.312757	0.308854	0.000122425	0.467303	0.461472	17.9115	-7.53429	-7.52846	17.9833	-7.06698	-7.06699	0.000219098	-1.0198	-1.00001	0.00669447
156201	0.311949	0.308851	0.000122165	0.466096	0.461466	17.8735	-7.53305	-7.52845	17.945	-7.06695	-7.06699	0.000218405	-1.0165	-0.99999	0.00668053
156401	0.315899	0.308847	0.000121784	0.471998	0.46146	17.8177	-7.53889	-7.52845	17.8891	-7.06689	-7.06699	0.000218533	-1.0401	-0.999925	0.00666058
156601	0.318042	0.30884	0.000121676	0.4752	0.461451	17.802	-7.54225	-7.52844	17.8733	-7.06705	-7.06699	0.000218774	-1.06265	-0.999891	0.00665022
156801	0.295193	0.308865	0.000121677	0.441059	0.461487	17.8021	-7.50798	-7.52848	17.8735	-7.06692	-7.06699	0.000218607	-0.920947	-1.00009	0.00664872
157001	0.280227	0.308851	0.000121792	0.418699	0.461467	17.8189	-7.48554	-7.52845	17.8904	-7.06684	-7.06699	0.000220002	-0.788462	-0.999976	0.00665229
157201	0.311311	0.308861	0.000122383	0.465142	0.461482	17.9054	-7.53207	-7.52847	17.977	-7.06693	-7.06699	0.000221058	-1.03249	-1.00004	0.00668664
157401	0.313631	0.308839	0.000122599	0.468609	0.46145	17.937	-7.53559	-7.52844	18.009	-7.06699	-7.06699	0.000222171	-1.00742	-0.999848	0.0066962
157601	0.302914	0.308848	0.000122425	0.452597	0.461462	17.9116	-7.51954	-7.52845	17.9834	-7.06694	-7.06699	0.000221441	-0.942611	-0.999871	0.00668557
157801	0.300293	0.30884	0.000122606	0.44868	0.461451	17.938	-7.51565	-7.52844	18.0098	-7.06697	-7.06699	0.00022088	-0.920743	-0.999779	0.00669727
158001	0.331076	0.308836	0.000122886	0.494674	0.461445	17.979	-7.56169	-7.52843	18.0507	-7.06701	-7.06699	0.000220204	-1.15295	-0.999691	0.00672003
158201	0.322681	0.30887	0.000123527	0.482131	0.461495	18.0728	-7.54917	-7.52848	18.1447	-7.06704	-7.06699	0.000220122	-1.08766	-0.999933	0.00675414
158401	0.314093	0.308841	0.000124064	0.469299	0.461452	18.1514	-7.53634	-7.52844	18.2232	-7.06704	-7.06699	0.000219634	-1.02618	-0.999677	0.0067912
158601	0.314341	0.308854	0.000124268	0.46967	0.461471	18.1812	-7.53669	-7.52846	18.2531	-7.06702	-7.06699	0.000219433	-1.03951	-0.99977	0.00679841
158801	0.301207	0.308861	0.000123928	0.450045	0.461482	18.1315	-7.51698	-7.52847	18.2032	-7.06693	-7.06699	0.000218883	-0.950242	-0.999808	0.00677887
159001	0.30512	0.308854	0.000123567	0.455892	0.461471	18.0787	-7.52288	-7.52846	18.1502	-7.06699	-7.06699	0.000218455	-0.965843	-0.999763	0.00675927
159201	0.324934	0.308859	0.000123228	0.485498	0.461479	18.0291	-7.55259	-7.52847	18.1005	-7.06709	-7.06699	0.000218695	-1.11302	-0.999796	0.00674067
159401	0.29663	0.308849	0.000123531	0.443208	0.461463	18.0734	-7.51017	-7.52845	18.1452	-7.06696	-7.06699	0.000218778	-0.899442	-0.999676	0.00675858
159601	0.315985	0.308856	0.000123294	0.472126	0.461474	18.0387	-7.53917	-7.52846	18.1103	-7.06704	-7.06699	0.000218458	-1.04925	-0.999715	0.00674553
159801	0.308372	0.308856	0.000122909	0.460752	0.461474	17.9824	-7.5277	-7.52846	18.0538	-7.06695	-7.06699	0.000217826	-1.00011	-0.9997	0.006724
160001	0.303016	0.308862	0.000122978	0.452749	0.461483	17.9925	-7.51971	-7.52847	18.0638	-7.06696	-7.06699	0.000217253	-0.958033	-0.999773	0.00672664
160201	0.299774	0.308851	0.000122709	0.447904	0.461466	17.9531	-7.51485	-7.52845	18.0243	-7.06694	-7.06699	0.000217081	-0.936368	-0.999697	0.00671195
160401	0.298193	0.308857	0.000122536	0.445543	0.461475	17.9278	-7.51246	-7.52846	17.9989	-7.06691	-7.06699	0.000216622	-0.935357	-0.999772	0.00670177
160601	0.298686	0.308834	0.000122403	0.446279	0.461442	17.9083	-7.51321	-7.52843	17.9795	-7.06693	-7.06699	0.000217534	-0.932468	-0.999634	0.0066914
160801	0.308424	0.308837	0.000122289	0.460829	0.461446	17.8916	-7.52772	-7.52843	17.9627	-7.06689	-7.06699	0.000217775	-1.01287	-0.999714	0.0066833
161001	0.313869	0.308832	0.000121974	0.468964	0.461438	17.8455	-7.53595	-7.52843	17.9165	-7.06698	-7.06699	0.00021794	-1.04626	-0.999716	0.00666519
161201	0.281656	0.308842	0.000121955	0.420834	0.461453	17.8428	-7.48767	-7.52844	17.9138	-7.06684	-7.06699	0.000217849	-0.810772	-0.999798	0.00666292
161401	0.298831	0.308834	0.000122438	0.446496	0.461441	17.9135	-7.51353	-7.52843	17.985	-7.06703	-7.06699	0.000218693	-0.942929	-0.999776	0.00668552
161601	0.297499	0.308835	0.000122931	0.444506	0.461444	17.9855	-7.51144	-7.52843	18.0571	-7.06693	-7.06699	0.000218402	-0.916474	-0.999793	0.00670775
161801	0.328641	0.308827	0.000123014	0.491036	0.461431	17.9977	-7.55808	-7.52842	18.0694	-7.06704	-7.06699	0.000218198	-1.16243	-0.999741	0.0067128
162001	0.301197	0.308827	0.000122838	0.45003	0.461431	17.9719	-7.51694	-7.52842	18.0435	-7.06691	-7.06699	0.000217935	-0.94231	-0.999759	0.00670549
162201	0.329067	0.308822	0.00012277	0.491672	0.461423	17.9621	-7.55874	-7.52841	18.0337	-7.06707	-7.06699	0.000217865	-1.15264	-0.999718	0.00670122
162401	0.308612	0.308829	0.00012272	0.46111	0.461434	17.9547	-7.52805	-7.52842	18.0263	-7.06694	-7.06699	0.000217524	-0.997001	-0.999793	0.00669958
162601	0.306109	0.308823	0.000122522	0.45737	0.461425	17.9258	-7.52428	-7.52841	17.9973	-7.0669	-7.06699	0.000217332	-0.982838	-0.999743	0.00668863
162801	0.316332	0.308813	0.000122446	0.472644	0.46141	17.9146	-7.53967	-7.5284	17.9861	-7.06703	-7.06699	0.00021757	-1.05767	-0.999673	0.00668461
163001	0.305385	0.308824	0.000122181	0.456288	0.461427	17.8759	-7.52326	-7.52841	17.9474	-7.06697	-7.06699	0.00021774	-0.969554	-0.999756	0.00667019
163201	0.304611	0.308815	0.000121943	0.455132	0.461414	17.841	-7.5221	-7.5284	17.9124	-7.06697	-7.06699	0.000217163	-0.958245	-0.999687	0.00665824
163401	0.303216	0.308816	0.000121704	0.453047	0.461415	17.8061	-7.51998	-7.5284	17.8773	-7.06693	-7.06699	0.000216886	-0.977762	-0.999687	0.00664444
163601	0.31569	0.308823	0.000121555	0.471686	0.461425	17.7842	-7.53872	-7.52841	17.8554	-7.06704	-7.06699	0.000216484	-1.041	-0.999724	0.00663299
163801	0.300479	0.308811	0.000121248	0.448957	0.461407	17.7393	-7.51584	-7.52839	17.8104	-7.06688	-7.06699	0.000216808	-0.937412	-0.999634	0.00661666
164001	0.312215	0.308806	0.000121231	0.466493	0.461399	17.7368	-7.53347	-7.52839	17.808	-7.06698	-7.06699	0.000216809	-1.01426	-0.999597	0.00661522
164201	0.323493	0.308814	0.000121157	0.483344	0.461411	17.726	-7.55029	-7.5284	17.797	-7.06695	-7.06699	0.000216351	-1.102	-0.999644	0.00661021
164401	0.310394	0.308796	0.000121012	0.463772	0.461385	17.7049	-7.53071	-7.52837	17.7759	-7.06694	-7.06699	0.00021656	-0.993858	-0.999514	0.00660068
164601	0.318476	0.308787	0.000120817	0.475848	0.461372	17.6763	-7.54279	-7.52836	17.7475	-7.06694	-7.06699	0.000218441	-1.06658	-0.999456	0.00658767
164801	0.295262	0.308804	0.000120713	0.441163	0.461397	17.661	-7.50807	-7.52838	17.732	-7.06691	-7.06699	0.00021806	-0.916845	-0.999585	0.00658273
165001	0.302676	0.308792	0.000120681	0.45224	0.461379	17.6563	-7.51916	-7.52836	17.7273	-7.06692	-7.06699	0.00021866	-0.95528	-0.999513	0.00657572
165201	0.293931	0.308785	0.000120517	0.439175	0.461368	17.6324	-7.50613	-7.52835	17.7032	-7.06695	-7.06699	0.000218438	-0.900797	-0.999481	0.00656603
165401	0.311423	0.308802	0.000120388	0.46531	0.461394	17.6136	-7.53234	-7.52838	17.6844	-7.06703	-7.06699	0.000218138	-1.02312	-0.99963	0.00656064
165601	0.302547	0.308801	0.000120077	0.452048	0.461392	17.568	-7.51893	-7.52838	17.6386	-7.06688	-7.06699	0.000217791	-0.949637	-0.999623	0.00654479
165801	0.298723	0.308783	0.00011992	0.446335	0.461365	17.545	-7.51331	-7.52835	17.6158	-7.06697	-7.06699	0.000218287	-0.928325	-0.999453	0.00654228
166001	0.294112	0.308791	0.000120658	0.439445	0.461377	17.653	-7.50638	-7.52836	17.724	-7.06694	-7.06699	0.000218167	-0.887135	-0.999521	0.00658308
166201	0.321326	0.308786	0.000120476	0.480107	0.46137	17.6264	-7.5471	-7.52835	17.6974	-7.06699	-7.06699	0.00021784	-1.08653	-0.999465	0.00657285
166401	0.293352	0.308764	0.000120852	0.438309	0.461336	17.6815	-7.50521	-7.52832	17.7529	-7.0669	-7.06698	0.000218669	-0.893935	-0.999287	0.00659725
166601	0.318409	0.308788	0.00012094	0.475747	0.461373	17.6943	-7.54283	-7.52836	17.766	-7.06709	-7.06699	0.000219103	-1.08034	-0.999474	0.00660358
166801	0.28358	0.308773	0.000121356	0.423709	0.461351	17.7551	-7.49061	-7.52834	17.827	-7.06691	-7.06699	0.000219277	-0.812711	-0.999341	0.00662629
167001	0.329914	0.308789	0.000121345	0.492938	0.461374	17.7535	-7.55998	-7.52836	17.8255	-7.06704	-7.06699	0.000219109	-1.16066	-0.999445	0.00662581
167201	0.311312	0.308768	0.000121499	0.465144	0.461343	17.776	-7.5322	-7.52833	17.848	-7.06705	-7.06699	0.000218804	-1.00631	-0.999296	0.00663358
167401	0.307387	0.308796	0.000121647	0.45928	0.461384	17.7977	-7.52626	-7.52837	17.8701	-7.06698	-7.06699	0.00022022	-0.990254	-0.999475	0.00663749
167601	0.30317	0.30877	0.000121566	0.452978	0.461346	17.7859	-7.51991	-7.52833	17.8584	-7.06693	-7.06699	0.000220402	-0.959313	-0.99929	0.00663258
167801	0.320557	0.308788	0.000121564	0.478957	0.461373	17.7856	-7.54594	-7.52836	17.858	-7.06698	-7.06699	0.000219853	-1.10054	-0.999428	0.00663255
168001	0.31883	0.308786	0.000121311	0.476377	0.46137	17.7485	-7.54343	-7.52836	17.8208	-7.06705	-7.06699	0.000219577	-1.05911	-0.999416	0.00661765
168201	0.306096	0.308774	0.000121137	0.457351	0.461352	17.7231	-7.52435	-7.52834	17.7954	-7.067	-7.06699	0.000219301	-1.00254	-0.999363	0.00660329
168401	0.305419	0.308784	0.000120898	0.456339	0.461367	17.6881	-7.52334	-7.52835	17.7602	-7.067	-7.06699	0.000218786	-0.971742	-0.999443	0.00659065
168601	0.321613	0.308777	0.000120645	0.480535	0.461357	17.6511	-7.54753	-7.52834	17.7231	-7.067	-7.06699	0.000218285	-1.08994	-0.999391	0.0065765
168801	0.3094	0.308775	0.000120585	0.462287	0.461353	17.6423	-7.52925	-7.52834	17.7142	-7.06697	-7.06699	0.000217703	-1.01087	-0.9994	0.00657031
169001	0.32197	0.308789	0.000120567	0.481068	0.461374	17.6397	-7.54806	-7.52836	17.7113	-7.06699	-7.06699	0.000217167	-1.09882	-0.999503	0.00657199
169201	0.311719	0.308779	0.000121005	0.465752	0.46136	17.7037	-7.53279	-7.52835	17.7755	-7.06704	-7.06699	0.000216814	-1.01818	-0.99945	0.00659842
169401	0.31288	0.308779	0.000120933	0.467487	0.461359	17.6933	-7.53445	-7.52834	17.765	-7.06696	-7.06699	0.000216577	-1.04114	-0.99945	0.00659255
169601	0.300621	0.308788	0.000121057	0.449171	0.461372	17.7114	-7.5162	-7.52836	17.7832	-7.06703	-7.06699	0.000216344	-0.944319	-0.999509	0.00659871
169801	0.326124	0.308782	0.000120997	0.487274	0.461364	17.7026	-7.55428	-7.52835	17.7742	-7.06701	-7.06699	0.000215858	-1.11542	-0.999476	0.00659398
170001	0.320393	0.308781	0.000120845	0.478713	0.461362	17.6804	-7.54576	-7.52835	17.7519	-7.06704	-7.06699	0.000215399	-1.07781	-0.999474	0.00658392
170201	0.287729	0.308788	0.00012101	0.429908	0.461373	17.7045	-7.49678	-7.52836	17.7762	-7.06687	-7.06699	0.000215437	-0.843102	-0.999532	0.00659291
170401	0.324253	0.308778	0.000120885	0.48448	0.461358	17.6862	-7.5515	-7.52834	17.7581	-7.06702	-7.06699	0.000216143	-1.11678	-0.999475	0.00658608
170601	0.306053	0.30877	0.000120957	0.457286	0.461345	17.6968	-7.52428	-7.52833	17.7687	-7.067	-7.06699	0.000216084	-0.986509	-0.999441	0.00658687
170801	0.303233	0.30879	0.000120912	0.453072	0.461375	17.6902	-7.52011	-7.52836	17.7622	-7.06704	-7.06699	0.000216364	-0.980283	-0.999626	0.0065877
171001	0.294449	0.308797	0.000120913	0.439948	0.461386	17.6904	-7.50695	-7.52837	17.7624	-7.067	-7.06699	0.000216443	-0.896724	-0.999692	0.00658672
171201	0.314144	0.308795	0.00012079	0.469375	0.461384	17.6723	-7.53641	-7.52837	17.7442	-7.06704	-7.06699	0.000216344	-1.03563	-0.999698	0.00657962
171401	0.30356	0.308793	0.00012073	0.453562	0.46138	17.6635	-7.52054	-7.52837	17.7353	-7.06698	-7.06699	0.00021582	-0.969943	-0.999711	0.00657482
171601	0.302373	0.308789	0.000120577	0.451788	0.461374	17.6412	-7.51876	-7.52836	17.7128	-7.06698	-7.06699	0.000215322	-0.977465	-0.9997	0.0065653
171801	0.322539	0.3088	0.000120512	0.481918	0.461391	17.6316	-7.54897	-7.52838	17.7033	-7.06705	-7.06699	0.000215035	-1.10207	-0.999812	0.00656338
172001	0.318746	0.308793	0.00012057	0.476251	0.461379	17.6402	-7.54323	-7.52837	17.7117	-7.06698	-7.06699	0.000214628	-1.06291	-0.999758	0.00656541
172201	0.305073	0.3088	0.000120411	0.455822	0.46139	17.6168	-7.52285	-7.52838	17.6883	-7.06702	-7.06699	0.000214321	-0.971885	-0.999804	0.0065566
172401	0.333914	0.308783	0.000120518	0.498914	0.461366	17.6325	-7.56603	-7.52835	17.704	-7.06711	-7.06699	0.000214117	-1.1778	-0.999671	0.00656374
172601	0.302961	0.3088	0.000120681	0.452667	0.461391	17.6563	-7.51974	-7.52838	17.7282	-7.06707	-7.06699	0.00021655	-0.955008	-0.999787	0.00656983
172801	0.298257	0.308802	0.000120402	0.445638	0.461394	17.6156	-7.5126	-7.52838	17.6873	-7.06696	-7.06699	0.000216893	-0.922598	-0.999777	0.00655433
173001	0.306192	0.308802	0.000120261	0.457494	0.461394	17.595	-7.52453	-7.52838	17.6666	-7.06703	-7.06699	0.000216729	-0.961478	-0.999755	0.00654708
173201	0.318708	0.308804	0.000120084	0.476194	0.461397	17.5691	-7.54331	-7.52838	17.6407	-7.06711	-7.06699	0.000217268	-1.06703	-0.99974	0.006537
173401	0.300427	0.3088	0.000119992	0.448879	0.461391	17.5555	-7.51588	-7.52838	17.627	-7.067	-7.06699	0.000217479	-0.931509	-0.999678	0.00653179
173601	0.301588	0.308793	0.000119772	0.450616	0.46138	17.5234	-7.51761	-7.52837	17.5947	-7.067	-7.06699	0.000216899	-0.931439	-0.999609	0.00652049
173801	0.301005	0.308797	0.000119687	0.449744	0.461386	17.511	-7.51679	-7.52837	17.5823	-7.06705	-7.06699	0.000217439	-0.92412	-0.999596	0.00651451
174001	0.297163	0.308806	0.000119646	0.444004	0.461399	17.505	-7.51096	-7.52839	17.5763	-7.06696	-7.06699	0.000217728	-0.912237	-0.999649	0.00651334
174201	0.337187	0.308801	0.000120083	0.503805	0.461393	17.5689	-7.57094	-7.52838	17.6408	-7.06713	-7.06699	0.000218278	-1.20922	-0.999615	0.00653537
174401	0.297727	0.308797	0.000120184	0.444845	0.461386	17.5836	-7.51182	-7.52837	17.6556	-7.06697	-7.06699	0.000218765	-0.917374	-0.999572	0.0065417
174601	0.316076	0.3088	0.000119993	0.472262	0.46139	17.5557	-7.53928	-7.52838	17.6275	-7.06702	-7.06699	0.000218261	-1.04226	-0.999594	0.00653074
174801	0.315046	0.308798	0.000119946	0.470723	0.461388	17.5489	-7.53777	-7.52838	17.6206	-7.06705	-7.06699	0.000218154	-1.03275	-0.999576	0.00652803
175001	0.3137	0.308793	0.000119765	0.468712	0.46138	17.5223	-7.53571	-7.52837	17.5939	-7.067	-7.06699	0.000217764	-1.03431	-0.999494	0.00652053
175201	0.307248	0.308801	0.000119509	0.459072	0.461392	17.4849	-7.52606	-7.52838	17.5563	-7.06699	-7.06699	0.000217217	-1.00552	-0.999584	0.00650805
175401	0.319131	0.308795	0.000119291	0.476827	0.461383	17.4531	-7.54389	-7.52837	17.5244	-7.06706	-7.06699	0.000216898	-1.08277	-0.99955	0.00649592
175601	0.312832	0.308792	0.000119203	0.467416	0.461379	17.4401	-7.53442	-7.52837	17.5114	-7.067	-7.06699	0.000216624	-1.03452	-0.999551	0.00649229
175801	0.296087	0.308786	0.000119583	0.442396	0.46137	17.4958	-7.50922	-7.52836	17.5675	-7.06682	-7.06699	0.000217646	-0.921009	-0.999506	0.00651323
176001	0.310916	0.308806	0.000120225	0.464552	0.461399	17.5897	-7.53159	-7.52839	17.6621	-7.06703	-7.06699	0.00021842	-1.0207	-0.999676	0.00654946
176201	0.317831	0.308785	0.000120195	0.474883	0.461369	17.5853	-7.54189	-7.52836	17.6575	-7.06701	-7.06699	0.000217888	-1.07719	-0.999511	0.00655055
176401	0.3042	0.30879	0.000120008	0.454517	0.461375	17.5579	-7.52151	-7.52836	17.6299	-7.06699	-7.06699	0.000217363	-0.948872	-0.999538	0.00654088
176601	0.319404	0.308779	0.00012	0.477234	0.461359	17.5568	-7.54425	-7.52835	17.6287	-7.06702	-7.06699	0.000216879	-1.0758	-0.999445	0.00653657
176801	0.293162	0.308785	0.000120352	0.438026	0.461368	17.6083	-7.50494	-7.52836	17.6804	-7.06691	-7.06699	0.000216646	-0.870319	-0.999465	0.00655264
177001	0.310746	0.30878	0.000120301	0.464298	0.461361	17.6008	-7.53131	-7.52835	17.6729	-7.06701	-7.06699	0.000216524	-1.01735	-0.999414	0.00655099
177201	0.293989	0.308787	0.000120187	0.43926	0.461372	17.584	-7.50625	-7.52836	17.6561	-7.06699	-7.06699	0.000216422	-0.891544	-0.999461	0.00654285
177401	0.299284	0.308784	0.000120271	0.447173	0.461367	17.5964	-7.51415	-7.52835	17.6684	-7.06698	-7.06699	0.000215951	-0.938908	-0.999444	0.00654767
177601	0.30904	0.308798	0.000120152	0.461749	0.461388	17.579	-7.52876	-7.52838	17.651	-7.06701	-7.06699	0.000216093	-1.00246	-0.999546	0.00654004
177801	0.315966	0.308799	0.000120667	0.472098	0.46139	17.6544	-7.53912	-7.52838	17.7265	-7.06702	-7.06699	0.000215786	-1.06041	-0.99957	0.0065755
178001	0.321772	0.308788	0.000120565	0.480773	0.461373	17.6395	-7.54786	-7.52836	17.7115	-7.06709	-7.06699	0.0002157	-1.09062	-0.999476	0.00657067
178201	0.287707	0.308796	0.000120802	0.429875	0.461384	17.674	-7.49678	-7.52837	17.7464	-7.06691	-7.06699	0.000216198	-0.843353	-0.999495	0.00658123
178401	0.311017	0.308798	0.000120801	0.464702	0.461388	17.6739	-7.53171	-7.52838	17.7463	-7.06701	-7.06699	0.000216241	-0.998062	-0.999509	0.00657986
178601	0.309103	0.308796	0.000120705	0.461843	0.461384	17.66	-7.52881	-7.52837	17.7322	-7.06697	-7.06699	0.000215732	-1.01391	-0.999499	0.00657652
178801	0.298796	0.308791	0.000120535	0.446443	0.461377	17.635	-7.51344	-7.52837	17.7071	-7.06699	-7.06699	0.000215208	-0.93292	-0.999468	0.00656652
179001	0.322143	0.3088	0.0001203	0.481327	0.461391	17.6007	-7.54835	-7.52838	17.6726	-7.06703	-7.06699	0.000214786	-1.08252	-0.999549	0.00655435
179201	0.319516	0.308787	0.000120488	0.477402	0.461371	17.6281	-7.54438	-7.52836	17.7003	-7.06698	-7.06699	0.000214879	-1.08232	-0.999422	0.00656684
179401	0.298164	0.308785	0.000120628	0.445499	0.461368	17.6487	-7.51246	-7.52836	17.7208	-7.06696	-7.06699	0.000214627	-0.931091	-0.999434	0.00657508
179601	0.305419	0.308802	0.000120573	0.456339	0.461394	17.6405	-7.5234	-7.52838	17.7128	-7.06706	-7.06699	0.000214931	-0.983171	-0.999575	0.00657274
179801	0.312425	0.308807	0.000120465	0.466807	0.461401	17.6249	-7.53376	-7.52839	17.697	-7.06695	-7.06699	0.000214625	-1.01098	-0.999605	0.00656648
180001	0.317627	0.308785	0.00012051	0.47458	0.461368	17.6314	-7.5416	-7.52836	17.7036	-7.06702	-7.06699	0.000214696	-1.04169	-0.999431	0.00657039
180201	0.313695	0.308802	0.000120366	0.468705	0.461393	17.6104	-7.53576	-7.52838	17.6826	-7.06706	-7.06699	0.000214943	-1.03703	-0.999554	0.00656157
180401	0.291625	0.308798	0.000120353	0.435729	0.461388	17.6084	-7.50262	-7.52838	17.6808	-7.0669	-7.06699	0.000215036	-0.867406	-0.999524	0.00656125
180601	0.309456	0.308794	0.000120129	0.46237	0.461381	17.5756	-7.52943	-7.52837	17.6479	-7.06706	-7.06699	0.000214899	-1.00077	-0.999466	0.00654978
180801	0.317146	0.308802	0.000119959	0.47386	0.461394	17.5507	-7.54085	-7.52838	17.6229	-7.06699	-7.06699	0.000215127	-1.05877	-0.99952	0.00654058
181001	0.294478	0.308798	0.000119917	0.439992	0.461387	17.5445	-7.50692	-7.52838	17.6167	-7.06693	-7.06699	0.000214898	-0.894505	-0.999467	0.00653698
181201	0.326198	0.308797	0.000119899	0.487385	0.461385	17.5419	-7.55445	-7.52837	17.6141	-7.06706	-7.06699	0.000214699	-1.13125	-0.999472	0.00653554
181401	0.31132	0.308792	0.000119754	0.465156	0.461379	17.5208	-7.53219	-7.52837	17.5928	-7.06704	-7.06699	0.000214854	-1.01997	-0.999453	0.00652826
181601	0.32314	0.308802	0.000120031	0.482816	0.461393	17.5613	-7.54982	-7.52838	17.6334	-7.067	-7.06699	0.000214797	-1.11632	-0.999544	0.0065448
181801	0.303089	0.308795	0.000120046	0.452858	0.461383	17.5635	-7.51983	-7.52837	17.6356	-7.06697	-7.06699	0.000214392	-0.952038	-0.999507	0.00654542
182001	0.302998	0.308789	0.000120184	0.452721	0.461373	17.5837	-7.51969	-7.52836	17.6557	-7.06696	-7.06699	0.000213954	-0.968526	-0.999485	0.00655269
182201	0.279765	0.308788	0.000120713	0.418008	0.461373	17.6611	-7.48483	-7.52836	17.7335	-7.06682	-7.06699	0.000215072	-0.792217	-0.9995	0.00658061
182401	0.323912	0.308797	0.000120905	0.48397	0.461386	17.6892	-7.55101	-7.52837	17.7617	-7.06704	-7.06699	0.00021545	-1.13962	-0.999602	0.00659557
182601	0.321851	0.308799	0.000120926	0.48089	0.461389	17.6922	-7.54791	-7.52838	17.7647	-7.06702	-7.06699	0.000215131	-1.11442	-0.99965	0.0065972
182801	0.307739	0.308797	0.00012069	0.459805	0.461386	17.6577	-7.52671	-7.52837	17.7302	-7.0669	-7.06699	0.00021533	-0.990409	-0.999665	0.0065843
183001	0.310524	0.308781	0.000120537	0.463967	0.461363	17.6353	-7.53091	-7.52835	17.7079	-7.06694	-7.06699	0.000216217	-1.02889	-0.999579	0.00657289
183201	0.29576	0.308799	0.000120784	0.441907	0.461389	17.6715	-7.50889	-7.52838	17.7442	-7.06699	-7.06699	0.000216205	-0.922965	-0.999735	0.00658841
183401	0.297535	0.308791	0.000120591	0.44456	0.461377	17.6432	-7.51152	-7.52836	17.7158	-7.06696	-7.06699	0.000215739	-0.934749	-0.999719	0.00657615
183601	0.305866	0.308801	0.000120475	0.457007	0.461392	17.6263	-7.524	-7.52838	17.6989	-7.06699	-7.06699	0.000215491	-0.976306	-0.999814	0.00657116
183801	0.299936	0.308787	0.000120612	0.448147	0.461371	17.6463	-7.51515	-7.52836	17.7187	-7.06701	-7.06699	0.000215008	-0.923993	-0.99971	0.00658096
184001	0.300423	0.308794	0.000120496	0.448874	0.461381	17.6292	-7.51583	-7.52837	17.7016	-7.06696	-7.06699	0.000214644	-0.953261	-0.999761	0.00657641
184201	0.301452	0.308796	0.000120408	0.450412	0.461385	17.6165	-7.51739	-7.52837	17.6888	-7.06698	-7.06699	0.000214202	-0.948475	-0.999803	0.00657059
184401	0.304666	0.308793	0.000120561	0.455215	0.461381	17.6388	-7.52221	-7.52837	17.7112	-7.067	-7.06699	0.000214013	-0.95825	-0.999812	0.00658026
184601	0.302822	0.308789	0.000120361	0.452459	0.461374	17.6096	-7.51941	-7.52836	17.6817	-7.06695	-7.06699	0.000213557	-0.95396	-0.999796	0.0065707
184801	0.309515	0.308782	0.000120169	0.462459	0.461364	17.5815	-7.52942	-7.52835	17.6536	-7.06696	-7.06699	0.000213534	-1.02408	-0.99976	0.0065604
185001	0.299171	0.308803	0.000120504	0.447003	0.461395	17.6305	-7.51396	-7.52838	17.7028	-7.06696	-7.06699	0.000213772	-0.918716	-0.999916	0.00657807
185201	0.305405	0.308786	0.000120602	0.456318	0.461369	17.6448	-7.52326	-7.52836	17.7172	-7.06694	-7.06699	0.000213827	-0.961366	-0.999785	0.00658687
185401	0.294755	0.308785	0.000120446	0.440405	0.461368	17.6219	-7.50732	-7.52836	17.6943	-7.06692	-7.06699	0.00021368	-0.893971	-0.999779	0.00657958
185601	0.314065	0.308777	0.000120257	0.469257	0.461356	17.5943	-7.53627	-7.52834	17.6666	-7.06701	-7.06699	0.000213471	-1.04481	-0.999721	0.00656925
185801	0.301241	0.308779	0.00012031	0.450097	0.461359	17.6021	-7.51699	-7.52835	17.6744	-7.06689	-7.06699	0.000213436	-0.954755	-0.999746	0.00657286
186001	0.313453	0.308773	0.000120127	0.468343	0.46135	17.5753	-7.53542	-7.52834	17.6476	-7.06708	-7.06699	0.000213582	-1.02786	-0.999669	0.00656478
186201	0.312024	0.308788	0.000119982	0.466208	0.461373	17.5542	-7.53324	-7.52836	17.6265	-7.06703	-7.06699	0.000214377	-1.03487	-0.99977	0.00655576
186401	0.32687	0.308779	0.000120394	0.488389	0.46136	17.6144	-7.55539	-7.52835	17.687	-7.067	-7.06699	0.000214457	-1.1246	-0.99972	0.00657982
186601	0.314709	0.308777	0.000120381	0.470219	0.461356	17.6125	-7.53713	-7.52834	17.6851	-7.06691	-7.06699	0.0002146	-1.0629	-0.99968	0.00658085
186801	0.318894	0.308779	0.000120304	0.476472	0.461359	17.6013	-7.54345	-7.52835	17.6738	-7.06698	-7.06699	0.000214755	-1.07948	-0.999705	0.00657898
187001	0.32452	0.308775	0.000120347	0.484879	0.461354	17.6076	-7.5519	-7.52834	17.68	-7.06702	-7.06699	0.00021432	-1.11849	-0.999701	0.00658153
187201	0.322638	0.308771	0.000120904	0.482067	0.461348	17.6891	-7.54904	-7.52833	17.7616	-7.06697	-7.06699	0.000214046	-1.10766	-0.999676	0.00661021
187401	0.331211	0.308774	0.000120801	0.494876	0.461352	17.674	-7.56192	-7.52834	17.7464	-7.06704	-7.06699	0.000213623	-1.17256	-0.999724	0.00660534
187601	0.31669	0.308772	0.000121084	0.473179	0.461349	17.7154	-7.54019	-7.52834	17.7879	-7.06701	-7.06699	0.000213292	-1.0458	-0.999707	0.00662022
187801	0.322769	0.308775	0.000120923	0.482263	0.461353	17.6918	-7.5493	-7.52834	17.7642	-7.06704	-7.06699	0.000212987	-1.12196	-0.999743	0.00661016
188001	0.316472	0.308783	0.000120873	0.472854	0.461365	17.6845	-7.53987	-7.52835	17.7568	-7.06702	-7.06699	0.00021267	-1.05803	-0.999798	0.00660905
188201	0.307575	0.308785	0.000120794	0.45956	0.461369	17.673	-7.52662	-7.52836	17.7452	-7.06706	-7.06699	0.000212515	-0.993004	-0.999822	0.00660662
188401	0.302355	0.308772	0.000121076	0.451761	0.461348	17.7141	-7.51879	-7.52834	17.7862	-7.06703	-7.06699	0.000212485	-0.939574	-0.999716	0.0066245
188601	0.31443	0.308774	0.000121444	0.469802	0.461351	17.768	-7.53683	-7.52834	17.8403	-7.06702	-7.06699	0.000212631	-1.05279	-0.999721	0.00664638
188801	0.306777	0.308776	0.000121579	0.458368	0.461355	17.7878	-7.5254	-7.52834	17.8601	-7.06703	-7.06699	0.000212444	-0.990348	-0.999742	0.00665401
189001	0.301539	0.308787	0.000121646	0.450542	0.461371	17.7976	-7.51749	-7.52836	17.8701	-7.06695	-7.06699	0.000212582	-0.948181	-0.999829	0.00665925
189201	0.300359	0.308781	0.000121494	0.448779	0.461362	17.7754	-7.51583	-7.52835	17.8477	-7.06705	-7.06699	0.000212485	-0.922754	-0.999765	0.00665023
189401	0.313639	0.308782	0.000121433	0.46862	0.461364	17.7665	-7.53575	-7.52835	17.8388	-7.06713	-7.06699	0.000213791	-1.03336	-0.999753	0.00664646
189601	0.316649	0.308779	0.000121394	0.473118	0.461359	17.7607	-7.54017	-7.52835	17.8329	-7.06706	-7.06699	0.000214636	-1.05739	-0.999703	0.00664576
189801	0.301753	0.308779	0.000121317	0.450862	0.46136	17.7494	-7.51786	-7.52835	17.8216	-7.067	-7.06699	0.000214483	-0.931657	-0.999705	0.00664171
190001	0.302322	0.308786	0.00012113	0.451712	0.46137	17.722	-7.51877	-7.52836	17.7942	-7.06705	-7.06699	0.000215104	-0.943914	-0.999719	0.00663035
190201	0.321155	0.308785	0.000120978	0.479851	0.461368	17.6998	-7.54688	-7.52836	17.7719	-7.06703	-7.06699	0.00021513	-1.08831	-0.9997	0.00662226
190401	0.328912	0.308791	0.000121092	0.491441	0.461378	17.7165	-7.55851	-7.52837	17.7886	-7.06707	-7.06699	0.000215019	-1.13725	-0.999743	0.00662734
190601	0.279409	0.308774	0.000121402	0.417477	0.461352	17.7619	-7.48438	-7.52834	17.8343	-7.0669	-7.06699	0.000215256	-0.793007	-0.999631	0.00664007
190801	0.288565	0.30879	0.000122517	0.431157	0.461375	17.925	-7.49811	-7.52836	17.9981	-7.06696	-7.06699	0.000215776	-0.872332	-0.999761	0.00669675
191001	0.298973	0.308789	0.000122512	0.446708	0.461374	17.9243	-7.51367	-7.52836	17.9973	-7.06696	-7.06699	0.000215389	-0.930922	-0.999781	0.00669407
191201	0.305031	0.308788	0.000122325	0.455758	0.461373	17.8969	-7.52272	-7.52836	17.9698	-7.06696	-7.06699	0.000214998	-0.963267	-0.999773	0.00668548
191401	0.311439	0.308783	0.000122131	0.465333	0.461365	17.8686	-7.53223	-7.52835	17.9413	-7.0669	-7.06699	0.000215025	-1.01048	-0.999741	0.0066756
191601	0.320137	0.30877	0.000122119	0.478329	0.461345	17.8667	-7.54531	-7.52833	17.9396	-7.06698	-7.06699	0.000215908	-1.07439	-0.999655	0.00667099
191801	0.320585	0.308779	0.000122031	0.478998	0.461359	17.8539	-7.54603	-7.52835	17.9267	-7.06703	-7.06699	0.000215484	-1.09969	-0.999728	0.00666601
192001	0.300644	0.308777	0.00012209	0.449204	0.461356	17.8625	-7.51619	-7.52834	17.9353	-7.06698	-7.06699	0.000215232	-0.943692	-0.999709	0.00667085
192201	0.30147	0.308783	0.000121888	0.450439	0.461366	17.833	-7.5175	-7.52835	17.9057	-7.06706	-7.06699	0.000215248	-0.941009	-0.999755	0.00665939
192401	0.290938	0.30879	0.000121876	0.434702	0.461376	17.8312	-7.50164	-7.52836	17.9039	-7.06694	-7.06699	0.000215117	-0.866479	-0.999802	0.00665996
192601	0.320168	0.30878	0.000121813	0.478376	0.461361	17.822	-7.54537	-7.52835	17.8946	-7.067	-7.06699	0.00021523	-1.07082	-0.999711	0.00665785
192801	0.305453	0.308784	0.000121602	0.456389	0.461367	17.7911	-7.52345	-7.52836	17.8636	-7.06706	-7.06699	0.000214961	-0.975256	-0.999734	0.00664599
193001	0.310669	0.308793	0.000121492	0.464182	0.461381	17.775	-7.53118	-7.52837	17.8475	-7.06699	-7.06699	0.000215021	-1.0124	-0.99981	0.00664088
193201	0.321041	0.308789	0.000121598	0.479681	0.461374	17.7906	-7.54672	-7.52836	17.8631	-7.06704	-7.06699	0.000214706	-1.09155	-0.999764	0.00664935
193401	0.307646	0.308794	0.000121385	0.459667	0.461382	17.7594	-7.52669	-7.52837	17.8318	-7.06702	-7.06699	0.000214669	-1.00409	-0.999801	0.00663728
193601	0.300479	0.308796	0.000121213	0.448958	0.461385	17.7343	-7.51586	-7.52837	17.8067	-7.0669	-7.06699	0.000214914	-0.931821	-0.999821	0.00662971
193801	0.303593	0.308795	0.000122027	0.453611	0.461384	17.8533	-7.52063	-7.52837	17.9261	-7.06702	-7.06699	0.000215123	-0.96087	-0.999807	0.00667628
194001	0.311744	0.308785	0.0001219	0.465789	0.461368	17.8347	-7.53273	-7.52836	17.9075	-7.06694	-7.06699	0.000215074	-1.01575	-0.999738	0.00666995
194201	0.317844	0.308788	0.000121866	0.474904	0.461373	17.8297	-7.54186	-7.52836	17.9023	-7.06696	-7.06699	0.00021511	-1.05376	-0.999753	0.0066685
194401	0.297065	0.308785	0.000121736	0.443857	0.461368	17.8108	-7.51086	-7.52836	17.8833	-7.067	-7.06699	0.000214767	-0.88207	-0.999693	0.00666367
194601	0.309605	0.308786	0.000121748	0.462593	0.46137	17.8125	-7.52956	-7.52836	17.885	-7.06697	-7.06699	0.000214654	-1.00243	-0.999676	0.00666727
194801	0.32196	0.308793	0.000121688	0.481053	0.46138	17.8038	-7.54814	-7.52837	17.8763	-7.06709	-7.06699	0.000214793	-1.09665	-0.999718	0.0066649
195001	0.323393	0.308796	0.00012154	0.483194	0.461385	17.7821	-7.55024	-7.52837	17.8545	-7.06705	-7.06699	0.000215023	-1.09541	-0.999743	0.00665545
195201	0.295369	0.308787	0.000121758	0.441323	0.461372	17.814	-7.50824	-7.52836	17.8866	-7.06692	-7.06699	0.000215237	-0.878643	-0.999652	0.00666867
195401	0.30387	0.308791	0.000121641	0.454025	0.461377	17.7969	-7.52105	-7.52837	17.8694	-7.06702	-7.06699	0.000214951	-0.949333	-0.999647	0.00666286
195601	0.304551	0.308794	0.000121516	0.455042	0.461382	17.7786	-7.52202	-7.52837	17.851	-7.06698	-7.06699	0.000214637	-0.971814	-0.999666	0.00665545
195801	0.28342	0.308796	0.000121476	0.42347	0.461385	17.7727	-7.49032	-7.52837	17.8451	-7.06685	-7.06699	0.000214648	-0.826615	-0.999701	0.00665403
196001	0.311687	0.308787	0.000121451	0.465704	0.461372	17.7691	-7.53268	-7.52836	17.8415	-7.06698	-7.06699	0.000215003	-1.0319	-0.999642	0.00665136
196201	0.302297	0.30879	0.000121673	0.451674	0.461376	17.8016	-7.51854	-7.52836	17.8742	-7.06687	-7.06699	0.000215129	-0.948348	-0.999683	0.00666698
196401	0.290638	0.308785	0.000121626	0.434253	0.461368	17.7946	-7.50114	-7.52836	17.8672	-7.06689	-7.06699	0.000215914	-0.861088	-0.999628	0.00666496
196601	0.315654	0.308792	0.000121623	0.471631	0.461378	17.7942	-7.53867	-7.52837	17.8668	-7.06704	-7.06699	0.000215938	-1.0498	-0.999663	0.00666362
196801	0.317743	0.308795	0.000121576	0.474752	0.461384	17.7874	-7.54175	-7.52837	17.8599	-7.067	-7.06699	0.00021578	-1.06599	-0.999683	0.00666233
197001	0.298264	0.308783	0.000121586	0.445649	0.461366	17.7887	-7.51258	-7.52835	17.8613	-7.06693	-7.06699	0.000215579	-0.912049	-0.999564	0.00666792
197201	0.334071	0.308796	0.000121744	0.499149	0.461384	17.812	-7.56624	-7.52837	17.8846	-7.06709	-7.06699	0.000215971	-1.18605	-0.999624	0.00667632
197401	0.293863	0.308785	0.000121853	0.439073	0.461368	17.8278	-7.50602	-7.52836	17.9005	-7.06694	-7.06699	0.000215846	-0.883294	-0.999537	0.00668321
197601	0.292086	0.308785	0.00012198	0.436417	0.461368	17.8464	-7.50331	-7.52836	17.9192	-7.06689	-7.06699	0.000215632	-0.881384	-0.999529	0.00669017
197801	0.312825	0.308788	0.000121803	0.467405	0.461373	17.8206	-7.53447	-7.52836	17.8933	-7.06707	-7.06699	0.000215627	-1.03396	-0.999566	0.00668003
198001	0.329026	0.308789	0.00012188	0.491611	0.461374	17.8318	-7.55862	-7.52836	17.9044	-7.06701	-7.06699	0.000215513	-1.14779	-0.99959	0.00668597
198201	0.291527	0.308782	0.000122165	0.435583	0.461364	17.8734	-7.5025	-7.52835	17.9463	-7.06691	-7.06699	0.000215552	-0.893316	-0.999537	0.00670115
198401	0.30339	0.308791	0.000122117	0.453307	0.461377	17.8665	-7.52035	-7.52836	17.9393	-7.06705	-7.06699	0.000215457	-0.96131	-0.999612	0.00669925
198601	0.306224	0.308798	0.000122117	0.457541	0.461388	17.8665	-7.52452	-7.52838	17.9393	-7.06697	-7.06699	0.000215608	-0.960435	-0.999658	0.0067009
198801	0.284863	0.308784	0.000122077	0.425625	0.461367	17.8606	-7.4925	-7.52836	17.9336	-7.06687	-7.06699	0.000215973	-0.841031	-0.999539	0.00669914
199001	0.317195	0.308797	0.00012219	0.473934	0.461385	17.8772	-7.541	-7.52837	17.9503	-7.06706	-7.06699	0.000216279	-1.04729	-0.999625	0.00670144
199201	0.302288	0.308787	0.000122053	0.45166	0.461371	17.8571	-7.51856	-7.52836	17.9303	-7.0669	-7.06699	0.000216326	-0.941463	-0.99952	0.00669625
199401	0.304582	0.308789	0.00012188	0.455089	0.461374	17.8318	-7.522	-7.52836	17.9048	-7.06691	-7.06699	0.000216705	-0.987566	-0.999542	0.00668856
199601	0.31637	0.308786	0.000121705	0.472701	0.461369	17.8062	-7.53969	-7.52836	17.8792	-7.06699	-7.06699	0.000216687	-1.03743	-0.999507	0.00667756
199801	0.325255	0.308787	0.00012157	0.485977	0.461371	17.7864	-7.55296	-7.52836	17.8593	-7.06698	-7.06699	0.000216333	-1.10645	-0.999471	0.0066716
