timestep            	T              	T_{ave}             	T_{var}           	K/N            	K_{ave}/N           	K_{var}           	U/N            	U_{ave}/N           	U_{var}           	E/N            	E_{ave}/N           	E_{var}           	P              	P_{ave}             	P_{var}
100001	0.808213	0.808213	0	1.20758	1.20758	0	-6.92906	-6.92906	0	-5.72147	-5.72147	0	2.79697	2.79697	0
100201	0.832529	0.79284	0.000456319	1.24392	1.18461	66.7624	-6.96541	-6.90605	66.7235	-5.72149	-5.72143	8.4756e-05	2.66492	2.88035	0.0252609
100401	0.744267	0.789343	0.000855668	1.11204	1.17939	125.19	-6.83335	-6.90081	125.315	-5.72131	-5.72142	0.000284121	3.22776	2.91089	0.0420464
100601	0.798968	0.788465	0.000703771	1.19377	1.17808	102.966	-6.91524	-6.89951	103.081	-5.72147	-5.72143	0.000270233	2.84709	2.92438	0.0354118
100801	0.777623	0.789029	0.000583882	1.16188	1.17892	85.4255	-6.88322	-6.90033	85.5344	-5.72134	-5.72141	0.000296736	2.97927	2.91843	0.0295115
101001	0.808415	0.791657	0.000623704	1.20789	1.18285	91.2518	-6.92938	-6.90426	91.3614	-5.72149	-5.72142	0.000261618	2.81835	2.90077	0.0320057
101201	0.786613	0.792199	0.000617629	1.17531	1.18366	90.363	-6.89662	-6.90507	90.4385	-5.72131	-5.72141	0.000253681	2.87997	2.89863	0.033181
101401	0.856195	0.790265	0.000832175	1.27928	1.18077	121.752	-7.00094	-6.90219	121.897	-5.72167	-5.72143	0.000473874	2.43618	2.9114	0.0428342
101601	0.810359	0.792847	0.000847351	1.21079	1.18462	123.973	-6.93225	-6.90606	124.132	-5.72146	-5.72143	0.000473426	2.76914	2.8885	0.0444175
101801	0.742142	0.791698	0.000830718	1.10886	1.18291	121.539	-6.8302	-6.90434	121.695	-5.72133	-5.72143	0.000436018	3.21634	2.89604	0.0429497
102001	0.75843	0.790565	0.000864257	1.1332	1.18122	126.446	-6.85453	-6.90263	126.618	-5.72133	-5.72142	0.000547586	3.15081	2.90273	0.0442485
102201	0.786878	0.790797	0.000804875	1.17571	1.18156	117.758	-6.89712	-6.90298	117.924	-5.72141	-5.72142	0.000528186	2.9025	2.90222	0.0412693
102401	0.77036	0.790413	0.000785649	1.15103	1.18099	114.945	-6.87254	-6.90241	115.107	-5.72151	-5.72143	0.000534646	3.07101	2.90582	0.0400697
102601	0.78215	0.79031	0.000742487	1.16864	1.18083	108.631	-6.89001	-6.90227	108.793	-5.72137	-5.72143	0.000534551	2.94661	2.90731	0.037953
102801	0.760361	0.791877	0.000756529	1.13609	1.18318	110.685	-6.85761	-6.90461	110.867	-5.72152	-5.72144	0.000538682	3.13713	2.89605	0.0385318
103001	0.781928	0.790972	0.000735009	1.16831	1.18182	107.536	-6.88975	-6.90326	107.699	-5.72144	-5.72144	0.000519379	2.97641	2.90332	0.0376328
103201	0.773497	0.790759	0.000753032	1.15571	1.18151	110.173	-6.87715	-6.90295	110.336	-5.72144	-5.72144	0.00049203	3.05051	2.90592	0.0389249
103401	0.788013	0.7909	0.000720945	1.1774	1.18172	105.479	-6.89882	-6.90316	105.631	-5.72142	-5.72144	0.000463862	2.87838	2.90348	0.0373546
103601	0.800775	0.791151	0.000721683	1.19647	1.18209	105.587	-6.91809	-6.90353	105.734	-5.72162	-5.72144	0.000471478	2.87887	2.90167	0.0372864
103801	0.786663	0.79088	0.000700848	1.17538	1.18169	102.539	-6.89684	-6.90313	102.684	-5.72145	-5.72145	0.000458465	2.99168	2.90504	0.0361782
104001	0.758403	0.790826	0.000680934	1.13316	1.18161	99.625	-6.8546	-6.90305	99.7656	-5.72144	-5.72144	0.000450133	3.13745	2.90551	0.0350422
104201	0.802119	0.791123	0.000680158	1.19848	1.18205	99.5113	-6.92	-6.90349	99.6538	-5.72152	-5.72144	0.000438035	2.88454	2.90384	0.0349295
104401	0.758063	0.790791	0.000659506	1.13265	1.18155	96.4899	-6.85407	-6.903	96.6236	-5.72141	-5.72145	0.000440903	3.17285	2.90825	0.0341487
104601	0.815628	0.790586	0.000642516	1.21866	1.18125	94.0041	-6.94008	-6.90269	94.1355	-5.72141	-5.72145	0.000440946	2.76805	2.91008	0.0332333
104801	0.828083	0.791234	0.000651068	1.23727	1.18222	95.2553	-6.95892	-6.90367	95.4153	-5.72165	-5.72145	0.000498949	2.66312	2.90539	0.033312
105001	0.765626	0.79098	0.000645516	1.14395	1.18184	94.4431	-6.86515	-6.90328	94.6185	-5.7212	-5.72145	0.000532832	3.12768	2.90729	0.033057
105201	0.765062	0.790518	0.000648228	1.14311	1.18114	94.8398	-6.86451	-6.90259	95.0219	-5.7214	-5.72144	0.000558066	3.07393	2.91078	0.0332381
105401	0.809772	0.790861	0.000648522	1.20991	1.18166	94.8828	-6.93134	-6.9031	95.0605	-5.72143	-5.72144	0.000553015	2.74943	2.90807	0.0333202
105601	0.819056	0.790365	0.000648705	1.22379	1.18092	94.9096	-6.94514	-6.90236	95.0741	-5.72135	-5.72144	0.000541357	2.71022	2.91165	0.0333117
105801	0.789811	0.790606	0.000655557	1.18009	1.18128	95.9121	-6.90154	-6.90272	96.0733	-5.72145	-5.72144	0.000530028	2.91053	2.90967	0.0335304
106001	0.799196	0.790848	0.00065006	1.19411	1.18164	95.1079	-6.91565	-6.90308	95.2658	-5.72154	-5.72144	0.000518135	2.84811	2.90734	0.0332302
106201	0.81767	0.791121	0.000643934	1.22171	1.18205	94.2116	-6.94327	-6.90349	94.373	-5.72156	-5.72145	0.000529851	2.69684	2.90494	0.0328832
106401	0.791704	0.79109	0.000630967	1.18292	1.182	92.3144	-6.90434	-6.90344	92.4742	-5.72142	-5.72145	0.000518695	2.85892	2.90487	0.0324587
106601	0.800324	0.791467	0.000640861	1.1958	1.18256	93.762	-6.91729	-6.90401	93.9292	-5.72149	-5.72145	0.000514913	2.8939	2.90236	0.0328167
106801	0.837192	0.791317	0.000649168	1.25088	1.18234	94.9773	-6.97246	-6.90379	95.1395	-5.72158	-5.72145	0.000515669	2.58437	2.90405	0.0333823
107001	0.761621	0.791335	0.000651688	1.13797	1.18237	95.3461	-6.85929	-6.90381	95.5139	-5.72132	-5.72145	0.000513878	3.09999	2.90336	0.0334943
107201	0.774867	0.791229	0.000653622	1.15776	1.18221	95.629	-6.87917	-6.90366	95.7948	-5.72141	-5.72145	0.000506844	3.0268	2.90458	0.0334879
107401	0.782595	0.791516	0.000667537	1.16931	1.18264	97.6648	-6.89081	-6.90408	97.8299	-5.72151	-5.72145	0.000496274	2.97937	2.90219	0.0342175
107601	0.806625	0.791596	0.000666416	1.20521	1.18276	97.5008	-6.92658	-6.9042	97.6688	-5.72136	-5.72145	0.000493448	2.82087	2.90157	0.0343944
107801	0.823568	0.791349	0.000691539	1.23053	1.18239	101.177	-6.95186	-6.90383	101.348	-5.72133	-5.72145	0.000500689	2.62918	2.90309	0.0356616
108001	0.757826	0.791281	0.000682311	1.1323	1.18229	99.8264	-6.85363	-6.90373	99.9974	-5.72133	-5.72144	0.000516943	3.10794	2.90275	0.0351687
108201	0.796076	0.791399	0.000679796	1.18945	1.18246	99.4583	-6.91092	-6.9039	99.6318	-5.72147	-5.72144	0.000510006	2.83504	2.90133	0.035006
108401	0.800025	0.79135	0.00067274	1.19535	1.18239	98.426	-6.9168	-6.90383	98.5945	-5.72145	-5.72144	0.000498439	2.8379	2.90144	0.0345592
108601	0.78295	0.791673	0.000686128	1.16984	1.18287	100.385	-6.89131	-6.90432	100.558	-5.72147	-5.72144	0.000496106	2.94507	2.89939	0.0350736
108801	0.834793	0.791535	0.000692057	1.2473	1.18266	101.252	-6.96886	-6.90411	101.424	-5.72156	-5.72145	0.000489344	2.61684	2.90064	0.0353521
109001	0.81336	0.791398	0.00069085	1.21527	1.18246	101.076	-6.93683	-6.90391	101.24	-5.72156	-5.72145	0.000496563	2.78568	2.90189	0.0352813
109201	0.851867	0.791473	0.000760503	1.27281	1.18257	111.266	-6.99435	-6.90402	111.439	-5.72154	-5.72145	0.00049152	2.464	2.90116	0.0390883
109401	0.744165	0.791338	0.000762201	1.11189	1.18237	111.515	-6.83324	-6.90382	111.69	-5.72136	-5.72145	0.000485274	3.20872	2.90175	0.0390918
109601	0.788717	0.791175	0.000756332	1.17845	1.18213	110.656	-6.89977	-6.90357	110.832	-5.72131	-5.72145	0.00050017	2.91295	2.90243	0.0387306
109801	0.848348	0.791277	0.000754038	1.26755	1.18228	110.32	-6.98902	-6.90372	110.494	-5.72147	-5.72144	0.00049627	2.49591	2.90123	0.0385993
110001	0.759393	0.791231	0.00074977	1.13464	1.18221	109.696	-6.85602	-6.90365	109.869	-5.72138	-5.72144	0.00049511	3.07398	2.90096	0.0382391
110201	0.779703	0.791208	0.000739123	1.16499	1.18218	108.138	-6.88632	-6.90362	108.31	-5.72133	-5.72144	0.0004927	3.00475	2.90109	0.037671
110401	0.773353	0.790868	0.000734985	1.1555	1.18167	107.533	-6.87676	-6.90311	107.709	-5.72126	-5.72144	0.000504361	3.02099	2.90371	0.0375173
110601	0.848896	0.790828	0.000732279	1.26837	1.18161	107.137	-6.98986	-6.90305	107.312	-5.72149	-5.72144	0.000504738	2.48044	2.9043	0.0374887
110801	0.697374	0.79095	0.000752315	1.04197	1.18179	110.068	-6.76327	-6.90323	110.245	-5.72129	-5.72144	0.000503221	3.53088	2.90293	0.0384671
111001	0.763804	0.790999	0.000794434	1.14123	1.18186	116.231	-6.86266	-6.9033	116.413	-5.72143	-5.72144	0.000498827	3.08407	2.90244	0.0403917
111201	0.781944	0.791094	0.000796691	1.16833	1.18201	116.561	-6.8897	-6.90344	116.741	-5.72137	-5.72144	0.000491907	2.99053	2.9021	0.0404245
111401	0.803592	0.790879	0.00081005	1.20068	1.18168	118.515	-6.92208	-6.90312	118.7	-5.7214	-5.72144	0.000488918	2.81559	2.90352	0.0411156
111601	0.788396	0.791025	0.000801457	1.17797	1.1819	117.258	-6.89943	-6.90334	117.442	-5.72146	-5.72144	0.000483615	2.901	2.90258	0.0406615
111801	0.794015	0.790911	0.000802746	1.18637	1.18173	117.447	-6.90781	-6.90317	117.632	-5.72144	-5.72143	0.000481508	2.89701	2.90324	0.0407319
112001	0.778951	0.790673	0.000798036	1.16386	1.18138	116.758	-6.88528	-6.90281	116.941	-5.72141	-5.72143	0.000477762	3.04681	2.90508	0.0405742
112201	0.790411	0.79088	0.000814594	1.18099	1.18169	119.18	-6.9025	-6.90312	119.365	-5.72152	-5.72144	0.000476019	2.9395	2.90384	0.0416392
112401	0.734806	0.790938	0.000810846	1.0979	1.18177	118.632	-6.81941	-6.90321	118.814	-5.72151	-5.72144	0.000471198	3.33507	2.90389	0.0413939
112601	0.827351	0.790759	0.000817277	1.23618	1.1815	119.573	-6.95761	-6.90294	119.749	-5.72143	-5.72144	0.000465354	2.62782	2.90542	0.041841
112801	0.805778	0.790749	0.000811577	1.20395	1.18149	118.739	-6.92533	-6.90293	118.915	-5.72139	-5.72144	0.000463939	2.79788	2.90521	0.0416017
113001	0.824118	0.790994	0.00081442	1.23135	1.18186	119.155	-6.95293	-6.90329	119.334	-5.72158	-5.72144	0.000467897	2.64697	2.90343	0.0417682
113201	0.790598	0.791093	0.000810015	1.18126	1.182	118.51	-6.90267	-6.90344	118.69	-5.7214	-5.72144	0.000470383	2.92665	2.90253	0.0415254
113401	0.802537	0.791082	0.000804469	1.1991	1.18199	117.699	-6.92064	-6.90343	117.881	-5.72154	-5.72144	0.000468783	2.84531	2.90266	0.0412169
113601	0.82151	0.790887	0.000798107	1.22745	1.1817	116.768	-6.94904	-6.90313	116.948	-5.72159	-5.72144	0.000466844	2.67892	2.90463	0.0411232
113801	0.787784	0.790825	0.000797325	1.17706	1.1816	116.654	-6.89851	-6.90304	116.835	-5.72145	-5.72144	0.00046467	2.91878	2.905	0.0409977
114001	0.77936	0.790797	0.000794771	1.16447	1.18156	116.28	-6.88586	-6.903	116.464	-5.72138	-5.72144	0.000462402	2.97233	2.90516	0.0408904
114201	0.803694	0.790913	0.000790265	1.20083	1.18174	115.621	-6.92224	-6.90317	115.803	-5.72141	-5.72144	0.000457844	2.80491	2.90426	0.0406137
114401	0.784102	0.790846	0.000782701	1.17156	1.18164	114.514	-6.89315	-6.90308	114.694	-5.72159	-5.72144	0.000457013	2.98599	2.90467	0.0401854
114601	0.789424	0.790782	0.000778047	1.17951	1.18154	113.833	-6.90106	-6.90298	114.009	-5.72155	-5.72144	0.000465066	2.95641	2.90521	0.0400124
114801	0.766373	0.790834	0.000777745	1.14507	1.18162	113.789	-6.8664	-6.90306	113.964	-5.72133	-5.72144	0.000464712	3.04395	2.905	0.0400058
115001	0.818981	0.790739	0.000774861	1.22367	1.18148	113.367	-6.94517	-6.90292	113.541	-5.7215	-5.72144	0.000462755	2.6831	2.90535	0.0398212
115201	0.807072	0.790996	0.000773789	1.20588	1.18186	113.21	-6.92728	-6.9033	113.386	-5.7214	-5.72144	0.000466191	2.76923	2.90322	0.0398372
115401	0.793206	0.790637	0.000775898	1.18516	1.18132	113.519	-6.90671	-6.90277	113.692	-5.72155	-5.72144	0.000462387	2.87921	2.90569	0.0398934
115601	0.793344	0.790811	0.000769899	1.18537	1.18158	112.641	-6.90674	-6.90303	112.812	-5.72137	-5.72144	0.000459536	2.8895	2.90458	0.0395761
115801	0.815708	0.790798	0.000772891	1.21878	1.18156	113.079	-6.94024	-6.90301	113.25	-5.72145	-5.72144	0.000454709	2.74	2.90448	0.0396766
116001	0.819997	0.790753	0.000768581	1.22519	1.1815	112.448	-6.94667	-6.90294	112.62	-5.72148	-5.72144	0.000456758	2.67413	2.90447	0.039481
116201	0.766089	0.790829	0.000767491	1.14464	1.18161	112.289	-6.86603	-6.90305	112.459	-5.72138	-5.72144	0.000453477	3.07018	2.90375	0.0394181
116401	0.774746	0.790822	0.000768579	1.15758	1.1816	112.448	-6.87902	-6.90304	112.616	-5.72144	-5.72144	0.000450135	3.04169	2.90387	0.0394411
116601	0.786476	0.79077	0.000762459	1.17511	1.18152	111.552	-6.89657	-6.90296	111.718	-5.72146	-5.72144	0.00044776	2.92397	2.90452	0.0391271
116801	0.78983	0.790753	0.000759087	1.18012	1.1815	111.059	-6.90153	-6.90294	111.224	-5.72141	-5.72144	0.000443346	2.89488	2.90466	0.0389663
117001	0.801754	0.790914	0.000754827	1.19793	1.18174	110.436	-6.91941	-6.90318	110.599	-5.72148	-5.72144	0.000439113	2.81479	2.90317	0.0388117
117201	0.739203	0.79088	0.00075328	1.10447	1.18169	110.21	-6.82585	-6.90313	110.372	-5.72138	-5.72144	0.00043576	3.30579	2.90374	0.0387452
117401	0.806669	0.790635	0.000752811	1.20528	1.18132	110.141	-6.92675	-6.90276	110.304	-5.72148	-5.72144	0.000433691	2.77532	2.90571	0.0387665
117601	0.815669	0.790785	0.000749283	1.21872	1.18154	109.625	-6.94011	-6.90298	109.786	-5.72139	-5.72144	0.00043018	2.74985	2.90464	0.038578
117801	0.795644	0.790701	0.000750383	1.1888	1.18142	109.786	-6.91004	-6.90286	109.946	-5.72124	-5.72144	0.000432752	2.81848	2.90539	0.0386689
118001	0.79823	0.790744	0.000753419	1.19267	1.18148	110.23	-6.91412	-6.90292	110.39	-5.72146	-5.72144	0.000440536	2.81508	2.90472	0.0388622
118201	0.755523	0.790682	0.000746334	1.12886	1.18139	109.193	-6.85023	-6.90283	109.353	-5.72137	-5.72144	0.000440449	3.11592	2.9052	0.038488
118401	0.785971	0.790659	0.000750287	1.17435	1.18136	109.772	-6.89581	-6.90279	109.931	-5.72146	-5.72144	0.000437268	2.95569	2.90547	0.0387713
118601	0.753381	0.790637	0.00074936	1.12566	1.18132	109.636	-6.84709	-6.90276	109.793	-5.72143	-5.72144	0.000434168	3.17377	2.90567	0.0386901
118801	0.792559	0.790679	0.000749069	1.18419	1.18139	109.594	-6.9058	-6.90282	109.749	-5.7216	-5.72144	0.000433835	2.8755	2.9056	0.0386431
119001	0.814258	0.790753	0.000742933	1.21662	1.1815	108.696	-6.93814	-6.90294	108.852	-5.72153	-5.72144	0.000435224	2.75081	2.90521	0.0383125
119201	0.791337	0.790701	0.00074266	1.18237	1.18142	108.656	-6.90376	-6.90286	108.812	-5.72139	-5.72144	0.000432497	2.88438	2.90555	0.0382276
119401	0.787903	0.790668	0.000736514	1.17724	1.18137	107.757	-6.8988	-6.90281	107.911	-5.72156	-5.72144	0.000434526	2.89581	2.90567	0.0379001
119601	0.810834	0.790874	0.00073386	1.2115	1.18168	107.368	-6.93307	-6.90312	107.53	-5.72157	-5.72144	0.000460388	2.79977	2.90436	0.0377183
119801	0.760308	0.790624	0.000736117	1.13601	1.1813	107.698	-6.85734	-6.90274	107.863	-5.72133	-5.72144	0.000461619	3.10549	2.90592	0.0376765
120001	0.769747	0.79072	0.000741764	1.15011	1.18145	108.525	-6.87151	-6.90289	108.689	-5.7214	-5.72144	0.000461492	3.04625	2.9051	0.0379339
120201	0.843732	0.790635	0.000742438	1.26065	1.18132	108.623	-6.98218	-6.90276	108.788	-5.72153	-5.72144	0.000459069	2.56973	2.90581	0.0379104
120401	0.788941	0.790745	0.000750076	1.17879	1.18148	109.741	-6.90026	-6.90292	109.907	-5.72147	-5.72144	0.000465713	2.91707	2.90535	0.0382545
120601	0.819991	0.79086	0.000750444	1.22518	1.18166	109.795	-6.94668	-6.9031	109.961	-5.7215	-5.72144	0.00046267	2.71359	2.90468	0.0382438
120801	0.807486	0.790727	0.000749588	1.2065	1.18146	109.669	-6.92795	-6.9029	109.836	-5.72145	-5.72144	0.000459155	2.82514	2.90573	0.0381806
121001	0.790862	0.790777	0.000745822	1.18166	1.18153	109.118	-6.90311	-6.90297	109.284	-5.72146	-5.72144	0.000455066	2.8738	2.90536	0.0379655
121201	0.795283	0.790706	0.000752709	1.18826	1.18143	110.126	-6.90983	-6.90287	110.289	-5.72157	-5.72144	0.000455851	2.88418	2.90588	0.0383777
121401	0.797597	0.79084	0.000749099	1.19172	1.18163	109.598	-6.91321	-6.90307	109.762	-5.72149	-5.72144	0.000455934	2.80579	2.90476	0.0382105
121601	0.76993	0.790949	0.000744309	1.15038	1.18179	108.897	-6.87171	-6.90323	109.059	-5.72132	-5.72144	0.000453147	3.06412	2.90407	0.0379491
121801	0.818343	0.790788	0.000751111	1.22272	1.18155	109.892	-6.94419	-6.90299	110.06	-5.72147	-5.72144	0.000455733	2.73247	2.90537	0.0382703
122001	0.800574	0.790713	0.0007473	1.19617	1.18144	109.335	-6.91753	-6.90288	109.502	-5.72136	-5.72144	0.000452963	2.80396	2.90592	0.0380886
122201	0.749091	0.790678	0.000747086	1.11925	1.18138	109.303	-6.84077	-6.90282	109.467	-5.72152	-5.72144	0.000450945	3.17481	2.90607	0.0380639
122401	0.773521	0.790762	0.000746443	1.15575	1.18151	109.209	-6.87718	-6.90295	109.373	-5.72143	-5.72144	0.000450189	3.01029	2.90548	0.0380093
122601	0.787543	0.790772	0.000745584	1.1767	1.18152	109.084	-6.89829	-6.90297	109.245	-5.72159	-5.72144	0.000454287	2.97229	2.90565	0.0379267
122801	0.771875	0.79082	0.000741569	1.15329	1.1816	108.496	-6.8747	-6.90304	108.657	-5.72141	-5.72144	0.000451811	3.01841	2.90564	0.0376704
123001	0.787755	0.790799	0.000739349	1.17702	1.18156	108.171	-6.8983	-6.90301	108.333	-5.72128	-5.72144	0.000457274	2.90609	2.90565	0.0375284
123201	0.792804	0.790724	0.000736408	1.18456	1.18145	107.741	-6.90602	-6.90289	107.903	-5.72145	-5.72144	0.000463743	2.85805	2.90597	0.0373557
123401	0.752985	0.790875	0.000736119	1.12507	1.18168	107.699	-6.84639	-6.90312	107.862	-5.72132	-5.72144	0.000462635	3.11292	2.90485	0.037329
123601	0.802875	0.790902	0.000741315	1.19961	1.18172	108.459	-6.92105	-6.90316	108.624	-5.72144	-5.72144	0.000460724	2.80973	2.9045	0.0375214
123801	0.800564	0.790813	0.000742123	1.19615	1.18159	108.577	-6.91764	-6.90303	108.744	-5.72148	-5.72144	0.000461905	2.8479	2.90495	0.0375326
124001	0.78605	0.790857	0.000743328	1.17447	1.18165	108.754	-6.89594	-6.90309	108.919	-5.72147	-5.72144	0.000459246	2.91379	2.90447	0.0375796
124201	0.766362	0.790801	0.000743918	1.14505	1.18157	108.84	-6.86646	-6.90301	109.005	-5.72141	-5.72144	0.000456034	3.07475	2.90501	0.0376436
124401	0.824827	0.790863	0.000747965	1.23241	1.18166	109.432	-6.9539	-6.9031	109.596	-5.72149	-5.72144	0.000453803	2.64781	2.90431	0.0378729
124601	0.789362	0.790866	0.000750901	1.17942	1.18167	109.862	-6.90087	-6.9031	110.027	-5.72145	-5.72144	0.000451426	2.92568	2.90428	0.0380353
124801	0.735171	0.790774	0.000748025	1.09845	1.18153	109.441	-6.81991	-6.90297	109.604	-5.72146	-5.72144	0.000448428	3.33183	2.90509	0.037925
125001	0.78937	0.790711	0.000746903	1.17943	1.18143	109.277	-6.90084	-6.90287	109.439	-5.72141	-5.72144	0.000447295	2.92324	2.90557	0.0379231
125201	0.784046	0.790744	0.000741392	1.17147	1.18148	108.47	-6.89299	-6.90292	108.632	-5.72151	-5.72144	0.000446179	2.94466	2.90544	0.0376318
125401	0.743276	0.790796	0.000739423	1.11056	1.18156	108.182	-6.83206	-6.903	108.343	-5.7215	-5.72144	0.000445168	3.234	2.90495	0.0375755
125601	0.845701	0.790852	0.000746376	1.2636	1.18164	109.2	-6.98512	-6.90308	109.361	-5.72152	-5.72144	0.000444268	2.53408	2.90447	0.0378469
125801	0.790979	0.790928	0.000743381	1.18183	1.18176	108.761	-6.90336	-6.9032	108.923	-5.72152	-5.72144	0.00044653	2.91148	2.90401	0.037677
126001	0.795662	0.790846	0.000740389	1.18883	1.18163	108.323	-6.91019	-6.90308	108.486	-5.72136	-5.72144	0.000446227	2.86014	2.90458	0.037519
126201	0.822145	0.790817	0.000740788	1.2284	1.18159	108.382	-6.94988	-6.90303	108.545	-5.72148	-5.72144	0.000444471	2.63713	2.90475	0.037578
126401	0.802888	0.790878	0.000739447	1.19963	1.18168	108.186	-6.92106	-6.90312	108.348	-5.72144	-5.72144	0.000442053	2.75731	2.90423	0.0375916
126601	0.803824	0.790773	0.000739166	1.20103	1.18153	108.145	-6.92244	-6.90297	108.308	-5.72142	-5.72144	0.000440727	2.81158	2.90498	0.0375513
126801	0.830449	0.790822	0.000736815	1.24081	1.1816	107.801	-6.96245	-6.90304	107.964	-5.72165	-5.72144	0.00044096	2.60354	2.90438	0.0374642
127001	0.762839	0.790863	0.00074482	1.13979	1.18166	108.972	-6.86126	-6.9031	109.14	-5.72147	-5.72144	0.000446646	3.12396	2.90408	0.0378307
127201	0.798049	0.790808	0.000743289	1.1924	1.18158	108.748	-6.91391	-6.90302	108.914	-5.72152	-5.72144	0.000444431	2.81762	2.90471	0.037831
127401	0.768687	0.790815	0.00074206	1.14853	1.18159	108.568	-6.86996	-6.90303	108.733	-5.72144	-5.72144	0.000441879	3.0721	2.90457	0.0377547
127601	0.784317	0.790894	0.000739187	1.17188	1.18171	108.148	-6.89323	-6.90315	108.311	-5.72135	-5.72144	0.000439468	2.92878	2.9039	0.0376146
127801	0.776119	0.790864	0.000741431	1.15963	1.18166	108.476	-6.88116	-6.9031	108.641	-5.72153	-5.72144	0.000438462	2.97108	2.90417	0.0377173
128001	0.778645	0.790911	0.000738705	1.16341	1.18173	108.077	-6.8848	-6.90317	108.241	-5.72139	-5.72144	0.000437623	2.97311	2.90384	0.037549
128201	0.773246	0.790877	0.000737427	1.15534	1.18168	107.89	-6.87685	-6.90312	108.055	-5.72151	-5.72144	0.000437736	3.00229	2.90396	0.0374423
128401	0.792799	0.790936	0.000738368	1.18455	1.18177	108.028	-6.906	-6.90321	108.192	-5.72145	-5.72144	0.000437886	2.86418	2.90338	0.0375073
128601	0.794531	0.790883	0.000735241	1.18714	1.18169	107.57	-6.90865	-6.90313	107.734	-5.72151	-5.72144	0.000435341	2.872	2.90346	0.0373034
128801	0.756369	0.790949	0.000731509	1.13012	1.18179	107.024	-6.85152	-6.90323	107.187	-5.72139	-5.72144	0.000433652	3.11125	2.9029	0.0371211
129001	0.807513	0.790893	0.000731507	1.20654	1.18171	107.024	-6.92791	-6.90315	107.186	-5.72137	-5.72144	0.000431494	2.76482	2.90311	0.0370654
129201	0.808332	0.790891	0.000727775	1.20776	1.1817	106.478	-6.92922	-6.90314	106.639	-5.72146	-5.72144	0.000429729	2.77481	2.9031	0.036883
129401	0.800086	0.790934	0.00072364	1.19544	1.18177	105.873	-6.91697	-6.90321	106.033	-5.72152	-5.72144	0.000428742	2.80844	2.90289	0.0366599
129601	0.77259	0.790912	0.000722225	1.15436	1.18173	105.666	-6.87586	-6.90318	105.825	-5.72151	-5.72144	0.000426247	3.01462	2.90299	0.0365911
129801	0.749282	0.790926	0.00072052	1.11953	1.18175	105.417	-6.841	-6.9032	105.575	-5.72147	-5.72144	0.000424403	3.17984	2.90293	0.0364902
130001	0.770366	0.790988	0.000722317	1.15104	1.18185	105.68	-6.87245	-6.90329	105.839	-5.72142	-5.72144	0.000422867	3.06078	2.90238	0.0365858
130201	0.769577	0.790986	0.000718896	1.14986	1.18184	105.179	-6.87126	-6.90329	105.337	-5.7214	-5.72144	0.000420916	3.04513	2.90238	0.0364053
130401	0.835141	0.791001	0.000721002	1.24782	1.18187	105.487	-6.96929	-6.90331	105.645	-5.72147	-5.72144	0.000418646	2.58829	2.90224	0.0365136
130601	0.76179	0.791034	0.00072014	1.13822	1.18192	105.361	-6.85967	-6.90336	105.519	-5.72145	-5.72144	0.0004164	3.12756	2.90208	0.0364643
130801	0.750523	0.790973	0.000725138	1.12139	1.18183	106.092	-6.84274	-6.90327	106.25	-5.72135	-5.72144	0.00041561	3.2176	2.90253	0.0367525
131001	0.801405	0.790997	0.000722771	1.19741	1.18186	105.746	-6.91877	-6.9033	105.902	-5.72136	-5.72144	0.000414437	2.84475	2.90247	0.0366169
131201	0.819906	0.790982	0.000719433	1.22505	1.18184	105.258	-6.94655	-6.90328	105.413	-5.7215	-5.72144	0.000412573	2.66525	2.90256	0.0364463
131401	0.803459	0.791066	0.000717442	1.20048	1.18196	104.966	-6.92192	-6.90341	105.122	-5.72144	-5.72144	0.000411559	2.79376	2.90194	0.0363311
131601	0.79124	0.790988	0.000717232	1.18222	1.18185	104.935	-6.90356	-6.90329	105.092	-5.72133	-5.72144	0.000413241	2.90947	2.90262	0.0363765
131801	0.819434	0.791015	0.000716072	1.22435	1.18189	104.766	-6.9458	-6.90333	104.922	-5.72145	-5.72144	0.00041161	2.71178	2.90227	0.0363016
132001	0.866853	0.791081	0.000717644	1.2952	1.18199	104.996	-7.01676	-6.90343	105.152	-5.72155	-5.72144	0.000410238	2.3549	2.90175	0.036372
132201	0.756053	0.791052	0.000726677	1.12965	1.18194	106.317	-6.85097	-6.90338	106.477	-5.72132	-5.72144	0.000411735	3.12567	2.9018	0.0367695
132401	0.773674	0.79101	0.000726585	1.15598	1.18188	106.304	-6.87724	-6.90332	106.465	-5.72126	-5.72144	0.000422275	3.00897	2.90211	0.0367522
132601	0.82126	0.79099	0.000723792	1.22708	1.18185	105.895	-6.94855	-6.90329	106.055	-5.72147	-5.72144	0.00042499	2.67529	2.90199	0.0365832
132801	0.81161	0.791025	0.000723439	1.21266	1.1819	105.844	-6.93409	-6.90334	106.004	-5.72143	-5.72144	0.000424107	2.70549	2.90162	0.036599
133001	0.817904	0.791024	0.000723865	1.22206	1.1819	105.906	-6.94349	-6.90334	106.066	-5.72142	-5.72144	0.000423185	2.70508	2.90147	0.0365495
133201	0.81467	0.79096	0.000724387	1.21723	1.18181	105.982	-6.93874	-6.90325	106.142	-5.72151	-5.72144	0.00042138	2.73733	2.90182	0.0365357
133401	0.801119	0.79102	0.000723709	1.19698	1.18189	105.883	-6.91834	-6.90333	106.044	-5.72136	-5.72144	0.000422061	2.84027	2.90127	0.036526
133601	0.778961	0.790998	0.000720101	1.16388	1.18186	105.355	-6.88529	-6.9033	105.515	-5.72141	-5.72144	0.000421168	2.98555	2.90144	0.0363548
133801	0.760115	0.790992	0.000719567	1.13572	1.18185	105.277	-6.85715	-6.90329	105.437	-5.72143	-5.72144	0.000418882	3.11525	2.90136	0.0363594
134001	0.734896	0.791077	0.000720842	1.09804	1.18198	105.464	-6.81943	-6.90342	105.623	-5.72139	-5.72144	0.000416925	3.30836	2.90064	0.0364748
134201	0.785848	0.791146	0.000723526	1.17417	1.18208	105.856	-6.89572	-6.90352	106.019	-5.72155	-5.72144	0.000419731	2.99702	2.9003	0.0366086
134401	0.82553	0.791117	0.000724536	1.23346	1.18204	106.004	-6.95502	-6.90348	106.166	-5.72156	-5.72144	0.000422623	2.70116	2.90067	0.0366628
134601	0.784817	0.791089	0.000726101	1.17263	1.182	106.233	-6.89401	-6.90344	106.396	-5.72138	-5.72144	0.000422352	2.94391	2.90091	0.0367365
134801	0.809824	0.791164	0.000731691	1.20999	1.18211	107.051	-6.93154	-6.90355	107.214	-5.72155	-5.72144	0.000421099	2.78274	2.90034	0.03698
135001	0.787414	0.791175	0.000730959	1.17651	1.18213	106.944	-6.89798	-6.90357	107.107	-5.72148	-5.72144	0.000421406	2.90615	2.90051	0.0369526
135201	0.824875	0.791204	0.000733618	1.23248	1.18217	107.333	-6.95404	-6.90361	107.498	-5.72156	-5.72144	0.000422153	2.69662	2.90036	0.0370566
135401	0.808376	0.791239	0.000731399	1.20783	1.18222	107.008	-6.92931	-6.90366	107.173	-5.72148	-5.72144	0.000422438	2.80589	2.90036	0.0369339
135601	0.78935	0.791266	0.000729811	1.1794	1.18226	106.776	-6.9007	-6.9037	106.94	-5.7213	-5.72144	0.000422094	2.91966	2.90004	0.0368839
135801	0.771507	0.791179	0.000731717	1.15274	1.18213	107.055	-6.87421	-6.90357	107.219	-5.72147	-5.72144	0.000422959	3.02628	2.90059	0.0369709
136001	0.820561	0.791223	0.000731396	1.22603	1.1822	107.008	-6.9475	-6.90364	107.171	-5.72147	-5.72144	0.000422153	2.67412	2.9001	0.0369695
136201	0.780955	0.791194	0.000729552	1.16686	1.18216	106.738	-6.8882	-6.9036	106.901	-5.72134	-5.72144	0.000422177	2.9998	2.9003	0.0368703
136401	0.76338	0.791222	0.000726474	1.1406	1.1822	106.288	-6.86204	-6.90364	106.45	-5.72144	-5.72144	0.00042149	3.11403	2.9002	0.0367076
136601	0.848565	0.791176	0.000726586	1.26788	1.18213	106.304	-6.98936	-6.90357	106.467	-5.72149	-5.72144	0.000422119	2.51823	2.90059	0.0367126
136801	0.745825	0.791268	0.000727704	1.11437	1.18227	106.468	-6.83596	-6.90371	106.633	-5.7216	-5.72144	0.00043081	3.26138	2.90018	0.0367311
137001	0.774048	0.791206	0.000729411	1.15654	1.18217	106.717	-6.87794	-6.90361	106.88	-5.7214	-5.72144	0.000430741	3.00516	2.90066	0.0368337
137201	0.845552	0.791226	0.000729123	1.26337	1.1822	106.675	-6.98485	-6.90364	106.838	-5.72148	-5.72144	0.000429271	2.52277	2.90047	0.036808
137401	0.749469	0.791302	0.000730759	1.11981	1.18232	106.915	-6.84126	-6.90376	107.078	-5.72145	-5.72144	0.000428238	3.18401	2.89995	0.0368786
137601	0.795909	0.791304	0.000732539	1.1892	1.18232	107.175	-6.91059	-6.90376	107.339	-5.72139	-5.72144	0.000426987	2.92998	2.90006	0.0369744
137801	0.809764	0.791224	0.000732139	1.2099	1.1822	107.116	-6.93132	-6.90364	107.281	-5.72141	-5.72144	0.000429156	2.7644	2.90077	0.0369958
138001	0.77314	0.791254	0.000730897	1.15518	1.18224	106.935	-6.87669	-6.90369	107.099	-5.72151	-5.72144	0.000427571	3.05138	2.9004	0.0369652
138201	0.751771	0.791209	0.000730646	1.12325	1.18218	106.898	-6.84461	-6.90362	107.063	-5.72136	-5.72144	0.000427212	3.15242	2.90084	0.0369407
138401	0.820095	0.791241	0.000728543	1.22534	1.18223	106.59	-6.94671	-6.90367	106.754	-5.72137	-5.72144	0.000426032	2.70364	2.90057	0.0368383
138601	0.790931	0.791239	0.000726263	1.18176	1.18222	106.257	-6.90321	-6.90366	106.421	-5.72144	-5.72144	0.000425108	2.89971	2.90051	0.0367106
138801	0.776529	0.791305	0.000731055	1.16024	1.18232	106.958	-6.88163	-6.90376	107.123	-5.72138	-5.72144	0.000424016	2.99427	2.90003	0.036982
139001	0.78867	0.791261	0.000729801	1.17838	1.18225	106.774	-6.89982	-6.90369	106.94	-5.72143	-5.72144	0.000424745	2.91257	2.9003	0.0369091
139201	0.756033	0.791219	0.000727938	1.12962	1.18219	106.502	-6.85091	-6.90363	106.668	-5.72129	-5.72144	0.000425156	3.12324	2.90057	0.0367908
139401	0.818813	0.79121	0.000726407	1.22342	1.18218	106.278	-6.94488	-6.90362	106.443	-5.72146	-5.72144	0.000430197	2.68457	2.90056	0.036698
139601	0.736966	0.791218	0.000725744	1.10113	1.18219	106.181	-6.82243	-6.90363	106.346	-5.7213	-5.72144	0.000428902	3.26311	2.90038	0.0366667
139801	0.766391	0.791282	0.000725913	1.1451	1.18229	106.206	-6.86654	-6.90372	106.371	-5.72144	-5.72144	0.000427552	3.08416	2.89978	0.0367262
140001	0.834738	0.791201	0.000731522	1.24722	1.18216	107.026	-6.96863	-6.9036	107.192	-5.72142	-5.72144	0.000425987	2.56526	2.90037	0.0370353
140201	0.790994	0.791188	0.000731115	1.18186	1.18215	106.967	-6.9032	-6.90358	107.132	-5.72134	-5.72144	0.000425833	2.81386	2.90023	0.0370189
140401	0.802794	0.791252	0.000731083	1.19949	1.18224	106.962	-6.92081	-6.90368	107.126	-5.72132	-5.72144	0.00042481	2.80371	2.8996	0.0370678
140601	0.774782	0.791149	0.000730219	1.15763	1.18209	106.836	-6.87923	-6.90353	107	-5.7216	-5.72144	0.000426412	3.04326	2.90038	0.03704
140801	0.784427	0.791205	0.000729447	1.17204	1.18217	106.723	-6.89335	-6.90361	106.888	-5.72131	-5.72144	0.000429576	2.91284	2.90006	0.0369564
141001	0.824668	0.791167	0.000727557	1.23217	1.18212	106.446	-6.95352	-6.90355	106.612	-5.72135	-5.72144	0.000432951	2.66766	2.90016	0.0368496
141201	0.773947	0.791134	0.000728249	1.15639	1.18207	106.547	-6.87791	-6.9035	106.711	-5.72152	-5.72144	0.000431828	2.9989	2.90041	0.0368814
141401	0.82306	0.791206	0.000726894	1.22977	1.18217	106.349	-6.95136	-6.90361	106.514	-5.72159	-5.72144	0.000432879	2.71787	2.89993	0.0367967
141601	0.785518	0.791176	0.000726158	1.17367	1.18213	106.242	-6.89515	-6.90357	106.406	-5.72148	-5.72144	0.000431683	2.9417	2.90013	0.0367493
141801	0.74289	0.791182	0.000726389	1.10998	1.18214	106.275	-6.83135	-6.90357	106.439	-5.72136	-5.72144	0.000431932	3.23459	2.90009	0.0367578
142001	0.82225	0.791153	0.000725759	1.22856	1.18209	106.183	-6.95004	-6.90353	106.348	-5.72148	-5.72144	0.000431587	2.61641	2.90014	0.0367365
142201	0.814007	0.79116	0.000727207	1.21624	1.1821	106.395	-6.9377	-6.90354	106.559	-5.72146	-5.72144	0.000429891	2.76129	2.90002	0.0368221
142401	0.756518	0.791229	0.000729693	1.13034	1.18221	106.759	-6.85171	-6.90365	106.924	-5.72137	-5.72144	0.000428597	3.18172	2.89962	0.0369492
142601	0.777797	0.791159	0.000729658	1.16214	1.1821	106.753	-6.88347	-6.90354	106.92	-5.72133	-5.72144	0.000430139	3.00311	2.90021	0.036987
142801	0.750771	0.791129	0.000731463	1.12176	1.18206	107.018	-6.84316	-6.9035	107.183	-5.72141	-5.72144	0.000429172	3.18424	2.90044	0.0370599
143001	0.835907	0.791185	0.000731178	1.24896	1.18214	106.976	-6.97055	-6.90358	107.143	-5.72159	-5.72144	0.000432786	2.58227	2.90007	0.037034
143201	0.759994	0.791157	0.000731957	1.13554	1.1821	107.09	-6.85702	-6.90354	107.256	-5.72149	-5.72144	0.00043215	3.14324	2.90024	0.0370737
143401	0.801941	0.791166	0.000732602	1.19821	1.18211	107.184	-6.91957	-6.90355	107.35	-5.72136	-5.72144	0.00043103	2.76189	2.90012	0.0370894
143601	0.798845	0.791197	0.000731127	1.19359	1.18216	106.968	-6.91501	-6.9036	107.134	-5.72143	-5.72144	0.000429351	2.77955	2.89971	0.0370221
143801	0.773921	0.791223	0.000731491	1.15635	1.1822	107.022	-6.87775	-6.90364	107.187	-5.7214	-5.72144	0.000428371	3.0392	2.89943	0.0370419
144001	0.781052	0.791194	0.000728667	1.167	1.18215	106.609	-6.88833	-6.90359	106.774	-5.72133	-5.72144	0.000429435	2.93198	2.89958	0.0368897
144201	0.773445	0.79115	0.000726957	1.15564	1.18209	106.358	-6.87692	-6.90353	106.524	-5.72128	-5.72144	0.000433045	3.05419	2.89973	0.0367851
144401	0.818161	0.791173	0.000725338	1.22245	1.18212	106.122	-6.94393	-6.90356	106.287	-5.72148	-5.72144	0.000433304	2.72244	2.89952	0.0367205
144601	0.807676	0.791181	0.000722611	1.20678	1.18214	105.723	-6.92824	-6.90357	105.887	-5.72146	-5.72144	0.000433775	2.77601	2.89959	0.0365929
144801	0.788184	0.791122	0.000722557	1.17766	1.18205	105.715	-6.89905	-6.90348	105.879	-5.72139	-5.72144	0.00043321	2.89464	2.9	0.0365822
145001	0.767915	0.791116	0.000721317	1.14737	1.18204	105.533	-6.86886	-6.90348	105.697	-5.72149	-5.72144	0.000432225	3.04948	2.9	0.0364911
145201	0.791131	0.791189	0.000720302	1.18206	1.18215	105.385	-6.90355	-6.90358	105.549	-5.72149	-5.72144	0.000431594	2.91929	2.8996	0.0364055
145401	0.769356	0.791151	0.000718709	1.14953	1.18209	105.152	-6.87101	-6.90353	105.315	-5.72149	-5.72144	0.000431943	3.09068	2.89998	0.0363389
145601	0.812172	0.791153	0.000716692	1.2135	1.18209	104.856	-6.93504	-6.90353	105.019	-5.72154	-5.72144	0.000430645	2.71576	2.90005	0.0362436
145801	0.837834	0.791131	0.000720138	1.25184	1.18206	105.361	-6.97334	-6.9035	105.524	-5.7215	-5.72144	0.000429945	2.58203	2.9002	0.0364854
146001	0.756836	0.791201	0.000719864	1.13082	1.18216	105.321	-6.85237	-6.9036	105.484	-5.72155	-5.72144	0.0004303	3.11022	2.89976	0.0364399
146201	0.750568	0.79117	0.000721865	1.12145	1.18212	105.613	-6.84289	-6.90356	105.776	-5.72144	-5.72144	0.000430616	3.16459	2.90006	0.0365099
146401	0.794595	0.79121	0.000720013	1.18724	1.18218	105.342	-6.9088	-6.90362	105.505	-5.72156	-5.72144	0.00043115	2.86797	2.89984	0.0364072
146601	0.835662	0.791254	0.000719225	1.2486	1.18224	105.227	-6.97006	-6.90368	105.39	-5.72146	-5.72144	0.000430659	2.59774	2.89952	0.0363595
146801	0.85188	0.791188	0.000724214	1.27283	1.18215	105.957	-6.99431	-6.90358	106.123	-5.72148	-5.72144	0.000434111	2.48065	2.90014	0.036688
147001	0.782696	0.791208	0.000723393	1.16946	1.18218	105.837	-6.8909	-6.90361	106.003	-5.72144	-5.72144	0.000432835	2.93741	2.90002	0.0366419
147201	0.776073	0.79124	0.000721999	1.15956	1.18222	105.633	-6.88093	-6.90366	105.799	-5.72137	-5.72144	0.000431422	3.01176	2.89977	0.036561
147401	0.782071	0.791215	0.000720177	1.16852	1.18219	105.366	-6.88992	-6.90362	105.531	-5.7214	-5.72144	0.000429989	2.96276	2.89987	0.0364554
147601	0.773505	0.791257	0.000721484	1.15573	1.18225	105.558	-6.87715	-6.90369	105.723	-5.72143	-5.72144	0.000428691	3.04483	2.89949	0.0365673
147801	0.799266	0.791246	0.000720559	1.19422	1.18223	105.422	-6.91567	-6.90367	105.587	-5.72145	-5.72144	0.000427437	2.85525	2.89956	0.036535
148001	0.759597	0.791221	0.000719134	1.13494	1.18219	105.214	-6.85635	-6.90363	105.379	-5.72141	-5.72144	0.000426031	3.1334	2.89987	0.0364884
148201	0.802386	0.791253	0.00071783	1.19888	1.18224	105.023	-6.92027	-6.90368	105.188	-5.7214	-5.72144	0.000424525	2.85546	2.8997	0.0364144
148401	0.7966	0.79126	0.000715586	1.19023	1.18225	104.695	-6.91171	-6.90369	104.859	-5.72148	-5.72144	0.000423687	2.90928	2.89971	0.03629
148601	0.802086	0.791241	0.000715468	1.19843	1.18222	104.677	-6.91971	-6.90366	104.842	-5.72128	-5.72144	0.000423615	2.81359	2.8999	0.0362493
148801	0.807447	0.791259	0.00071423	1.20644	1.18225	104.496	-6.92789	-6.90369	104.66	-5.72145	-5.72144	0.000423711	2.77864	2.89977	0.0361709
149001	0.78504	0.791212	0.000713161	1.17296	1.18218	104.34	-6.89424	-6.90362	104.504	-5.72128	-5.72144	0.000423339	2.94764	2.90012	0.036131
149201	0.798826	0.791183	0.00071112	1.19356	1.18214	104.041	-6.9152	-6.90358	104.204	-5.72165	-5.72144	0.000428381	2.842	2.90031	0.0360356
149401	0.77005	0.791203	0.000710017	1.15056	1.18217	103.88	-6.87188	-6.90361	104.044	-5.72132	-5.72144	0.000431483	3.07441	2.9003	0.0359971
149601	0.785129	0.791197	0.000709921	1.17309	1.18216	103.866	-6.89447	-6.9036	104.03	-5.72138	-5.72144	0.000430788	2.93403	2.90033	0.0359857
149801	0.775647	0.79115	0.000708766	1.15893	1.18209	103.697	-6.88039	-6.90353	103.861	-5.72146	-5.72144	0.00043018	2.99543	2.9007	0.0359346
150001	0.759824	0.791172	0.00070776	1.13528	1.18212	103.55	-6.85684	-6.90356	103.714	-5.72156	-5.72144	0.000431393	3.1405	2.90059	0.0358803
150201	0.810814	0.791173	0.000706186	1.21147	1.18212	103.319	-6.93298	-6.90356	103.483	-5.72151	-5.72144	0.0004305	2.72952	2.90048	0.0358156
150401	0.797144	0.791187	0.000704471	1.19104	1.18214	103.068	-6.91238	-6.90358	103.231	-5.72133	-5.72144	0.00042983	2.89099	2.90042	0.0357333
150601	0.802305	0.791195	0.000703005	1.19876	1.18216	102.854	-6.92016	-6.90359	103.016	-5.7214	-5.72144	0.000429156	2.81982	2.90031	0.0356568
150801	0.799192	0.791215	0.000700911	1.19411	1.18219	102.548	-6.91556	-6.90362	102.709	-5.72146	-5.72144	0.000427733	2.85031	2.90014	0.0355472
151001	0.787849	0.791194	0.000698755	1.17716	1.18215	102.232	-6.89853	-6.90359	102.394	-5.72137	-5.72144	0.000427601	2.88903	2.90033	0.0354449
151201	0.808797	0.791176	0.000697876	1.20846	1.18213	102.104	-6.92999	-6.90357	102.265	-5.72153	-5.72144	0.000426559	2.76796	2.90035	0.0353918
151401	0.80403	0.791207	0.000696393	1.20133	1.18217	101.887	-6.92281	-6.90361	102.048	-5.72147	-5.72144	0.000428476	2.79772	2.90014	0.0353241
151601	0.798472	0.791187	0.000694559	1.19303	1.18215	101.618	-6.91439	-6.90358	101.779	-5.72136	-5.72144	0.000427117	2.798	2.9002	0.0352293
151801	0.786	0.791214	0.000694079	1.1744	1.18218	101.548	-6.89571	-6.90362	101.708	-5.72132	-5.72144	0.000426678	2.92749	2.89992	0.0352045
152001	0.806221	0.791157	0.000692511	1.20461	1.1821	101.319	-6.92595	-6.90354	101.48	-5.72134	-5.72144	0.000428953	2.79921	2.9002	0.0350998
152201	0.806497	0.79117	0.00069302	1.20502	1.18212	101.393	-6.92651	-6.90356	101.553	-5.72149	-5.72144	0.000429063	2.7738	2.89996	0.0351239
152401	0.753333	0.791189	0.000694955	1.12559	1.18215	101.676	-6.84698	-6.90358	101.837	-5.72139	-5.72144	0.000428201	3.16751	2.89978	0.0352196
152601	0.797102	0.791204	0.000692868	1.19098	1.18217	101.371	-6.91249	-6.90361	101.531	-5.7215	-5.72144	0.000426805	2.90055	2.89974	0.0351087
152801	0.749073	0.791184	0.000691836	1.11922	1.18214	101.22	-6.84063	-6.90358	101.38	-5.72141	-5.72144	0.000425521	3.19455	2.89986	0.0350665
153001	0.780645	0.791195	0.00069142	1.16639	1.18216	101.159	-6.88785	-6.90359	101.319	-5.72146	-5.72144	0.000424165	2.95735	2.89977	0.0350502
153201	0.766354	0.791189	0.000690111	1.14504	1.18215	100.968	-6.86643	-6.90359	101.127	-5.72139	-5.72144	0.000422837	3.07056	2.89975	0.0349834
153401	0.77695	0.791137	0.000688685	1.16087	1.18207	100.759	-6.88244	-6.90351	100.918	-5.72157	-5.72144	0.000422038	2.98719	2.90015	0.0349159
153601	0.78383	0.791152	0.000691264	1.17115	1.18209	101.136	-6.89266	-6.90353	101.295	-5.72151	-5.72144	0.000422342	2.93824	2.89994	0.0350512
153801	0.786165	0.791195	0.000692128	1.17464	1.18216	101.263	-6.89614	-6.9036	101.422	-5.7215	-5.72144	0.000424004	2.92224	2.89967	0.0350774
154001	0.814825	0.791191	0.000690703	1.21746	1.18215	101.054	-6.93893	-6.90359	101.214	-5.72146	-5.72144	0.000422798	2.73416	2.89963	0.0350041
154201	0.764107	0.7912	0.00068879	1.14168	1.18216	100.774	-6.86303	-6.9036	100.933	-5.72135	-5.72144	0.000423655	3.10638	2.89963	0.0349028
154401	0.771369	0.791168	0.000693405	1.15253	1.18212	101.449	-6.87403	-6.90355	101.609	-5.7215	-5.72144	0.00042337	3.02815	2.89983	0.0351834
154601	0.78527	0.791175	0.000693555	1.1733	1.18213	101.471	-6.89478	-6.90356	101.631	-5.72147	-5.72144	0.000423169	2.93595	2.89981	0.0351815
154801	0.79394	0.791175	0.000693025	1.18626	1.18213	101.394	-6.90777	-6.90356	101.553	-5.72152	-5.72144	0.000423682	2.8944	2.89978	0.0351418
155001	0.790446	0.791187	0.00069097	1.18104	1.18214	101.093	-6.90265	-6.90358	101.252	-5.72161	-5.72144	0.000426786	2.90802	2.89972	0.0350385
155201	0.811643	0.791198	0.000688969	1.21271	1.18216	100.801	-6.93424	-6.9036	100.959	-5.72153	-5.72144	0.000428279	2.76417	2.89969	0.0349315
155401	0.793908	0.791196	0.000688468	1.18621	1.18216	100.727	-6.90778	-6.9036	100.885	-5.72157	-5.72144	0.00042828	2.90165	2.89965	0.0349064
155601	0.77339	0.791212	0.00068702	1.15555	1.18218	100.515	-6.87714	-6.90362	100.673	-5.72158	-5.72144	0.000430143	2.98115	2.89956	0.0348305
155801	0.786174	0.791274	0.000687216	1.17465	1.18227	100.544	-6.89607	-6.90371	100.701	-5.72142	-5.72144	0.00042991	2.93051	2.8992	0.0348343
156001	0.784693	0.791193	0.000688109	1.17244	1.18215	100.675	-6.89402	-6.90359	100.831	-5.72158	-5.72144	0.000429735	2.94334	2.89977	0.0348743
156201	0.76587	0.791212	0.00068689	1.14432	1.18218	100.496	-6.86574	-6.90362	100.654	-5.72142	-5.72144	0.000430509	3.09279	2.89964	0.0348002
156401	0.821339	0.791246	0.000686115	1.2272	1.18223	100.383	-6.94894	-6.90367	100.542	-5.72175	-5.72144	0.000437751	2.69553	2.89945	0.0347507
156601	0.800669	0.791214	0.000686372	1.19631	1.18219	100.421	-6.91774	-6.90363	100.58	-5.72143	-5.72144	0.000440279	2.87804	2.89979	0.0347842
156801	0.820792	0.791213	0.000686128	1.22638	1.18218	100.385	-6.94791	-6.90362	100.545	-5.72153	-5.72144	0.000439379	2.68141	2.89978	0.034765
157001	0.746209	0.791249	0.000688733	1.11494	1.18224	100.766	-6.83633	-6.90368	100.926	-5.72139	-5.72144	0.000438273	3.2063	2.89949	0.0348738
157201	0.821626	0.791269	0.000690842	1.22762	1.18227	101.075	-6.9492	-6.90371	101.237	-5.72158	-5.72144	0.000445045	2.645	2.89934	0.0349777
157401	0.840218	0.79128	0.000690722	1.2554	1.18228	101.057	-6.97689	-6.90373	101.219	-5.72148	-5.72144	0.000443918	2.53808	2.89918	0.0349854
157601	0.829887	0.791264	0.000693589	1.23997	1.18226	101.476	-6.96146	-6.9037	101.638	-5.72149	-5.72144	0.000442567	2.62008	2.89924	0.0351508
157801	0.75549	0.79128	0.000693371	1.12881	1.18228	101.445	-6.85026	-6.90372	101.606	-5.72145	-5.72144	0.000441647	3.1965	2.89918	0.0351487
158001	0.806422	0.791274	0.000692014	1.20491	1.18227	101.246	-6.92645	-6.90372	101.407	-5.72155	-5.72144	0.000441396	2.81523	2.89925	0.0350917
158201	0.825562	0.791259	0.00069211	1.23351	1.18225	101.26	-6.95488	-6.90369	101.42	-5.72137	-5.72144	0.000440615	2.58228	2.89933	0.0351031
158401	0.771091	0.79122	0.000696166	1.15212	1.18219	101.853	-6.8735	-6.90364	102.014	-5.72138	-5.72144	0.000440991	3.01711	2.89958	0.0353626
158601	0.811235	0.791282	0.000696113	1.2121	1.18229	101.846	-6.93364	-6.90373	102.006	-5.72154	-5.72144	0.000440382	2.7653	2.89913	0.0353493
158801	0.808246	0.791266	0.000695102	1.20763	1.18226	101.698	-6.92906	-6.9037	101.858	-5.72142	-5.72144	0.000439641	2.7992	2.89932	0.0353019
159001	0.745048	0.791239	0.000695658	1.11321	1.18222	101.779	-6.83447	-6.90366	101.941	-5.72126	-5.72144	0.000442657	3.18931	2.89946	0.0353086
159201	0.801718	0.791257	0.000694916	1.19788	1.18225	101.671	-6.91935	-6.90369	101.832	-5.72147	-5.72144	0.000442784	2.8487	2.8993	0.0352653
159401	0.745488	0.791255	0.000697803	1.11386	1.18225	102.093	-6.83519	-6.90369	102.255	-5.72132	-5.72144	0.000443098	3.24791	2.89936	0.0354177
159601	0.81204	0.79125	0.000700039	1.2133	1.18224	102.42	-6.93485	-6.90368	102.583	-5.72154	-5.72144	0.000443589	2.79131	2.89934	0.035564
159801	0.782834	0.791299	0.000699001	1.16966	1.18231	102.268	-6.89114	-6.90375	102.431	-5.72147	-5.72144	0.000443144	2.92871	2.899	0.0355057
160001	0.786525	0.791361	0.000702797	1.17518	1.1824	102.824	-6.89667	-6.90385	102.988	-5.72149	-5.72144	0.000445758	2.89459	2.89851	0.0357153
160201	0.76899	0.791299	0.00070185	1.14898	1.18231	102.685	-6.87029	-6.90375	102.851	-5.72131	-5.72144	0.000447133	3.05468	2.89897	0.0356752
160401	0.804023	0.791307	0.000699998	1.20132	1.18232	102.414	-6.92286	-6.90376	102.579	-5.72153	-5.72144	0.000446756	2.81857	2.89884	0.0355845
160601	0.804971	0.791292	0.000700134	1.20274	1.1823	102.434	-6.92427	-6.90374	102.599	-5.72153	-5.72144	0.000445924	2.79972	2.89901	0.0356053
160801	0.801579	0.791314	0.000699155	1.19767	1.18233	102.291	-6.91913	-6.90378	102.456	-5.72146	-5.72144	0.00044491	2.82073	2.89883	0.0355537
161001	0.85426	0.791318	0.000700184	1.27639	1.18234	102.441	-6.99788	-6.90378	102.606	-5.72149	-5.72144	0.000444126	2.4506	2.89879	0.0355931
161201	0.805276	0.791282	0.000701339	1.2032	1.18229	102.61	-6.92463	-6.90373	102.776	-5.72143	-5.72144	0.00044324	2.80637	2.89902	0.0356396
161401	0.739416	0.791314	0.000702398	1.10479	1.18233	102.765	-6.82608	-6.90377	102.93	-5.72129	-5.72144	0.000442696	3.28353	2.89876	0.0357168
161601	0.789044	0.791287	0.000701031	1.17894	1.18229	102.565	-6.90042	-6.90373	102.731	-5.72147	-5.72144	0.000444455	2.94544	2.89896	0.0356409
161801	0.796641	0.791321	0.000701185	1.19029	1.18235	102.588	-6.91164	-6.90379	102.753	-5.72135	-5.72144	0.000444504	2.83059	2.89863	0.035656
162001	0.765941	0.79129	0.000700135	1.14442	1.1823	102.434	-6.86594	-6.90374	102.599	-5.72152	-5.72144	0.000444111	3.0595	2.89883	0.0356083
162201	0.836797	0.791351	0.000705328	1.25029	1.18239	103.194	-6.97197	-6.90383	103.363	-5.72168	-5.72144	0.00045104	2.56008	2.89841	0.0358427
162401	0.791206	0.791325	0.000704295	1.18217	1.18235	103.043	-6.90353	-6.90379	103.211	-5.72136	-5.72144	0.000451532	2.91932	2.8986	0.0357852
162601	0.771262	0.791282	0.000704158	1.15237	1.18229	103.023	-6.87379	-6.90373	103.191	-5.72142	-5.72144	0.000451098	3.04209	2.89885	0.0357646
162801	0.78047	0.791286	0.000702999	1.16613	1.18229	102.853	-6.88755	-6.90373	103.021	-5.72142	-5.72144	0.000449971	2.96884	2.89884	0.035695
163001	0.783375	0.791323	0.000702364	1.17047	1.18235	102.76	-6.89199	-6.90379	102.928	-5.72151	-5.72144	0.000449354	2.95518	2.89856	0.0356587
163201	0.772771	0.791284	0.000701061	1.15463	1.18229	102.57	-6.8761	-6.90373	102.737	-5.72147	-5.72144	0.000448206	3.0292	2.8989	0.0355993
163401	0.774526	0.791295	0.000700064	1.15725	1.18231	102.424	-6.8788	-6.90375	102.59	-5.72155	-5.72144	0.000448165	3.03498	2.89885	0.0355367
163601	0.777714	0.791324	0.000700728	1.16201	1.18235	102.521	-6.88356	-6.90379	102.688	-5.72154	-5.72144	0.000448863	3.03552	2.89863	0.0355846
163801	0.840419	0.791311	0.000700342	1.2557	1.18233	102.464	-6.97728	-6.90377	102.63	-5.72158	-5.72144	0.000450601	2.56799	2.89879	0.0355852
164001	0.791609	0.791354	0.000700368	1.18277	1.18239	102.468	-6.90431	-6.90384	102.635	-5.72154	-5.72144	0.000450633	2.91968	2.89858	0.0355623
164201	0.789881	0.791342	0.000699693	1.18019	1.18238	102.369	-6.90151	-6.90382	102.535	-5.72131	-5.72144	0.000450238	2.90978	2.89868	0.0355237
164401	0.787171	0.791346	0.000698559	1.17614	1.18238	102.204	-6.89754	-6.90382	102.368	-5.7214	-5.72144	0.000449799	2.96038	2.89867	0.0354573
164601	0.82256	0.791331	0.000697895	1.22902	1.18236	102.106	-6.95042	-6.9038	102.271	-5.7214	-5.72144	0.000449288	2.67311	2.89876	0.0354201
164801	0.782387	0.79132	0.000697286	1.169	1.18234	102.017	-6.89048	-6.90378	102.182	-5.72148	-5.72144	0.00044832	2.94675	2.89887	0.0353944
165001	0.797453	0.791327	0.000695543	1.19151	1.18235	101.762	-6.91304	-6.90379	101.926	-5.72153	-5.72144	0.000447267	2.89635	2.89886	0.0353028
165201	0.763768	0.791333	0.000695739	1.14118	1.18236	101.791	-6.86273	-6.9038	101.955	-5.72155	-5.72144	0.000449071	3.12826	2.89891	0.035307
165401	0.79881	0.791313	0.000694181	1.19353	1.18233	101.563	-6.91494	-6.90377	101.726	-5.72141	-5.72144	0.000448646	2.88025	2.89913	0.0352353
165601	0.777392	0.791375	0.000698606	1.16153	1.18242	102.21	-6.88302	-6.90387	102.375	-5.72148	-5.72144	0.000451083	3.02602	2.89885	0.0353893
165801	0.814546	0.791353	0.000697918	1.21705	1.18239	102.11	-6.93849	-6.90383	102.274	-5.72144	-5.72144	0.00045005	2.69503	2.899	0.0353552
166001	0.824289	0.791326	0.000697936	1.2316	1.18235	102.112	-6.9531	-6.90379	102.277	-5.72149	-5.72144	0.000449105	2.69204	2.89924	0.0353638
166201	0.810241	0.791361	0.000697452	1.21061	1.1824	102.042	-6.93214	-6.90385	102.206	-5.72152	-5.72144	0.000448391	2.74944	2.89897	0.0353361
166401	0.803696	0.791354	0.000696671	1.20083	1.18239	101.927	-6.92234	-6.90384	102.091	-5.72151	-5.72144	0.000448804	2.86353	2.89906	0.0352989
166601	0.79914	0.791349	0.000696687	1.19403	1.18239	101.93	-6.91562	-6.90383	102.093	-5.7216	-5.72144	0.000450064	2.84789	2.89914	0.0353103
166801	0.837518	0.791345	0.000696302	1.25137	1.18238	101.873	-6.97289	-6.90382	102.037	-5.72153	-5.72144	0.000451434	2.53697	2.89921	0.0353061
167001	0.771814	0.791367	0.000700611	1.1532	1.18241	102.504	-6.87455	-6.90386	102.669	-5.72136	-5.72144	0.000451733	3.0614	2.89899	0.0355616
167201	0.832993	0.791428	0.000701163	1.24461	1.1825	102.585	-6.96611	-6.90395	102.751	-5.7215	-5.72144	0.000451917	2.61227	2.89855	0.0355925
167401	0.776924	0.791372	0.00070179	1.16083	1.18242	102.676	-6.8822	-6.90386	102.842	-5.72137	-5.72144	0.000451092	2.97722	2.89891	0.0356002
167601	0.841077	0.791391	0.000701149	1.25669	1.18245	102.582	-6.97813	-6.90389	102.748	-5.72144	-5.72144	0.000450162	2.53967	2.89875	0.0355676
167801	0.763982	0.791367	0.000702721	1.1415	1.18241	102.812	-6.8629	-6.90386	102.979	-5.7214	-5.72144	0.00044936	3.07874	2.8989	0.0356268
168001	0.805577	0.791315	0.000703022	1.20365	1.18234	102.856	-6.92512	-6.90378	103.023	-5.72147	-5.72144	0.00044993	2.77652	2.89925	0.035639
168201	0.780667	0.79137	0.00070597	1.16643	1.18242	103.288	-6.8879	-6.90386	103.456	-5.72147	-5.72144	0.000449596	3.00827	2.89881	0.0358191
168401	0.816818	0.791332	0.000705666	1.22044	1.18236	103.243	-6.94186	-6.9038	103.411	-5.72141	-5.72144	0.000448607	2.73622	2.89916	0.0358161
168601	0.795861	0.791372	0.000705023	1.18913	1.18242	103.149	-6.91046	-6.90386	103.316	-5.72133	-5.72144	0.000447851	2.84373	2.89883	0.0357885
168801	0.751358	0.791357	0.000704179	1.12263	1.1824	103.026	-6.84401	-6.90384	103.192	-5.72138	-5.72144	0.000448202	3.17412	2.89886	0.0357393
169001	0.781561	0.791337	0.000703586	1.16776	1.18237	102.939	-6.88916	-6.90381	103.106	-5.7214	-5.72144	0.000448796	2.94734	2.89897	0.0357111
169201	0.862964	0.791356	0.000703973	1.28939	1.1824	102.996	-7.01098	-6.90384	103.163	-5.72159	-5.72144	0.000449341	2.3802	2.89884	0.0357389
169401	0.714178	0.791356	0.000704855	1.06708	1.1824	103.125	-6.7885	-6.90384	103.292	-5.72142	-5.72144	0.000449733	3.48703	2.8989	0.035797
169601	0.81561	0.791329	0.000705913	1.21864	1.18236	103.279	-6.94009	-6.9038	103.447	-5.72146	-5.72144	0.000450353	2.72485	2.89914	0.0358552
169801	0.741101	0.791365	0.000705588	1.10731	1.18241	103.232	-6.82872	-6.90385	103.399	-5.72141	-5.72144	0.00044912	3.25055	2.89896	0.0358166
170001	0.784721	0.791348	0.000705669	1.17248	1.18239	103.244	-6.89382	-6.90383	103.411	-5.72134	-5.72144	0.000449128	2.95782	2.89909	0.0358293
170201	0.818922	0.791315	0.00070501	1.22359	1.18234	103.147	-6.9449	-6.90378	103.315	-5.72132	-5.72144	0.000449345	2.71107	2.89933	0.0357944
170401	0.754696	0.791307	0.000704949	1.12762	1.18232	103.138	-6.84894	-6.90377	103.306	-5.72131	-5.72144	0.000452236	3.08745	2.89928	0.0357725
170601	0.84031	0.791357	0.000706698	1.25554	1.1824	103.394	-6.97706	-6.90384	103.562	-5.72152	-5.72144	0.000452499	2.51144	2.89884	0.0358934
170801	0.739175	0.791348	0.000708465	1.10443	1.18239	103.653	-6.82576	-6.90383	103.821	-5.72133	-5.72144	0.000451675	3.28792	2.89891	0.0360035
171001	0.854117	0.791329	0.000709127	1.27617	1.18236	103.75	-6.9976	-6.9038	103.918	-5.72142	-5.72144	0.000452579	2.43965	2.89902	0.0360355
171201	0.754514	0.791289	0.000711767	1.12735	1.1823	104.136	-6.84878	-6.90374	104.306	-5.72143	-5.72144	0.000453336	3.12619	2.89936	0.0361941
171401	0.742401	0.791339	0.000715378	1.10925	1.18237	104.664	-6.83063	-6.90381	104.834	-5.72138	-5.72144	0.000452374	3.22479	2.89895	0.0364066
171601	0.808988	0.791345	0.000714296	1.20874	1.18238	104.506	-6.93014	-6.90382	104.675	-5.7214	-5.72144	0.000451232	2.7451	2.89888	0.0363525
171801	0.84486	0.791333	0.000713406	1.26234	1.18236	104.376	-6.98385	-6.9038	104.544	-5.72151	-5.72144	0.00045183	2.52358	2.89894	0.0363094
172001	0.80265	0.791328	0.000716763	1.19927	1.18236	104.867	-6.92064	-6.9038	105.037	-5.72137	-5.72144	0.000451866	2.80542	2.89908	0.0365389
172201	0.839406	0.791362	0.000716887	1.25419	1.18241	104.885	-6.97574	-6.90385	105.055	-5.72155	-5.72144	0.000451993	2.59059	2.89883	0.0365249
172401	0.755627	0.791363	0.000716164	1.12901	1.18241	104.779	-6.85036	-6.90385	104.949	-5.72135	-5.72144	0.00045119	3.12606	2.89874	0.0364826
172601	0.772477	0.791322	0.000716287	1.15419	1.18235	104.797	-6.87553	-6.90379	104.968	-5.72134	-5.72144	0.000453759	3.01888	2.899	0.0364738
172801	0.80069	0.791314	0.000715301	1.19634	1.18233	104.653	-6.91783	-6.90377	104.824	-5.72149	-5.72144	0.000452926	2.83435	2.89904	0.0364181
173001	0.876372	0.791334	0.000716395	1.30942	1.18236	104.813	-7.03096	-6.9038	104.984	-5.72153	-5.72144	0.000452099	2.27887	2.89886	0.0364762
173201	0.854681	0.791314	0.000719083	1.27701	1.18234	105.206	-6.99853	-6.90378	105.378	-5.72152	-5.72144	0.000451945	2.46666	2.89896	0.0365957
173401	0.775812	0.791327	0.000719803	1.15917	1.18235	105.312	-6.88076	-6.90379	105.484	-5.72159	-5.72144	0.000451627	3.02484	2.89889	0.0366203
173601	0.789568	0.791315	0.000720118	1.17973	1.18234	105.358	-6.90118	-6.90378	105.529	-5.72145	-5.72144	0.000451548	2.93889	2.89898	0.0366478
173801	0.820336	0.791325	0.00071895	1.2257	1.18235	105.187	-6.94719	-6.90379	105.358	-5.72149	-5.72144	0.00045081	2.6761	2.89886	0.0365863
174001	0.783724	0.791302	0.000718485	1.17099	1.18232	105.119	-6.89248	-6.90376	105.29	-5.72148	-5.72144	0.000449834	2.98648	2.89909	0.0365853
174201	0.84118	0.791333	0.000717592	1.25684	1.18236	104.988	-6.97834	-6.9038	105.159	-5.7215	-5.72144	0.000448938	2.54828	2.89894	0.0365319
174401	0.792163	0.791334	0.000716626	1.1836	1.18236	104.847	-6.90504	-6.90381	105.017	-5.72143	-5.72144	0.000448439	2.92237	2.89893	0.0364836
174601	0.798058	0.791338	0.000716607	1.19241	1.18237	104.844	-6.91383	-6.90381	105.014	-5.72142	-5.72144	0.000447452	2.8298	2.8989	0.0364673
174801	0.776306	0.79133	0.000715606	1.15991	1.18236	104.698	-6.88133	-6.9038	104.867	-5.72141	-5.72144	0.000446381	2.99689	2.89894	0.0364112
175001	0.782257	0.791357	0.000716676	1.1688	1.1824	104.854	-6.89033	-6.90384	105.024	-5.72153	-5.72144	0.000445866	3.00609	2.89871	0.0364695
175201	0.799614	0.791307	0.000717318	1.19474	1.18232	104.948	-6.91627	-6.90376	105.117	-5.72154	-5.72144	0.000445281	2.8302	2.89911	0.0365087
175401	0.771946	0.791332	0.000719623	1.1534	1.18236	105.285	-6.87475	-6.9038	105.455	-5.72135	-5.72144	0.000445393	3.03533	2.89888	0.0366219
175601	0.766478	0.791318	0.000718569	1.14523	1.18234	105.131	-6.86668	-6.90378	105.301	-5.72145	-5.72144	0.000444376	3.07453	2.89901	0.0365706
175801	0.815273	0.791341	0.000717247	1.21813	1.18237	104.938	-6.93976	-6.90382	105.107	-5.72163	-5.72144	0.000444778	2.76371	2.89889	0.0364973
176001	0.798324	0.791357	0.000716961	1.19281	1.1824	104.896	-6.91434	-6.90384	105.065	-5.72153	-5.72144	0.000445327	2.90043	2.89887	0.0364722
176201	0.812928	0.791352	0.00071574	1.21463	1.18239	104.717	-6.93609	-6.90383	104.886	-5.72146	-5.72144	0.000444448	2.77422	2.899	0.0364286
176401	0.813011	0.791364	0.000714943	1.21475	1.18241	104.601	-6.93631	-6.90385	104.77	-5.72156	-5.72144	0.000444613	2.77905	2.89899	0.0363771
176601	0.810265	0.791379	0.000715829	1.21065	1.18243	104.73	-6.93211	-6.90387	104.899	-5.72146	-5.72144	0.000444149	2.8003	2.89893	0.0363952
176801	0.819128	0.791337	0.000715557	1.22389	1.18237	104.69	-6.94528	-6.90381	104.859	-5.72138	-5.72144	0.000443786	2.68933	2.89925	0.0363827
177001	0.760436	0.791363	0.000715267	1.1362	1.18241	104.648	-6.8577	-6.90385	104.816	-5.7215	-5.72144	0.000443622	3.09223	2.89907	0.0363626
177201	0.800118	0.791368	0.000716436	1.19549	1.18242	104.819	-6.91693	-6.90386	104.988	-5.72144	-5.72144	0.000443127	2.82585	2.89908	0.0364244
177401	0.831349	0.791358	0.000716022	1.24215	1.1824	104.758	-6.96346	-6.90384	104.927	-5.72131	-5.72144	0.000444579	2.59039	2.89907	0.036398
177601	0.804519	0.791367	0.000714927	1.20207	1.18241	104.598	-6.92342	-6.90386	104.766	-5.72135	-5.72144	0.000445592	2.78202	2.89895	0.0363448
177801	0.763264	0.791364	0.000715877	1.14042	1.18241	104.737	-6.86178	-6.90385	104.905	-5.72135	-5.72144	0.000444948	3.05003	2.89893	0.0363665
178001	0.800947	0.791366	0.00071557	1.19673	1.18241	104.692	-6.91831	-6.90385	104.861	-5.72159	-5.72144	0.000445296	2.84559	2.89889	0.0363388
178201	0.813027	0.791364	0.000714487	1.21478	1.18241	104.534	-6.93612	-6.90385	104.702	-5.72134	-5.72144	0.000445923	2.70566	2.89883	0.0362808
178401	0.794783	0.791359	0.000713971	1.18752	1.1824	104.458	-6.90898	-6.90384	104.626	-5.72146	-5.72144	0.000445965	2.87983	2.89877	0.0362515
178601	0.799156	0.791395	0.000712828	1.19405	1.18246	104.291	-6.91534	-6.9039	104.458	-5.72129	-5.72144	0.000445725	2.81915	2.89846	0.0362039
178801	0.746442	0.79137	0.000712298	1.11529	1.18242	104.214	-6.83657	-6.90386	104.381	-5.72128	-5.72144	0.000448318	3.2478	2.89857	0.0361829
179001	0.823678	0.791327	0.000713625	1.23069	1.18235	104.408	-6.95216	-6.90379	104.577	-5.72147	-5.72144	0.00045006	2.67387	2.89892	0.0362703
179201	0.744486	0.791352	0.00071399	1.11237	1.18239	104.461	-6.83369	-6.90383	104.63	-5.72132	-5.72144	0.00044919	3.20056	2.89874	0.0362763
179401	0.809503	0.791318	0.000713449	1.20951	1.18234	104.382	-6.93107	-6.90378	104.551	-5.72155	-5.72144	0.000448893	2.75931	2.899	0.0362449
179601	0.769281	0.791344	0.000713963	1.14941	1.18238	104.457	-6.87089	-6.90382	104.626	-5.72148	-5.72144	0.000448889	3.06392	2.8988	0.0362714
179801	0.786731	0.791324	0.000713054	1.17549	1.18235	104.324	-6.89704	-6.90379	104.493	-5.72155	-5.72144	0.000449487	2.91405	2.89895	0.0362275
180001	0.829205	0.79135	0.000711991	1.23895	1.18239	104.169	-6.96059	-6.90383	104.338	-5.72164	-5.72144	0.00045131	2.65452	2.89876	0.0361701
180201	0.81407	0.791368	0.000713384	1.21634	1.18241	104.372	-6.93782	-6.90386	104.542	-5.72148	-5.72144	0.000454541	2.73353	2.8986	0.036224
180401	0.768189	0.791331	0.000712916	1.14778	1.18236	104.304	-6.86921	-6.9038	104.473	-5.72143	-5.72144	0.000454011	3.07551	2.89883	0.0361894
180601	0.834938	0.79137	0.000712325	1.24752	1.18242	104.218	-6.96914	-6.90386	104.388	-5.72162	-5.72144	0.000458288	2.62461	2.89859	0.0361484
180801	0.724074	0.791371	0.000714531	1.08187	1.18242	104.54	-6.80326	-6.90386	104.712	-5.72139	-5.72144	0.000462142	3.38299	2.89868	0.0362511
181001	0.76594	0.791368	0.000713919	1.14442	1.18241	104.451	-6.86577	-6.90386	104.622	-5.72135	-5.72144	0.000462066	3.07127	2.89871	0.0362206
181201	0.81072	0.791383	0.000714387	1.21133	1.18244	104.519	-6.93282	-6.90388	104.69	-5.72149	-5.72144	0.000461822	2.75924	2.89859	0.0362478
181401	0.867101	0.791372	0.000716208	1.29557	1.18242	104.786	-7.01697	-6.90386	104.957	-5.7214	-5.72144	0.000464427	2.34848	2.89867	0.0363471
181601	0.807013	0.791348	0.000719169	1.20579	1.18238	105.219	-6.92706	-6.90383	105.391	-5.72127	-5.72144	0.000465682	2.76253	2.8988	0.0364863
181801	0.82174	0.791347	0.000718449	1.2278	1.18238	105.114	-6.94934	-6.90382	105.286	-5.72154	-5.72144	0.000466234	2.67864	2.89878	0.0364381
182001	0.777344	0.791366	0.000717739	1.16146	1.18241	105.01	-6.88289	-6.90385	105.182	-5.72143	-5.72144	0.000465467	3.01285	2.89874	0.0363987
182201	0.79857	0.791339	0.000717229	1.19318	1.18237	104.935	-6.91456	-6.90381	105.107	-5.72139	-5.72144	0.000466899	2.87763	2.8989	0.0363758
182401	0.826406	0.791344	0.00071628	1.23477	1.18238	104.796	-6.9561	-6.90382	104.968	-5.72134	-5.72144	0.000466537	2.61325	2.8989	0.0363297
182601	0.734114	0.791336	0.000716628	1.09687	1.18237	104.847	-6.81825	-6.90381	105.019	-5.72138	-5.72144	0.00046708	3.3123	2.89888	0.0363476
182801	0.796007	0.79134	0.000716501	1.18935	1.18237	104.829	-6.91068	-6.90381	105	-5.72134	-5.72144	0.00046648	2.87464	2.89884	0.0363539
183001	0.795428	0.79134	0.000716147	1.18848	1.18237	104.777	-6.9101	-6.90381	104.949	-5.72162	-5.72144	0.000467319	2.85743	2.89879	0.0363438
183201	0.78125	0.791323	0.000716593	1.1673	1.18235	104.842	-6.88862	-6.90379	105.015	-5.72132	-5.72144	0.00046843	2.93647	2.89887	0.0363586
183401	0.796416	0.791351	0.000715541	1.18996	1.18239	104.688	-6.91148	-6.90383	104.861	-5.72153	-5.72144	0.000468211	2.86019	2.89862	0.0363122
183601	0.738936	0.791318	0.000714897	1.10407	1.18234	104.594	-6.82533	-6.90378	104.768	-5.72126	-5.72144	0.000468463	3.22587	2.89879	0.0362663
183801	0.796772	0.791324	0.000714688	1.19049	1.18235	104.563	-6.91191	-6.90379	104.737	-5.72142	-5.72144	0.00046878	2.81703	2.89873	0.036244
184001	0.821341	0.791329	0.000714676	1.2272	1.18236	104.562	-6.94863	-6.9038	104.735	-5.72143	-5.72144	0.000469021	2.68553	2.8986	0.0362393
184201	0.777487	0.791317	0.000713338	1.16167	1.18234	104.366	-6.88296	-6.90378	104.539	-5.72128	-5.72144	0.000468863	2.97684	2.89865	0.036167
184401	0.822783	0.791322	0.0007148	1.22935	1.18235	104.58	-6.9508	-6.90379	104.753	-5.72145	-5.72144	0.00046958	2.7092	2.8986	0.0362523
184601	0.795706	0.791331	0.000717648	1.1889	1.18236	104.996	-6.9103	-6.9038	105.17	-5.72141	-5.72144	0.000469333	2.85398	2.89853	0.0363766
184801	0.766126	0.791293	0.00071778	1.1447	1.1823	105.016	-6.86607	-6.90374	105.19	-5.72137	-5.72144	0.000469141	3.09336	2.89877	0.0363707
185001	0.838962	0.79133	0.000718409	1.25353	1.18236	105.108	-6.97506	-6.9038	105.283	-5.72154	-5.72144	0.000470025	2.57109	2.89858	0.036394
185201	0.761717	0.791301	0.000718963	1.13811	1.18232	105.189	-6.85952	-6.90376	105.364	-5.72141	-5.72144	0.000469522	3.15661	2.89887	0.0364498
185401	0.799245	0.791301	0.000717593	1.19418	1.18232	104.988	-6.91567	-6.90376	105.164	-5.72148	-5.72144	0.000468662	2.8341	2.89884	0.0363934
185601	0.773654	0.791318	0.000719239	1.15595	1.18234	105.229	-6.87734	-6.90378	105.405	-5.72139	-5.72144	0.000468513	3.05078	2.89873	0.0364862
185801	0.824336	0.791318	0.000718051	1.23167	1.18234	105.055	-6.95311	-6.90378	105.231	-5.72144	-5.72144	0.000468265	2.65258	2.89873	0.0364217
186001	0.770207	0.791337	0.00071839	1.1508	1.18237	105.105	-6.87219	-6.90381	105.28	-5.72139	-5.72144	0.000467225	3.05078	2.89855	0.0364349
186201	0.803404	0.791349	0.00071801	1.2004	1.18239	105.049	-6.92188	-6.90383	105.224	-5.72148	-5.72144	0.000466456	2.82949	2.89844	0.0364134
186401	0.814923	0.791344	0.000717659	1.21761	1.18238	104.998	-6.93898	-6.90382	105.173	-5.72137	-5.72144	0.000467102	2.67894	2.89848	0.0363977
186601	0.814629	0.791346	0.0007163	1.21717	1.18238	104.799	-6.93854	-6.90382	104.974	-5.72137	-5.72144	0.00046681	2.74088	2.89843	0.0363246
186801	0.82037	0.791311	0.000716733	1.22575	1.18233	104.862	-6.94724	-6.90377	105.037	-5.7215	-5.72144	0.000465961	2.76353	2.8987	0.0363353
187001	0.764948	0.791335	0.000715845	1.14294	1.18237	104.733	-6.86427	-6.90381	104.907	-5.72133	-5.72144	0.000465506	3.09914	2.89855	0.0362805
187201	0.821974	0.79135	0.000716909	1.22815	1.18239	104.888	-6.94962	-6.90383	105.063	-5.72148	-5.72144	0.000465221	2.69817	2.89846	0.0363333
187401	0.804451	0.791321	0.000716206	1.20196	1.18235	104.785	-6.92341	-6.90378	104.96	-5.72145	-5.72144	0.000464317	2.81806	2.89866	0.0362931
187601	0.7724	0.791319	0.000715894	1.15407	1.18234	104.74	-6.87536	-6.90378	104.915	-5.72128	-5.72144	0.000464075	3.00044	2.89865	0.0362527
187801	0.827877	0.791327	0.000716715	1.23696	1.18235	104.86	-6.9584	-6.90379	105.035	-5.72144	-5.72144	0.000463799	2.65233	2.89858	0.0362841
188001	0.757549	0.79132	0.000717214	1.13188	1.18234	104.933	-6.85328	-6.90378	105.108	-5.7214	-5.72144	0.000463011	3.11833	2.89861	0.0363024
188201	0.766695	0.79134	0.000716483	1.14555	1.18237	104.826	-6.86695	-6.90381	105.002	-5.7214	-5.72144	0.0004663	3.0683	2.89847	0.0362555
188401	0.783781	0.79133	0.000715752	1.17108	1.18236	104.719	-6.89244	-6.9038	104.895	-5.72136	-5.72144	0.000466138	2.96097	2.89855	0.0362203
188601	0.787457	0.79129	0.00071588	1.17657	1.1823	104.738	-6.89795	-6.90374	104.913	-5.72137	-5.72144	0.000465968	2.93192	2.89886	0.0362227
188801	0.742616	0.791337	0.000717459	1.10957	1.18237	104.969	-6.83084	-6.90381	105.145	-5.72127	-5.72144	0.000465439	3.26982	2.89849	0.0363225
189001	0.779297	0.791323	0.000717851	1.16438	1.18235	105.026	-6.88577	-6.90379	105.203	-5.72139	-5.72144	0.000465564	2.94965	2.89859	0.0363517
189201	0.822019	0.79134	0.000717843	1.22821	1.18237	105.025	-6.94969	-6.90381	105.201	-5.72148	-5.72144	0.000464804	2.65031	2.89844	0.0363608
189401	0.853689	0.791315	0.000720008	1.27553	1.18234	105.342	-6.99687	-6.90377	105.519	-5.72134	-5.72144	0.000466095	2.43693	2.89853	0.0364495
189601	0.796463	0.79133	0.000719241	1.19003	1.18236	105.229	-6.91153	-6.9038	105.406	-5.72151	-5.72144	0.000465513	2.86872	2.89841	0.0364149
189801	0.814914	0.791322	0.000718309	1.2176	1.18235	105.093	-6.93898	-6.90378	105.27	-5.72138	-5.72144	0.000464938	2.70555	2.89843	0.0363576
190001	0.823877	0.791343	0.000717322	1.23099	1.18238	104.949	-6.95253	-6.90382	105.125	-5.72154	-5.72144	0.000464407	2.66987	2.89826	0.0363119
190201	0.739772	0.791335	0.000716502	1.10532	1.18237	104.829	-6.82682	-6.9038	105.005	-5.7215	-5.72144	0.000463702	3.27371	2.89831	0.0362702
190401	0.776531	0.791347	0.000715989	1.16025	1.18238	104.754	-6.88176	-6.90382	104.93	-5.72152	-5.72144	0.000464998	2.9928	2.89829	0.0362421
190601	0.801679	0.791306	0.000715603	1.19782	1.18232	104.697	-6.91926	-6.90376	104.873	-5.72144	-5.72144	0.000464474	2.79841	2.89859	0.036226
190801	0.815444	0.791324	0.000714789	1.21839	1.18235	104.578	-6.93995	-6.90379	104.754	-5.72156	-5.72144	0.000465568	2.73094	2.89849	0.0361834
191001	0.772011	0.79136	0.000715831	1.15349	1.1824	104.731	-6.87485	-6.90384	104.907	-5.72136	-5.72144	0.000464999	3.02545	2.89818	0.0362377
191201	0.778584	0.791333	0.000715955	1.16331	1.18236	104.749	-6.88476	-6.9038	104.925	-5.72145	-5.72144	0.000464811	2.96486	2.89841	0.0362443
191401	0.798563	0.79133	0.000714842	1.19317	1.18236	104.586	-6.91471	-6.9038	104.762	-5.72155	-5.72144	0.000463973	2.90181	2.89843	0.0361951
191601	0.789087	0.791362	0.000714546	1.17901	1.18241	104.543	-6.90069	-6.90385	104.72	-5.72168	-5.72144	0.000471589	2.97622	2.89833	0.0361592
191801	0.800499	0.791345	0.000714276	1.19606	1.18238	104.503	-6.91733	-6.90382	104.679	-5.72128	-5.72144	0.000472701	2.81804	2.89847	0.0361702
192001	0.817172	0.79133	0.000715042	1.22097	1.18236	104.615	-6.94244	-6.9038	104.791	-5.72147	-5.72144	0.000473281	2.67125	2.89854	0.0362002
192201	0.779482	0.791352	0.00071673	1.16466	1.18239	104.862	-6.88603	-6.90383	105.039	-5.72138	-5.72144	0.000473017	2.97337	2.89831	0.0362933
192401	0.822303	0.791339	0.000715916	1.22864	1.18237	104.743	-6.95019	-6.90381	104.92	-5.72155	-5.72144	0.000472652	2.69464	2.89835	0.0362396
192601	0.815392	0.791346	0.00071631	1.21831	1.18238	104.801	-6.93966	-6.90382	104.977	-5.72135	-5.72144	0.000472205	2.71503	2.89828	0.03626
192801	0.798095	0.791342	0.000715227	1.19247	1.18238	104.642	-6.91367	-6.90382	104.819	-5.72121	-5.72144	0.000474566	2.83246	2.89828	0.0361966
193001	0.827354	0.791328	0.000714776	1.23618	1.18236	104.576	-6.95764	-6.90379	104.752	-5.72146	-5.72144	0.000475983	2.64935	2.89829	0.0361655
193201	0.781953	0.791332	0.00071448	1.16835	1.18236	104.533	-6.88976	-6.9038	104.709	-5.72141	-5.72144	0.000475112	2.97606	2.89827	0.0361585
193401	0.778575	0.791323	0.000713748	1.1633	1.18235	104.426	-6.8847	-6.90379	104.602	-5.72139	-5.72144	0.000474595	3.00476	2.89835	0.0361155
193601	0.759788	0.791345	0.000713092	1.13523	1.18238	104.33	-6.85664	-6.90382	104.505	-5.72141	-5.72144	0.000473941	3.11136	2.8982	0.0360737
193801	0.760199	0.791344	0.000715346	1.13584	1.18238	104.66	-6.85702	-6.90382	104.835	-5.72117	-5.72144	0.000475881	3.06696	2.89817	0.0361867
194001	0.782653	0.791301	0.000715901	1.16939	1.18232	104.741	-6.89082	-6.90375	104.917	-5.72142	-5.72144	0.000480067	2.94968	2.89839	0.0361915
194201	0.804389	0.79133	0.000717389	1.20187	1.18236	104.958	-6.92328	-6.9038	105.135	-5.7214	-5.72144	0.000479443	2.76726	2.89816	0.0362501
194401	0.801196	0.791309	0.000717106	1.1971	1.18233	104.917	-6.91859	-6.90377	105.093	-5.72149	-5.72144	0.000478562	2.80863	2.89829	0.036238
194601	0.802069	0.791332	0.000717909	1.1984	1.18236	105.035	-6.91984	-6.9038	105.21	-5.72143	-5.72144	0.000477613	2.83116	2.89814	0.0362937
194801	0.796142	0.791321	0.000718584	1.18955	1.18234	105.133	-6.91097	-6.90378	105.309	-5.72142	-5.72144	0.000477228	2.86637	2.89819	0.0363203
195001	0.744313	0.791351	0.000718442	1.11211	1.18239	105.113	-6.83349	-6.90383	105.288	-5.72138	-5.72144	0.000476367	3.23101	2.89798	0.0363134
195201	0.800495	0.791341	0.000718669	1.19605	1.18237	105.146	-6.91743	-6.90381	105.321	-5.72138	-5.72144	0.00047548	2.84044	2.89806	0.0363241
195401	0.777496	0.79133	0.000718354	1.16169	1.18236	105.1	-6.88293	-6.9038	105.275	-5.72125	-5.72144	0.000476264	2.97109	2.89815	0.0363083
195601	0.799338	0.791305	0.000722033	1.19432	1.18232	105.638	-6.91579	-6.90376	105.816	-5.72147	-5.72144	0.000479513	2.85078	2.89835	0.0365027
195801	0.759818	0.791292	0.0007218	1.13528	1.1823	105.604	-6.85665	-6.90374	105.781	-5.72138	-5.72144	0.00047899	3.16158	2.89843	0.0365014
196001	0.791669	0.791313	0.000721439	1.18286	1.18233	105.551	-6.90433	-6.90377	105.728	-5.72146	-5.72144	0.000478113	2.90091	2.89828	0.0364833
196201	0.765859	0.791284	0.000721904	1.1443	1.18229	105.619	-6.86576	-6.90373	105.796	-5.72146	-5.72144	0.00047718	3.06056	2.89843	0.0364867
196401	0.737919	0.791299	0.000725981	1.10256	1.18231	106.216	-6.82389	-6.90375	106.393	-5.72133	-5.72144	0.000476571	3.25531	2.89836	0.0366766
196601	0.838217	0.791294	0.000727381	1.25241	1.18231	106.42	-6.97386	-6.90374	106.598	-5.72145	-5.72144	0.000477016	2.56529	2.89835	0.0367261
196801	0.803858	0.791295	0.00072782	1.20108	1.18231	106.485	-6.92257	-6.90374	106.662	-5.72149	-5.72144	0.000476179	2.81962	2.89832	0.036746
197001	0.784552	0.791273	0.000726734	1.17223	1.18227	106.326	-6.89367	-6.90371	106.503	-5.72144	-5.72144	0.00047548	2.94402	2.89847	0.0366906
197201	0.763779	0.791288	0.000725942	1.14119	1.1823	106.21	-6.86258	-6.90373	106.387	-5.72139	-5.72144	0.000474606	3.09008	2.89836	0.0366503
197401	0.78376	0.791307	0.000725462	1.17105	1.18232	106.14	-6.89238	-6.90376	106.317	-5.72133	-5.72144	0.000474548	2.92917	2.89823	0.0366189
197601	0.800077	0.79128	0.000726471	1.19543	1.18228	106.287	-6.91685	-6.90372	106.465	-5.72143	-5.72144	0.000474471	2.80177	2.89846	0.0366843
197801	0.827951	0.791291	0.000725456	1.23707	1.1823	106.139	-6.95849	-6.90374	106.316	-5.72142	-5.72144	0.000473932	2.62981	2.89832	0.0366364
198001	0.808034	0.791264	0.000725887	1.20732	1.18226	106.202	-6.92871	-6.9037	106.38	-5.7214	-5.72144	0.000474912	2.76572	2.89847	0.0366443
198201	0.823637	0.791283	0.000725084	1.23063	1.18229	106.084	-6.9522	-6.90372	106.263	-5.72157	-5.72144	0.000475151	2.68407	2.89835	0.0366015
198401	0.781061	0.791257	0.00072434	1.16701	1.18225	105.975	-6.88843	-6.90369	106.154	-5.72141	-5.72144	0.000474561	2.96934	2.89854	0.0365629
198601	0.751112	0.791277	0.000725093	1.12227	1.18228	106.086	-6.84372	-6.90372	106.264	-5.72145	-5.72144	0.000474023	3.20424	2.89836	0.0366021
198801	0.820733	0.791277	0.000725166	1.22629	1.18228	106.096	-6.94775	-6.90372	106.274	-5.72146	-5.72144	0.000473469	2.70519	2.89838	0.0366149
199001	0.693847	0.791266	0.000726095	1.03671	1.18226	106.232	-6.75808	-6.9037	106.41	-5.72137	-5.72144	0.000473603	3.57598	2.89848	0.0366576
199201	0.823643	0.791236	0.000727749	1.23064	1.18222	106.474	-6.95214	-6.90365	106.652	-5.7215	-5.72144	0.000472822	2.66434	2.89868	0.0367365
199401	0.785978	0.79129	0.000728433	1.17436	1.1823	106.574	-6.8958	-6.90374	106.753	-5.72144	-5.72144	0.000472752	2.90245	2.89823	0.0367956
199601	0.781125	0.79128	0.0007279	1.16711	1.18228	106.496	-6.88854	-6.90372	106.675	-5.72143	-5.72144	0.00047221	2.9687	2.89828	0.0367531
199801	0.837555	0.791243	0.000728186	1.25143	1.18223	106.538	-6.97299	-6.90367	106.716	-5.72156	-5.72144	0.000473414	2.56635	2.89862	0.0368087
