timestep            	T              	T_{ave}             	T_{var}           	K/N            	K_{ave}/N           	K_{var}           	U/N            	U_{ave}/N           	U_{var}           	E/N            	E_{ave}/N           	E_{var}           	P              	P_{ave}             	P_{var}
100001	0.367089	0.367089	0	0.548482	0.548482	0	-7.46592	-7.46592	0	-6.91744	-6.91744	0	-0.587018	-0.587018	0
100201	0.371759	0.356305	5.67353e-05	0.55546	0.532369	8.30073	-7.47295	-7.44978	8.34888	-6.91749	-6.91741	0.000106566	-0.641436	-0.528634	0.00313714
100401	0.356557	0.359602	0.000152676	0.532746	0.537296	22.3374	-7.45022	-7.45475	22.4107	-6.91747	-6.91745	0.000189289	-0.528861	-0.546449	0.00852861
100601	0.350211	0.362641	0.00013525	0.523265	0.541837	19.7879	-7.44072	-7.4593	19.8532	-6.91746	-6.91746	0.000144813	-0.468335	-0.564725	0.00718012
100801	0.358193	0.361791	0.00021742	0.53519	0.540566	31.8099	-7.45262	-7.45802	31.885	-6.91743	-6.91745	0.000132865	-0.53128	-0.556852	0.0113593
101001	0.355857	0.361003	0.000205717	0.531701	0.539389	30.0977	-7.44913	-7.45684	30.1704	-6.91743	-6.91745	0.000118069	-0.494382	-0.550247	0.0107651
101201	0.365076	0.360959	0.000178765	0.545474	0.539323	26.1544	-7.46294	-7.45677	26.214	-6.91747	-6.91745	0.000105646	-0.596121	-0.548902	0.00938995
101401	0.353267	0.361294	0.00016617	0.527831	0.539825	24.3117	-7.44532	-7.45728	24.365	-6.91749	-6.91746	0.000102623	-0.47778	-0.550692	0.00877136
101601	0.346845	0.361385	0.000172931	0.518235	0.539961	25.3008	-7.43561	-7.45742	25.3689	-6.91737	-6.91746	0.000131735	-0.457438	-0.55133	0.00893711
101801	0.332883	0.361143	0.000176677	0.497374	0.539598	25.8489	-7.41473	-7.45705	25.9178	-6.91735	-6.91745	0.00014841	-0.344054	-0.550159	0.00913807
102001	0.374069	0.361386	0.000188178	0.558912	0.539961	27.5317	-7.4765	-7.45742	27.6234	-6.91759	-6.91745	0.000202661	-0.637161	-0.551108	0.00968758
102201	0.350566	0.361727	0.000179563	0.523796	0.540471	26.2712	-7.44119	-7.45793	26.3652	-6.91739	-6.91746	0.00021692	-0.473073	-0.55372	0.00920414
102401	0.368557	0.361118	0.000173816	0.550676	0.53956	25.4304	-7.46817	-7.45702	25.5206	-6.91749	-6.91746	0.000209638	-0.594471	-0.54912	0.00892062
102601	0.360231	0.361123	0.000189497	0.538236	0.539568	27.7246	-7.45566	-7.45702	27.8216	-6.91742	-6.91745	0.000206993	-0.555976	-0.549575	0.00949533
102801	0.354196	0.361607	0.000186314	0.529219	0.540291	27.259	-7.44663	-7.45775	27.3517	-6.91741	-6.91746	0.000195493	-0.494708	-0.552748	0.00944895
103001	0.36053	0.361545	0.000178557	0.538683	0.540199	26.124	-7.45611	-7.45765	26.2112	-6.91743	-6.91745	0.000185124	-0.515002	-0.551683	0.00901188
103201	0.334877	0.361345	0.00019106	0.500353	0.5399	27.9533	-7.41766	-7.45735	28.0458	-6.91731	-6.91745	0.000200463	-0.351301	-0.55071	0.00990905
103401	0.364144	0.361404	0.000191	0.544082	0.539989	27.9445	-7.46151	-7.45744	28.0369	-6.91743	-6.91745	0.000200459	-0.567983	-0.55057	0.00994712
103601	0.387047	0.361436	0.000193596	0.578303	0.540036	28.3243	-7.49576	-7.45748	28.4146	-6.91746	-6.91745	0.000191673	-0.740691	-0.551127	0.0101459
103801	0.341698	0.361074	0.000204585	0.510546	0.539495	29.932	-7.42794	-7.45694	30.0304	-6.9174	-6.91744	0.00020849	-0.40878	-0.549019	0.0106233
104001	0.355082	0.361616	0.00021068	0.530543	0.540305	30.8238	-7.44797	-7.45775	30.9319	-6.91743	-6.91745	0.000222985	-0.522049	-0.55261	0.0108199
104201	0.341715	0.361481	0.000202637	0.51057	0.540104	29.647	-7.42786	-7.45755	29.7533	-6.91729	-6.91744	0.000238506	-0.391778	-0.551684	0.0104302
104401	0.351764	0.361085	0.00019836	0.525585	0.539512	29.0213	-7.44297	-7.45695	29.1325	-6.91738	-6.91744	0.000276689	-0.48088	-0.548819	0.0102768
104601	0.368975	0.361438	0.000196824	0.5513	0.540039	28.7966	-7.46875	-7.45748	28.9062	-6.91745	-6.91744	0.000267425	-0.60871	-0.551374	0.0101894
104801	0.360291	0.361277	0.000196632	0.538325	0.539799	28.7684	-7.45574	-7.45723	28.8776	-6.91741	-6.91744	0.000262537	-0.546886	-0.549829	0.0102132
105001	0.361531	0.361252	0.000188893	0.540178	0.539761	27.6362	-7.45764	-7.4572	27.741	-6.91746	-6.91744	0.000253239	-0.549972	-0.549819	0.00982055
105201	0.359869	0.361491	0.000185096	0.537695	0.540119	27.0807	-7.45517	-7.45756	27.1857	-6.91748	-6.91744	0.000257882	-0.552929	-0.55181	0.00970408
105401	0.372397	0.361597	0.000179929	0.556413	0.540277	26.3248	-7.4738	-7.45772	26.4252	-6.91739	-6.91744	0.000249638	-0.650037	-0.552566	0.00944494
105601	0.366994	0.361246	0.000183468	0.548341	0.539753	26.8425	-7.46572	-7.45719	26.9497	-6.91738	-6.91743	0.000273145	-0.591299	-0.550383	0.00961113
105801	0.331197	0.361211	0.000191578	0.494855	0.539701	28.0291	-7.41224	-7.45714	28.138	-6.91739	-6.91743	0.000268025	-0.309483	-0.549869	0.0101269
106001	0.362042	0.361409	0.000193951	0.540942	0.539996	28.3763	-7.45834	-7.45743	28.4841	-6.9174	-6.91743	0.000261173	-0.562738	-0.551328	0.0102468
106201	0.349788	0.361336	0.000188755	0.522633	0.539886	27.616	-7.44001	-7.45732	27.7214	-6.91738	-6.91743	0.000261338	-0.456752	-0.550934	0.009969
106401	0.364658	0.361421	0.000185241	0.544851	0.540014	27.1019	-7.46229	-7.45745	27.2044	-6.91744	-6.91743	0.000254139	-0.550416	-0.550975	0.00978963
106601	0.377443	0.36137	0.000181107	0.563953	0.539937	26.4971	-7.48138	-7.45737	26.5973	-6.91742	-6.91743	0.000249679	-0.657951	-0.550413	0.00957001
106801	0.344541	0.361304	0.000178276	0.514792	0.539839	26.0829	-7.43207	-7.45727	26.1835	-6.91728	-6.91743	0.000257617	-0.402375	-0.549819	0.00943375
107001	0.394004	0.361227	0.000176957	0.588697	0.539723	25.8899	-7.50621	-7.45715	25.9922	-6.91751	-6.91743	0.000266874	-0.795382	-0.549153	0.00940771
107201	0.353531	0.361404	0.00018067	0.528224	0.539988	26.4331	-7.44558	-7.45742	26.5381	-6.91735	-6.91743	0.00026698	-0.494807	-0.550585	0.00960159
107401	0.355771	0.36143	0.00017698	0.531572	0.540027	25.8933	-7.44887	-7.45745	25.9954	-6.9173	-6.91743	0.000267575	-0.52167	-0.551168	0.00943625
107601	0.370928	0.361303	0.000176312	0.554218	0.539837	25.7956	-7.47165	-7.45726	25.8996	-6.91743	-6.91742	0.000275481	-0.620061	-0.550331	0.00939306
107801	0.358144	0.361242	0.000173897	0.535118	0.539746	25.4423	-7.45251	-7.45717	25.5462	-6.91739	-6.91742	0.000277677	-0.539116	-0.549673	0.00926808
108001	0.352798	0.361384	0.000171259	0.52713	0.539958	25.0563	-7.44455	-7.45738	25.158	-6.91742	-6.91742	0.000270912	-0.469867	-0.550837	0.00914873
108201	0.373439	0.361249	0.000172349	0.55797	0.539756	25.2157	-7.47539	-7.45718	25.3179	-6.91742	-6.91742	0.000268805	-0.65878	-0.549923	0.0091922
108401	0.360843	0.361411	0.00017047	0.53915	0.539998	24.9408	-7.45661	-7.45742	25.0421	-6.91746	-6.91742	0.000266919	-0.531305	-0.550989	0.0090806
108601	0.373232	0.361421	0.000168667	0.557661	0.540013	24.677	-7.47508	-7.45744	24.7763	-6.91742	-6.91742	0.000261527	-0.645067	-0.550779	0.00900744
108801	0.352607	0.361199	0.000169187	0.526845	0.539682	24.7531	-7.44422	-7.4571	24.8554	-6.91738	-6.91742	0.000269271	-0.473078	-0.549364	0.0090026
109001	0.347247	0.361344	0.000169558	0.518836	0.539899	24.8073	-7.43626	-7.45732	24.9089	-6.91742	-6.91742	0.000264668	-0.470559	-0.55043	0.00902505
109201	0.35641	0.361346	0.00016875	0.532526	0.539902	24.6892	-7.44991	-7.45732	24.7898	-6.91738	-6.91742	0.00026111	-0.518034	-0.550554	0.00897419
109401	0.35696	0.361301	0.000167797	0.533348	0.539834	24.5498	-7.45081	-7.45725	24.6494	-6.91746	-6.91742	0.00025717	-0.514042	-0.550255	0.00892255
109601	0.342874	0.361292	0.000165405	0.512301	0.539821	24.1998	-7.42968	-7.45724	24.298	-6.91738	-6.91742	0.00025366	-0.450586	-0.550588	0.00880163
109801	0.353879	0.361415	0.00016533	0.528745	0.540004	24.1888	-7.44615	-7.45743	24.2867	-6.91741	-6.91742	0.000250958	-0.49849	-0.551659	0.00880393
110001	0.399224	0.36135	0.00017155	0.596496	0.539907	25.0988	-7.51406	-7.45733	25.2	-6.91757	-6.91742	0.000251893	-0.851559	-0.551428	0.00917712
110201	0.351159	0.361358	0.000172069	0.524681	0.53992	25.1748	-7.44212	-7.45734	25.2759	-6.91744	-6.91742	0.000252502	-0.492987	-0.551768	0.00921765
110401	0.359871	0.361389	0.000170114	0.537698	0.539967	24.8888	-7.45512	-7.45739	24.9887	-6.91742	-6.91742	0.000249947	-0.554738	-0.552055	0.00910298
110601	0.372461	0.361302	0.000171118	0.556509	0.539836	25.0357	-7.47398	-7.45726	25.1354	-6.91747	-6.91742	0.000246976	-0.639751	-0.551612	0.00913923
110801	0.382163	0.361243	0.000170377	0.571005	0.539748	24.9272	-7.48851	-7.45717	25.0252	-6.91751	-6.91742	0.000244309	-0.733469	-0.551387	0.00907993
111001	0.344763	0.361404	0.000174788	0.515124	0.539989	25.5726	-7.4325	-7.45741	25.6729	-6.91738	-6.91742	0.000248287	-0.446594	-0.552622	0.00935195
111201	0.3629	0.361353	0.00017334	0.542224	0.539912	25.3608	-7.45969	-7.45734	25.4602	-6.91747	-6.91742	0.000245144	-0.573729	-0.552337	0.00927458
111401	0.356016	0.361349	0.000170762	0.531939	0.539906	24.9836	-7.44936	-7.45733	25.0813	-6.91742	-6.91743	0.000241955	-0.501577	-0.552248	0.00913597
111601	0.366011	0.361363	0.000168311	0.546871	0.539927	24.6249	-7.46434	-7.45735	24.7213	-6.91747	-6.91743	0.000238384	-0.603232	-0.552254	0.00900486
111801	0.361916	0.361406	0.000166154	0.540753	0.539992	24.3094	-7.45822	-7.45742	24.4047	-6.91747	-6.91743	0.000235878	-0.548873	-0.552764	0.00889978
112001	0.366139	0.36142	0.00016524	0.547063	0.540012	24.1756	-7.46453	-7.45744	24.2697	-6.91746	-6.91743	0.000232994	-0.593544	-0.552929	0.00889148
112201	0.35599	0.361346	0.00016369	0.531899	0.539902	23.9488	-7.44936	-7.45733	24.0411	-6.91746	-6.91743	0.000230056	-0.514708	-0.552368	0.00881002
112401	0.373443	0.361423	0.000166086	0.557976	0.540017	24.2994	-7.47541	-7.45744	24.3929	-6.91744	-6.91743	0.000229482	-0.630775	-0.553059	0.00895808
112601	0.35516	0.361451	0.000164388	0.530659	0.540059	24.051	-7.44808	-7.45749	24.1433	-6.91742	-6.91743	0.000226026	-0.505627	-0.55326	0.00885366
112801	0.368143	0.361477	0.000163101	0.550057	0.540097	23.8627	-7.46742	-7.45752	23.9534	-6.91736	-6.91743	0.000224028	-0.593835	-0.553452	0.00878907
113001	0.37025	0.361361	0.000162851	0.553205	0.539924	23.8261	-7.47059	-7.45735	23.9187	-6.91739	-6.91743	0.000231936	-0.632919	-0.552705	0.00876852
113201	0.353958	0.361441	0.000162067	0.528864	0.540044	23.7115	-7.4462	-7.45747	23.8029	-6.91733	-6.91742	0.000229483	-0.483297	-0.553293	0.00873533
113401	0.378094	0.36134	0.000163007	0.564925	0.539893	23.849	-7.48231	-7.45732	23.9416	-6.91738	-6.91742	0.0002383	-0.678449	-0.552666	0.00877507
113601	0.365396	0.361472	0.000163999	0.545952	0.54009	23.994	-7.46338	-7.45751	24.0859	-6.91743	-6.91742	0.000235584	-0.596607	-0.553668	0.00885968
113801	0.383283	0.361405	0.000163606	0.572679	0.53999	23.9365	-7.49015	-7.45741	24.0282	-6.91747	-6.91742	0.000233709	-0.724124	-0.553289	0.00882736
114001	0.354954	0.361506	0.000166327	0.530351	0.540141	24.3346	-7.44774	-7.45756	24.4261	-6.91739	-6.91742	0.000231546	-0.502841	-0.553984	0.00898514
114201	0.365038	0.361424	0.000170639	0.545418	0.540018	24.9656	-7.46289	-7.45744	25.0578	-6.91747	-6.91742	0.000229815	-0.583646	-0.553443	0.00922675
114401	0.358699	0.361428	0.000172709	0.535947	0.540024	25.2684	-7.4533	-7.45745	25.3622	-6.91735	-6.91742	0.000230308	-0.544666	-0.553428	0.0093749
114601	0.368072	0.36146	0.000170715	0.549951	0.540071	24.9766	-7.46732	-7.45749	25.0688	-6.91737	-6.91742	0.000229327	-0.618785	-0.55385	0.00928125
114801	0.360966	0.361367	0.000169783	0.539334	0.539934	24.8403	-7.45677	-7.45736	24.9324	-6.91743	-6.91742	0.000229065	-0.543771	-0.553272	0.00921486
115001	0.373955	0.361451	0.000168594	0.558741	0.540059	24.6663	-7.4762	-7.45748	24.758	-6.91746	-6.91742	0.000227312	-0.661064	-0.553997	0.00915893
115201	0.357328	0.361388	0.000168048	0.533899	0.539964	24.5865	-7.4513	-7.45739	24.6779	-6.9174	-6.91742	0.000225438	-0.528874	-0.55362	0.00912287
115401	0.352221	0.361492	0.000171321	0.526268	0.54012	25.0654	-7.44366	-7.45754	25.157	-6.91739	-6.91742	0.000223518	-0.513547	-0.554529	0.00928837
115601	0.348733	0.361401	0.000171323	0.521056	0.539984	25.0656	-7.43846	-7.45741	25.1577	-6.91741	-6.91742	0.000224042	-0.478305	-0.554041	0.00927867
115801	0.375344	0.361481	0.000171485	0.560816	0.540104	25.0893	-7.47825	-7.45753	25.1809	-6.91743	-6.91742	0.000221786	-0.66958	-0.554735	0.00929733
116001	0.3626	0.361448	0.000171294	0.541776	0.540054	25.0614	-7.45915	-7.45748	25.1526	-6.91738	-6.91742	0.000220596	-0.551899	-0.55461	0.00927494
116201	0.344099	0.361407	0.000170546	0.514132	0.539993	24.9519	-7.43148	-7.45741	25.0427	-6.91735	-6.91742	0.00021932	-0.420031	-0.5541	0.00925599
116401	0.362071	0.361385	0.000170678	0.540985	0.53996	24.9713	-7.45847	-7.45738	25.0618	-6.91748	-6.91742	0.000218313	-0.538797	-0.553874	0.00926776
116601	0.343351	0.361433	0.000169538	0.513015	0.540031	24.8044	-7.43049	-7.45745	24.8948	-6.91748	-6.91742	0.000219804	-0.416067	-0.554015	0.00918996
116801	0.358977	0.361397	0.000171884	0.536363	0.539977	25.1477	-7.45371	-7.4574	25.2395	-6.91735	-6.91742	0.000221903	-0.534761	-0.553685	0.00931425
117001	0.400486	0.36147	0.000173933	0.598382	0.540086	25.4475	-7.51599	-7.45751	25.5414	-6.9176	-6.91742	0.000226945	-0.838801	-0.554222	0.00941957
117201	0.358382	0.36144	0.000174153	0.535473	0.540042	25.4797	-7.45293	-7.45747	25.5735	-6.91746	-6.91742	0.000227535	-0.537432	-0.554074	0.00942362
117401	0.348844	0.361484	0.000173685	0.521221	0.540108	25.4112	-7.43862	-7.45753	25.5045	-6.91739	-6.91742	0.000225683	-0.451352	-0.554351	0.00938947
117601	0.32917	0.361459	0.000176835	0.491827	0.54007	25.872	-7.40926	-7.45749	25.9659	-6.91743	-6.91742	0.000224632	-0.305407	-0.554071	0.00957648
117801	0.384182	0.361423	0.000178448	0.574023	0.540016	26.1081	-7.49147	-7.45744	26.2019	-6.91745	-6.91742	0.000223564	-0.717541	-0.55374	0.0096635
118001	0.347115	0.361474	0.00017743	0.518638	0.540093	25.9591	-7.43597	-7.45752	26.0522	-6.91733	-6.91742	0.000222219	-0.453759	-0.554141	0.00961002
118201	0.373596	0.361435	0.000176908	0.558205	0.540035	25.8827	-7.47567	-7.45746	25.9761	-6.91747	-6.91742	0.000222823	-0.63619	-0.553974	0.00957574
118401	0.362738	0.361486	0.000176773	0.541981	0.540111	25.8629	-7.45941	-7.45753	25.9568	-6.91743	-6.91742	0.000223397	-0.543605	-0.554322	0.00957257
118601	0.339768	0.361376	0.000179252	0.507661	0.539946	26.2256	-7.42498	-7.45737	26.3216	-6.91732	-6.91742	0.000225236	-0.411356	-0.553459	0.00969433
118801	0.360663	0.36145	0.000178524	0.538881	0.540057	26.1192	-7.45636	-7.45748	26.214	-6.91748	-6.91742	0.000223862	-0.551879	-0.554115	0.00967033
119001	0.35582	0.361518	0.000179102	0.531645	0.540158	26.2038	-7.44897	-7.45758	26.2997	-6.91733	-6.91742	0.000226378	-0.499727	-0.554598	0.00971501
119201	0.371465	0.361452	0.000179442	0.555021	0.54006	26.2535	-7.4724	-7.45748	26.3507	-6.91738	-6.91742	0.000232763	-0.625615	-0.554117	0.00972974
119401	0.363667	0.361402	0.000178659	0.543369	0.539986	26.1389	-7.46073	-7.45741	26.2359	-6.91736	-6.91742	0.000232963	-0.578518	-0.553741	0.00968473
119601	0.357611	0.361427	0.000177855	0.53432	0.540023	26.0212	-7.45174	-7.45744	26.1172	-6.91742	-6.91742	0.000231159	-0.506189	-0.553841	0.00964789
119801	0.366633	0.361419	0.000176371	0.547801	0.540011	25.8041	-7.46524	-7.45743	25.8992	-6.91744	-6.91742	0.000228964	-0.608092	-0.553761	0.00956047
120001	0.348684	0.361471	0.000175386	0.520983	0.540089	25.6601	-7.43837	-7.45751	25.7548	-6.91739	-6.91742	0.000228541	-0.459491	-0.554111	0.00950987
120201	0.37755	0.361488	0.000174362	0.564113	0.540115	25.5103	-7.48164	-7.45754	25.6049	-6.91753	-6.91742	0.000229472	-0.648191	-0.554168	0.00945078
120401	0.389133	0.361481	0.000176726	0.58142	0.540103	25.8562	-7.49892	-7.45752	25.9518	-6.9175	-6.91742	0.00022896	-0.755854	-0.554158	0.0095618
120601	0.36679	0.361472	0.000176357	0.548036	0.54009	25.8021	-7.46545	-7.45751	25.8978	-6.91741	-6.91742	0.000228502	-0.595115	-0.55405	0.00953574
120801	0.388529	0.361479	0.000175321	0.580517	0.540101	25.6505	-7.4981	-7.45752	25.746	-6.91758	-6.91742	0.000229916	-0.762253	-0.554161	0.00948303
121001	0.338521	0.361458	0.000178495	0.505799	0.540069	26.1149	-7.42312	-7.45749	26.2138	-6.91732	-6.91742	0.000234973	-0.39583	-0.554067	0.00964526
121201	0.331407	0.361521	0.000179463	0.495169	0.540164	26.2565	-7.41247	-7.45759	26.3559	-6.9173	-6.91742	0.000234703	-0.336871	-0.554527	0.0096903
121401	0.37203	0.361468	0.000181388	0.555866	0.540084	26.5383	-7.47326	-7.45751	26.6386	-6.9174	-6.91742	0.000236407	-0.60535	-0.554096	0.00980554
121601	0.380956	0.361455	0.000183319	0.569202	0.540065	26.8207	-7.48667	-7.45749	26.9211	-6.91747	-6.91742	0.00023487	-0.686144	-0.553926	0.00991694
121801	0.3688	0.361466	0.000185879	0.551039	0.540081	27.1952	-7.46844	-7.4575	27.2966	-6.9174	-6.91742	0.000235087	-0.619663	-0.55407	0.0100337
122001	0.366437	0.361512	0.000184533	0.547508	0.540149	26.9983	-7.465	-7.45757	27.0994	-6.9175	-6.91742	0.000237827	-0.609544	-0.554403	0.0099642
122201	0.343976	0.361527	0.000183263	0.513948	0.540172	26.8126	-7.43124	-7.45759	26.9132	-6.91729	-6.91742	0.00023828	-0.426431	-0.554595	0.00990261
122401	0.357352	0.36151	0.000184237	0.533934	0.540147	26.955	-7.45131	-7.45757	27.0565	-6.91737	-6.91742	0.000239688	-0.523331	-0.554451	0.00994516
122601	0.372878	0.361541	0.000183586	0.557132	0.540193	26.8598	-7.47462	-7.45761	26.9612	-6.91749	-6.91742	0.000238939	-0.64105	-0.554676	0.00991795
122801	0.361805	0.361474	0.000183218	0.540588	0.540092	26.8059	-7.45797	-7.45751	26.9076	-6.91738	-6.91742	0.00023997	-0.548673	-0.55421	0.0098933
123001	0.368081	0.36152	0.000183434	0.549964	0.540161	26.8375	-7.4674	-7.45758	26.9388	-6.91744	-6.91742	0.000238393	-0.627537	-0.554528	0.0099188
123201	0.380533	0.361519	0.000182425	0.568569	0.54016	26.6899	-7.48605	-7.45758	26.7905	-6.91748	-6.91742	0.000237053	-0.681345	-0.554543	0.00986188
123401	0.354162	0.361472	0.000183315	0.529167	0.54009	26.8201	-7.44648	-7.45751	26.9217	-6.91731	-6.91742	0.000238179	-0.492559	-0.55416	0.00989445
123601	0.363542	0.36146	0.000182183	0.543183	0.540073	26.6545	-7.46063	-7.45749	26.7552	-6.91745	-6.91742	0.000237296	-0.579282	-0.553867	0.00984614
123801	0.378255	0.361532	0.000182528	0.565166	0.540179	26.7051	-7.48267	-7.4576	26.8067	-6.91751	-6.91742	0.000240204	-0.69731	-0.554398	0.00988404
124001	0.367765	0.361475	0.000182316	0.549492	0.540094	26.674	-7.46693	-7.45751	26.776	-6.91744	-6.91742	0.00024028	-0.607246	-0.554073	0.00986264
124201	0.362646	0.361473	0.000181207	0.541845	0.540092	26.5118	-7.45932	-7.45751	26.6133	-6.91747	-6.91742	0.000239072	-0.565784	-0.554021	0.00980836
124401	0.360975	0.361531	0.000180921	0.539348	0.540178	26.4698	-7.45681	-7.4576	26.5716	-6.91746	-6.91742	0.000240542	-0.54556	-0.554381	0.00978273
124601	0.364891	0.36149	0.000180295	0.545198	0.540116	26.3782	-7.46266	-7.45754	26.479	-6.91746	-6.91742	0.000239212	-0.586282	-0.554038	0.00974547
124801	0.349322	0.361507	0.000179969	0.521937	0.540142	26.3306	-7.43943	-7.45756	26.4308	-6.9175	-6.91742	0.000239463	-0.462443	-0.554052	0.00973068
125001	0.345254	0.36156	0.000180129	0.515859	0.540221	26.354	-7.4333	-7.45764	26.4539	-6.91744	-6.91742	0.000239196	-0.437399	-0.5544	0.00973085
125201	0.358884	0.361498	0.000179429	0.536224	0.540128	26.2516	-7.45365	-7.45755	26.3515	-6.91743	-6.91742	0.000239727	-0.555747	-0.553936	0.00969646
125401	0.357056	0.361541	0.000178852	0.533492	0.540193	26.1671	-7.45096	-7.45762	26.2672	-6.91747	-6.91742	0.000241427	-0.54359	-0.554257	0.00966763
125601	0.353025	0.361575	0.000178021	0.527469	0.540244	26.0456	-7.44484	-7.45767	26.1454	-6.91737	-6.91742	0.000240676	-0.496028	-0.554495	0.00961656
125801	0.362477	0.361493	0.000178243	0.541591	0.540121	26.0781	-7.45894	-7.45754	26.1794	-6.91735	-6.91742	0.000246352	-0.552494	-0.553933	0.00961822
126001	0.36308	0.361528	0.000177765	0.542493	0.540173	26.0082	-7.45999	-7.4576	26.1096	-6.9175	-6.91742	0.00024635	-0.562723	-0.554206	0.00959598
126201	0.373178	0.361561	0.000177125	0.557581	0.540223	25.9145	-7.4751	-7.45765	26.0158	-6.91752	-6.91742	0.000247196	-0.640134	-0.554445	0.00956577
126401	0.361865	0.361532	0.000176269	0.540677	0.54018	25.7892	-7.45799	-7.4576	25.8901	-6.91732	-6.91742	0.000247516	-0.546877	-0.554145	0.00952555
126601	0.381231	0.36148	0.000175866	0.569613	0.540102	25.7303	-7.48707	-7.45752	25.8319	-6.91746	-6.91742	0.00025111	-0.702174	-0.553772	0.00950249
126801	0.365857	0.36153	0.000175634	0.546641	0.540176	25.6964	-7.46401	-7.4576	25.7977	-6.91737	-6.91742	0.000250815	-0.605039	-0.55419	0.00949625
127001	0.354883	0.361478	0.000176418	0.530245	0.540099	25.8111	-7.44756	-7.45752	25.9136	-6.91732	-6.91742	0.00025723	-0.515297	-0.553886	0.00952952
127201	0.388016	0.361486	0.000176657	0.579751	0.54011	25.846	-7.49725	-7.45753	25.9485	-6.9175	-6.91742	0.000257602	-0.762863	-0.553964	0.00955001
127401	0.348638	0.361508	0.000176369	0.520914	0.540144	25.8039	-7.43826	-7.45757	25.9064	-6.91735	-6.91742	0.000256825	-0.474964	-0.554212	0.00954108
127601	0.359892	0.361507	0.000175338	0.53773	0.540142	25.653	-7.4551	-7.45756	25.7548	-6.91737	-6.91742	0.000256386	-0.540104	-0.554167	0.0094846
127801	0.361939	0.361493	0.000174371	0.540787	0.540121	25.5116	-7.45823	-7.45754	25.613	-6.91745	-6.91742	0.00025591	-0.548682	-0.554103	0.00943423
128001	0.341982	0.361463	0.000176207	0.510969	0.540077	25.7803	-7.42826	-7.4575	25.8831	-6.91729	-6.91742	0.000257249	-0.421315	-0.553997	0.00953808
128201	0.360667	0.361501	0.000176313	0.538887	0.540133	25.7957	-7.45634	-7.45755	25.8988	-6.91745	-6.91742	0.000256905	-0.559335	-0.554311	0.00955149
128401	0.35565	0.361501	0.000175454	0.531391	0.540133	25.6701	-7.44876	-7.45755	25.7726	-6.91737	-6.91742	0.000255709	-0.505446	-0.554363	0.00950782
128601	0.376467	0.361482	0.000174973	0.562494	0.540105	25.5996	-7.47992	-7.45752	25.7021	-6.91743	-6.91742	0.00025535	-0.668755	-0.554244	0.00947868
128801	0.368856	0.36151	0.000175026	0.551123	0.540146	25.6074	-7.46858	-7.45757	25.7097	-6.91745	-6.91742	0.000254079	-0.598044	-0.55444	0.00946822
129001	0.363361	0.361453	0.000175244	0.542913	0.540062	25.6393	-7.46031	-7.45748	25.7422	-6.9174	-6.91742	0.000255416	-0.571975	-0.554006	0.00947499
129201	0.376597	0.361474	0.000174257	0.562689	0.540093	25.4949	-7.48017	-7.45751	25.5973	-6.91748	-6.91742	0.000254317	-0.663794	-0.554176	0.00942158
129401	0.358668	0.361444	0.00017434	0.5359	0.540048	25.507	-7.45331	-7.45747	25.6094	-6.91741	-6.91742	0.000253852	-0.534267	-0.553845	0.00943325
129601	0.360735	0.361467	0.00017419	0.538989	0.540082	25.4851	-7.45646	-7.4575	25.5875	-6.91747	-6.91742	0.000253523	-0.542441	-0.554021	0.00942485
129801	0.365715	0.361459	0.000173413	0.54643	0.54007	25.3714	-7.46385	-7.45749	25.4732	-6.91742	-6.91742	0.000252236	-0.608583	-0.55394	0.00938397
130001	0.361498	0.361472	0.000172843	0.540129	0.54009	25.288	-7.45749	-7.45751	25.3895	-6.91736	-6.91742	0.000251194	-0.570053	-0.554065	0.0093548
130201	0.357702	0.361443	0.000172123	0.534457	0.540046	25.1827	-7.45188	-7.45747	25.2836	-6.91743	-6.91742	0.00024979	-0.515616	-0.553949	0.00931271
130401	0.382825	0.36145	0.000173586	0.571995	0.540057	25.3967	-7.48945	-7.45748	25.4978	-6.91746	-6.91742	0.000248627	-0.72386	-0.554026	0.00937245
130601	0.344529	0.361481	0.000173116	0.514775	0.540103	25.3279	-7.43213	-7.45752	25.4287	-6.91735	-6.91742	0.000247399	-0.432178	-0.5542	0.00934826
130801	0.386283	0.361465	0.000174036	0.577161	0.54008	25.4625	-7.49479	-7.4575	25.5647	-6.91763	-6.91742	0.000251541	-0.714583	-0.554013	0.00938313
131001	0.37328	0.361478	0.000174024	0.557733	0.5401	25.4608	-7.4752	-7.45752	25.5633	-6.91747	-6.91742	0.000255904	-0.629812	-0.554005	0.00937487
131201	0.364279	0.361468	0.000173533	0.544284	0.540083	25.389	-7.46172	-7.4575	25.491	-6.91744	-6.91742	0.000254561	-0.575283	-0.553867	0.00935412
131401	0.340618	0.361511	0.000173829	0.508931	0.540148	25.4323	-7.42631	-7.45757	25.5346	-6.91738	-6.91742	0.00025477	-0.390051	-0.554234	0.00937403
131601	0.370006	0.361452	0.000173664	0.55284	0.54006	25.4081	-7.47038	-7.45748	25.5106	-6.91754	-6.91742	0.000254906	-0.601191	-0.55377	0.00937218
131801	0.362358	0.361504	0.000173072	0.541414	0.540137	25.3215	-7.45888	-7.45756	25.4243	-6.91747	-6.91742	0.000258022	-0.56367	-0.554075	0.00933159
132001	0.352473	0.361464	0.000172494	0.526644	0.540079	25.237	-7.44403	-7.4575	25.3394	-6.91738	-6.91742	0.000256773	-0.49546	-0.553803	0.00929794
132201	0.335337	0.361491	0.000173281	0.501041	0.540119	25.3521	-7.41833	-7.45754	25.4546	-6.91729	-6.91742	0.000256436	-0.367813	-0.553943	0.00933671
132401	0.340749	0.361477	0.000176032	0.509127	0.540098	25.7546	-7.42656	-7.45752	25.8579	-6.91744	-6.91742	0.000256879	-0.398819	-0.553897	0.00948218
132601	0.355541	0.361487	0.000175283	0.531228	0.540113	25.645	-7.44862	-7.45753	25.7477	-6.91739	-6.91742	0.000255522	-0.523216	-0.553965	0.00944204
132801	0.363657	0.361501	0.000175056	0.543355	0.540133	25.6118	-7.46073	-7.45755	25.7142	-6.91738	-6.91742	0.000254865	-0.573986	-0.55414	0.00943177
133001	0.355516	0.361449	0.000175025	0.531191	0.540056	25.6073	-7.44858	-7.45748	25.7102	-6.91738	-6.91742	0.000255854	-0.504969	-0.553816	0.00942348
133201	0.332954	0.361481	0.00017624	0.49748	0.540103	25.785	-7.41473	-7.45752	25.889	-6.91725	-6.91742	0.000256907	-0.344228	-0.554079	0.0094983
133401	0.373243	0.361413	0.000177193	0.557678	0.540002	25.9245	-7.47507	-7.45742	26.03	-6.91739	-6.91742	0.000261625	-0.644265	-0.553642	0.00953841
133601	0.349485	0.361466	0.000177624	0.52218	0.540082	25.9875	-7.43955	-7.4575	26.093	-6.91738	-6.91742	0.000260638	-0.490945	-0.554089	0.00955932
133801	0.337189	0.361445	0.00017784	0.503807	0.54005	26.0191	-7.42112	-7.45747	26.1248	-6.91731	-6.91742	0.000261462	-0.390078	-0.554028	0.00956086
134001	0.348068	0.361443	0.000177213	0.520062	0.540047	25.9274	-7.43744	-7.45747	26.0326	-6.91737	-6.91742	0.000261153	-0.460582	-0.554126	0.00953235
134201	0.382007	0.361445	0.0001767	0.570772	0.540049	25.8523	-7.48825	-7.45747	25.9571	-6.91747	-6.91742	0.000260009	-0.725542	-0.554207	0.00950933
134401	0.375255	0.3615	0.000177212	0.560683	0.540132	25.9273	-7.47809	-7.45755	26.0324	-6.9174	-6.91742	0.000259942	-0.66311	-0.554659	0.00953472
134601	0.376194	0.361443	0.000178527	0.562087	0.540047	26.1197	-7.4795	-7.45747	26.2253	-6.91741	-6.91742	0.000259847	-0.655373	-0.554154	0.00962979
134801	0.370421	0.36145	0.000179058	0.553461	0.540057	26.1973	-7.47097	-7.45748	26.3031	-6.91751	-6.91742	0.000259705	-0.622535	-0.55419	0.00965564
135001	0.340501	0.361454	0.00017846	0.508757	0.540064	26.1099	-7.42612	-7.45748	26.2154	-6.91736	-6.91742	0.000259255	-0.409407	-0.554245	0.00962429
135201	0.342091	0.361428	0.000178501	0.511133	0.540024	26.1158	-7.4285	-7.45744	26.2212	-6.91737	-6.91742	0.000258708	-0.418622	-0.554109	0.00962282
135401	0.34701	0.361442	0.000178203	0.518482	0.540046	26.0722	-7.43593	-7.45747	26.1771	-6.91745	-6.91742	0.000257388	-0.440534	-0.554195	0.00960803
135601	0.359332	0.361442	0.000177454	0.536893	0.540045	25.9626	-7.45431	-7.45746	26.067	-6.91741	-6.91742	0.000257257	-0.539688	-0.554158	0.00956912
135801	0.362937	0.361476	0.000177232	0.542279	0.540096	25.9301	-7.45969	-7.45752	26.0341	-6.91741	-6.91742	0.000255909	-0.573047	-0.554449	0.00956123
136001	0.360565	0.361428	0.000176812	0.538735	0.540024	25.8686	-7.45612	-7.45744	25.9726	-6.91738	-6.91742	0.000256435	-0.548791	-0.554086	0.00953884
136201	0.368611	0.361464	0.00017683	0.550757	0.540078	25.8714	-7.46822	-7.4575	25.9756	-6.91746	-6.91742	0.00025628	-0.608487	-0.55433	0.00953468
136401	0.352889	0.361447	0.000176357	0.527265	0.540053	25.8021	-7.44471	-7.45747	25.9058	-6.91745	-6.91742	0.000255008	-0.481691	-0.554232	0.00951008
136601	0.357271	0.361447	0.000176302	0.533814	0.540052	25.7941	-7.45124	-7.45747	25.8973	-6.91743	-6.91742	0.000253746	-0.544798	-0.554203	0.00950426
136801	0.349748	0.361438	0.000176089	0.522572	0.540039	25.763	-7.43995	-7.45746	25.8659	-6.91738	-6.91742	0.0002533	-0.483368	-0.554238	0.00948497
137001	0.355811	0.361476	0.000175649	0.531632	0.540096	25.6986	-7.44908	-7.45752	25.8013	-6.91745	-6.91742	0.000252462	-0.504577	-0.554507	0.00945999
137201	0.362892	0.361468	0.000176287	0.542212	0.540084	25.7919	-7.45966	-7.4575	25.8946	-6.91745	-6.91742	0.000251587	-0.575343	-0.55445	0.00949064
137401	0.36446	0.361452	0.000175485	0.544554	0.54006	25.6745	-7.462	-7.45748	25.7767	-6.91745	-6.91742	0.000250576	-0.562038	-0.554326	0.00944801
137601	0.383726	0.361452	0.000175127	0.573341	0.54006	25.6222	-7.49088	-7.45748	25.7242	-6.91754	-6.91742	0.000250098	-0.711802	-0.554325	0.00942318
137801	0.358877	0.361451	0.000174998	0.536213	0.540059	25.6034	-7.45365	-7.45748	25.7051	-6.91743	-6.91742	0.000250306	-0.536053	-0.554317	0.00941639
138001	0.361163	0.361469	0.000174312	0.539629	0.540086	25.5029	-7.45709	-7.45751	25.6045	-6.91746	-6.91742	0.000250823	-0.541607	-0.554378	0.0093734
138201	0.381951	0.361445	0.00017433	0.570689	0.54005	25.5056	-7.48826	-7.45747	25.6074	-6.91757	-6.91742	0.000251296	-0.694856	-0.554185	0.00937212
138401	0.366189	0.361456	0.000174107	0.547138	0.540067	25.473	-7.46462	-7.45749	25.5749	-6.91748	-6.91742	0.000252898	-0.596179	-0.554259	0.0093514
138601	0.354926	0.361462	0.000173583	0.53031	0.540075	25.3963	-7.44773	-7.4575	25.498	-6.91742	-6.91742	0.000252677	-0.522555	-0.554298	0.00931893
138801	0.379861	0.361476	0.000172947	0.567565	0.540096	25.3032	-7.48507	-7.45752	25.4047	-6.9175	-6.91742	0.00025263	-0.687709	-0.554462	0.00928538
139001	0.368072	0.361484	0.000172453	0.549952	0.540108	25.2309	-7.46743	-7.45753	25.3321	-6.91748	-6.91742	0.000251778	-0.586468	-0.554557	0.00925577
139201	0.371329	0.36149	0.00017187	0.554818	0.540117	25.1456	-7.47228	-7.45754	25.2464	-6.91746	-6.91742	0.000250728	-0.648788	-0.554564	0.009234
139401	0.351242	0.361475	0.00017144	0.524806	0.540094	25.0827	-7.44229	-7.45752	25.1829	-6.91749	-6.91742	0.000250218	-0.448768	-0.554415	0.00920932
139601	0.358634	0.361482	0.000170866	0.53585	0.540105	24.9987	-7.45326	-7.45753	25.0987	-6.91741	-6.91742	0.000250041	-0.536538	-0.554458	0.00917921
139801	0.367028	0.361484	0.000170619	0.548391	0.540108	24.9626	-7.46596	-7.45753	25.0627	-6.91757	-6.91742	0.000251259	-0.599881	-0.554473	0.00916701
140001	0.362774	0.361492	0.000170437	0.542036	0.54012	24.9359	-7.45947	-7.45754	25.0362	-6.91743	-6.91742	0.000254001	-0.569392	-0.554509	0.00915482
140201	0.370752	0.361487	0.000169829	0.553955	0.540112	24.8471	-7.47143	-7.45754	24.947	-6.91747	-6.91742	0.000252855	-0.638029	-0.554515	0.00912275
140401	0.351584	0.361498	0.000169111	0.525316	0.540128	24.742	-7.44278	-7.45755	24.8415	-6.91746	-6.91742	0.000253945	-0.486413	-0.554574	0.00908405
140601	0.368254	0.361498	0.000168383	0.550223	0.540129	24.6355	-7.46768	-7.45755	24.7346	-6.91746	-6.91742	0.000253404	-0.597937	-0.554551	0.0090441
140801	0.371688	0.361485	0.00016863	0.555354	0.540109	24.6716	-7.47276	-7.45753	24.7707	-6.91741	-6.91742	0.000252786	-0.641926	-0.554463	0.00906069
141001	0.347771	0.361465	0.000168347	0.519618	0.54008	24.6302	-7.43708	-7.4575	24.7288	-6.91746	-6.91742	0.000251766	-0.459836	-0.554333	0.00904315
141201	0.35848	0.361487	0.000168022	0.53562	0.540113	24.5826	-7.45307	-7.45754	24.6811	-6.91745	-6.91742	0.000252037	-0.534389	-0.554539	0.00902805
141401	0.371621	0.361483	0.000167493	0.555254	0.540107	24.5053	-7.4727	-7.45753	24.6034	-6.91745	-6.91742	0.000250934	-0.631676	-0.554593	0.0089972
141601	0.359371	0.361478	0.00016688	0.53695	0.540099	24.4156	-7.45436	-7.45752	24.5132	-6.91741	-6.91742	0.000249851	-0.52836	-0.55453	0.00896321
141801	0.36153	0.361462	0.000167277	0.540177	0.540074	24.4737	-7.45758	-7.4575	24.5714	-6.9174	-6.91742	0.000249019	-0.555383	-0.554396	0.00898212
142001	0.357115	0.361454	0.000166888	0.53358	0.540062	24.4167	-7.45103	-7.45749	24.514	-6.91745	-6.91742	0.000247925	-0.5061	-0.554383	0.00896365
142201	0.338468	0.361483	0.000167374	0.505719	0.540106	24.4878	-7.42316	-7.45753	24.5858	-6.91744	-6.91742	0.00025044	-0.399573	-0.554562	0.00898308
142401	0.357035	0.361486	0.000167801	0.533461	0.540111	24.5504	-7.45091	-7.45754	24.6483	-6.91745	-6.91742	0.000249934	-0.538283	-0.554603	0.0089957
142601	0.378668	0.361479	0.000167348	0.565783	0.540101	24.484	-7.48332	-7.45753	24.5815	-6.91754	-6.91743	0.00025014	-0.679553	-0.554588	0.0089693
142801	0.36538	0.361471	0.00016884	0.545929	0.540089	24.7023	-7.46333	-7.45751	24.8009	-6.9174	-6.91743	0.000251197	-0.591737	-0.554551	0.00903921
143001	0.373719	0.361479	0.000168505	0.558388	0.540101	24.6533	-7.47596	-7.45753	24.752	-6.91757	-6.91743	0.000251926	-0.64489	-0.554604	0.00902227
143201	0.364487	0.361492	0.0001681	0.544595	0.540119	24.5941	-7.46207	-7.45755	24.6928	-6.91747	-6.91743	0.000253229	-0.581299	-0.554734	0.00900295
143401	0.331676	0.361499	0.000168111	0.495571	0.54013	24.5956	-7.41294	-7.45756	24.6943	-6.91737	-6.91743	0.000252636	-0.34244	-0.554825	0.00900792
143601	0.384037	0.361504	0.000168563	0.573805	0.540137	24.6618	-7.49136	-7.45756	24.7606	-6.91755	-6.91743	0.00025309	-0.70548	-0.554859	0.00902493
143801	0.369371	0.361507	0.000168472	0.551892	0.540142	24.6485	-7.46941	-7.45757	24.7471	-6.91751	-6.91743	0.000254424	-0.603992	-0.554807	0.00902833
144001	0.353076	0.361494	0.000167897	0.527545	0.540123	24.5644	-7.44497	-7.45755	24.6626	-6.91743	-6.91743	0.000253564	-0.498174	-0.554689	0.00899754
144201	0.349586	0.361501	0.0001673	0.522331	0.540134	24.477	-7.43983	-7.45756	24.5748	-6.91749	-6.91743	0.00025307	-0.447801	-0.554665	0.00896786
144401	0.362783	0.361519	0.000167421	0.542049	0.54016	24.4947	-7.45951	-7.45759	24.5923	-6.91746	-6.91743	0.000252895	-0.551058	-0.5548	0.00897713
144601	0.363061	0.361491	0.000166957	0.542464	0.540119	24.4269	-7.45996	-7.45755	24.5239	-6.9175	-6.91743	0.000252338	-0.563797	-0.554523	0.00895971
144801	0.355547	0.361513	0.000167444	0.531238	0.540152	24.4981	-7.44865	-7.45758	24.5953	-6.91741	-6.91743	0.000252444	-0.508179	-0.554671	0.00899133
145001	0.337765	0.361524	0.000167452	0.504669	0.540168	24.4992	-7.42201	-7.4576	24.5963	-6.91734	-6.91743	0.00025161	-0.384232	-0.554775	0.00899412
145201	0.370659	0.361517	0.00016849	0.553817	0.540157	24.6511	-7.47139	-7.45758	24.7493	-6.91757	-6.91743	0.000253512	-0.622268	-0.554723	0.00905692
145401	0.37184	0.361537	0.000168269	0.555582	0.540187	24.6188	-7.47305	-7.45761	24.717	-6.91747	-6.91743	0.000255294	-0.618556	-0.554862	0.00904074
145601	0.371467	0.361514	0.000167872	0.555024	0.540153	24.5608	-7.47245	-7.45758	24.6586	-6.91743	-6.91743	0.000254313	-0.616291	-0.554646	0.00902337
145801	0.379204	0.361508	0.000168598	0.566583	0.540144	24.667	-7.48409	-7.45757	24.7648	-6.91751	-6.91743	0.000253584	-0.696637	-0.554614	0.00906098
146001	0.335588	0.361541	0.000169012	0.501416	0.540194	24.7276	-7.41883	-7.45762	24.8256	-6.91741	-6.91743	0.000253787	-0.371758	-0.554919	0.00909271
146201	0.364958	0.361515	0.00016963	0.545299	0.540154	24.8179	-7.46274	-7.45758	24.9158	-6.91744	-6.91743	0.000252803	-0.569059	-0.554688	0.00912594
146401	0.352578	0.361535	0.000169721	0.526801	0.540184	24.8313	-7.44426	-7.45761	24.9294	-6.91746	-6.91743	0.000253971	-0.488333	-0.554778	0.00912912
146601	0.347485	0.361515	0.000169299	0.519192	0.540154	24.7695	-7.43656	-7.45758	24.8673	-6.91737	-6.91743	0.000253425	-0.460684	-0.554635	0.00910497
146801	0.358256	0.361518	0.000169001	0.535286	0.540159	24.7259	-7.45279	-7.45759	24.8236	-6.9175	-6.91743	0.000252951	-0.528574	-0.554659	0.00908582
147001	0.35013	0.361528	0.000168696	0.523144	0.540173	24.6812	-7.44061	-7.4576	24.7787	-6.91746	-6.91743	0.000252743	-0.475869	-0.554734	0.00906631
147201	0.340001	0.361544	0.000169165	0.508009	0.540197	24.7499	-7.42537	-7.45763	24.8473	-6.91736	-6.91743	0.000252124	-0.3835	-0.554843	0.00909312
147401	0.364149	0.361506	0.000169419	0.54409	0.540141	24.787	-7.46154	-7.45757	24.8846	-6.91745	-6.91743	0.00025204	-0.557339	-0.554557	0.00911702
147601	0.352803	0.361515	0.000168983	0.527138	0.540155	24.7233	-7.44461	-7.45758	24.8207	-6.91748	-6.91743	0.000251916	-0.465991	-0.554583	0.00909675
147801	0.363517	0.361511	0.000168447	0.543146	0.540149	24.6449	-7.46068	-7.45758	24.7419	-6.91754	-6.91743	0.000253156	-0.568491	-0.554453	0.00907412
148001	0.342721	0.361513	0.000168528	0.512073	0.540151	24.6568	-7.42946	-7.45758	24.7539	-6.91739	-6.91743	0.000253316	-0.428416	-0.554469	0.00907317
148201	0.342307	0.361509	0.000168315	0.511455	0.540145	24.6255	-7.42886	-7.45757	24.7223	-6.9174	-6.91743	0.000252426	-0.408064	-0.554424	0.00905979
148401	0.344748	0.361527	0.000168581	0.515102	0.540172	24.6644	-7.43246	-7.4576	24.7612	-6.91735	-6.91743	0.000251874	-0.426015	-0.554549	0.00907893
148601	0.373028	0.361503	0.000168289	0.557356	0.540136	24.6217	-7.4748	-7.45757	24.7184	-6.91745	-6.91743	0.000251434	-0.628257	-0.554331	0.0090672
148801	0.362048	0.361508	0.00016784	0.54095	0.540144	24.556	-7.45846	-7.45757	24.6523	-6.91751	-6.91743	0.000251596	-0.555661	-0.554336	0.00904441
149001	0.363196	0.361499	0.000167711	0.542665	0.54013	24.5372	-7.46014	-7.45756	24.6334	-6.91747	-6.91743	0.000251422	-0.564078	-0.554279	0.0090328
149201	0.363255	0.361528	0.000167659	0.542754	0.540173	24.5295	-7.46022	-7.4576	24.6259	-6.91746	-6.91743	0.000252362	-0.568291	-0.554482	0.00902431
149401	0.364253	0.361515	0.00016709	0.544245	0.540154	24.4463	-7.46179	-7.45758	24.5423	-6.91754	-6.91743	0.000252159	-0.582382	-0.554415	0.00899243
149601	0.354776	0.361539	0.000166927	0.530085	0.54019	24.4224	-7.44749	-7.45762	24.5186	-6.9174	-6.91743	0.000252877	-0.519005	-0.554591	0.00898409
149801	0.371363	0.361533	0.000166876	0.554868	0.540182	24.415	-7.47235	-7.45761	24.5111	-6.91748	-6.91743	0.000252273	-0.633344	-0.554561	0.00897667
150001	0.382328	0.361532	0.000166934	0.571252	0.54018	24.4234	-7.48874	-7.45761	24.5195	-6.91749	-6.91743	0.000251638	-0.712295	-0.554579	0.00897987
150201	0.352857	0.361522	0.000166812	0.527219	0.540165	24.4056	-7.44467	-7.4576	24.5015	-6.91745	-6.91743	0.000250813	-0.496045	-0.554478	0.00897871
150401	0.34903	0.361523	0.000167691	0.521501	0.540166	24.5342	-7.43888	-7.4576	24.6305	-6.91738	-6.91743	0.000251124	-0.445023	-0.554447	0.00903042
150601	0.371231	0.361521	0.000167159	0.554671	0.540164	24.4563	-7.47216	-7.45759	24.5523	-6.91749	-6.91743	0.000250562	-0.634292	-0.55443	0.00900292
150801	0.348149	0.361528	0.000167269	0.520183	0.540174	24.4724	-7.43756	-7.4576	24.5686	-6.91738	-6.91743	0.000250813	-0.46579	-0.554494	0.00900528
151001	0.375559	0.361546	0.000167104	0.561137	0.540201	24.4484	-7.47865	-7.45763	24.5447	-6.91751	-6.91743	0.000251094	-0.662776	-0.554647	0.00899438
151201	0.370887	0.361544	0.000167404	0.554157	0.540197	24.4922	-7.47152	-7.45763	24.5882	-6.91736	-6.91743	0.000250548	-0.620825	-0.554637	0.00901023
151401	0.345717	0.361524	0.000167013	0.51655	0.540167	24.435	-7.43389	-7.4576	24.5311	-6.91734	-6.91743	0.000252541	-0.44932	-0.554512	0.00899056
151601	0.357981	0.361515	0.00016686	0.534873	0.540154	24.4127	-7.45232	-7.45758	24.5087	-6.91745	-6.91743	0.000251874	-0.518156	-0.554457	0.00897981
151801	0.356359	0.361525	0.000166362	0.53245	0.54017	24.3398	-7.44984	-7.4576	24.4356	-6.91739	-6.91743	0.000251364	-0.528719	-0.554509	0.00894963
152001	0.343094	0.36152	0.000166565	0.512631	0.540162	24.3696	-7.42995	-7.45759	24.4657	-6.91731	-6.91743	0.000252155	-0.407318	-0.5545	0.00896046
152201	0.365662	0.361531	0.00016635	0.54635	0.540178	24.338	-7.46382	-7.45761	24.434	-6.91747	-6.91743	0.000251638	-0.591769	-0.554616	0.00895712
152401	0.347313	0.361537	0.000165948	0.518935	0.540187	24.2793	-7.43628	-7.45762	24.3751	-6.91734	-6.91743	0.000251225	-0.465977	-0.554677	0.00893459
152601	0.34069	0.361531	0.00016564	0.509039	0.540178	24.2342	-7.42639	-7.45761	24.3298	-6.91735	-6.91743	0.000251441	-0.406125	-0.554631	0.00891564
152801	0.376553	0.361549	0.000165823	0.562624	0.540205	24.2609	-7.48015	-7.45764	24.3568	-6.91753	-6.91743	0.000251599	-0.680064	-0.554786	0.00892821
153001	0.351898	0.361556	0.000165667	0.525784	0.540216	24.2382	-7.44321	-7.45765	24.3339	-6.91742	-6.91743	0.000251362	-0.491973	-0.554893	0.00891992
153201	0.37508	0.361564	0.000165337	0.560422	0.540227	24.1899	-7.47794	-7.45766	24.2856	-6.91752	-6.91743	0.000251246	-0.618045	-0.554933	0.0088962
153401	0.363825	0.361546	0.000165357	0.543605	0.540201	24.1927	-7.46108	-7.45763	24.2884	-6.91748	-6.91743	0.00025083	-0.550735	-0.5547	0.00890428
153601	0.33724	0.361562	0.000165639	0.503884	0.540225	24.2341	-7.42127	-7.45766	24.3298	-6.91738	-6.91743	0.000250347	-0.365057	-0.554762	0.00891723
153801	0.369439	0.361557	0.000165693	0.551993	0.540216	24.2419	-7.46947	-7.45765	24.3375	-6.91747	-6.91743	0.000249746	-0.596272	-0.554706	0.00891999
154001	0.345688	0.361542	0.000165334	0.516507	0.540195	24.1894	-7.43391	-7.45763	24.2848	-6.9174	-6.91743	0.000249156	-0.436638	-0.554576	0.00890083
154201	0.351715	0.361545	0.000166032	0.525511	0.5402	24.2915	-7.44286	-7.45763	24.3868	-6.91735	-6.91743	0.000249334	-0.482099	-0.554597	0.00894244
154401	0.35965	0.361565	0.000165661	0.537367	0.540228	24.2373	-7.45467	-7.45766	24.332	-6.91731	-6.91743	0.000249958	-0.547208	-0.55481	0.0089315
154601	0.356869	0.361536	0.000165829	0.533213	0.540185	24.2618	-7.45053	-7.45761	24.3572	-6.91731	-6.91743	0.000255335	-0.538559	-0.554661	0.0089353
154801	0.373744	0.361542	0.000165433	0.558426	0.540194	24.204	-7.47579	-7.45762	24.299	-6.91736	-6.91743	0.000256408	-0.66146	-0.554768	0.00891636
155001	0.370392	0.361532	0.000165129	0.553418	0.540179	24.1594	-7.47075	-7.45761	24.2545	-6.91734	-6.91743	0.000259532	-0.636267	-0.554764	0.00889864
155201	0.355552	0.361555	0.00016525	0.531244	0.540214	24.1771	-7.4486	-7.45764	24.2718	-6.91736	-6.91743	0.000259134	-0.511973	-0.554989	0.00891252
155401	0.367372	0.361525	0.000164955	0.548906	0.54017	24.1339	-7.46628	-7.4576	24.2291	-6.91737	-6.91743	0.000262099	-0.620007	-0.554818	0.00889247
155601	0.362722	0.361554	0.000164691	0.541958	0.540213	24.0954	-7.45931	-7.45764	24.19	-6.91735	-6.91743	0.000261581	-0.578623	-0.555073	0.00888414
155801	0.36186	0.361547	0.000164425	0.540669	0.540201	24.0564	-7.45802	-7.45763	24.1511	-6.91735	-6.91743	0.000263849	-0.55841	-0.555059	0.00886329
156001	0.34395	0.361508	0.000164399	0.513909	0.540144	24.0526	-7.43124	-7.45757	24.1479	-6.91733	-6.91743	0.000266868	-0.427575	-0.554754	0.00886471
156201	0.357879	0.361546	0.000164628	0.534722	0.540201	24.086	-7.45211	-7.45763	24.181	-6.91738	-6.91743	0.000266141	-0.522412	-0.555043	0.00887915
156401	0.375489	0.361536	0.000164311	0.561034	0.540186	24.0397	-7.47843	-7.45761	24.1344	-6.91739	-6.91743	0.000265491	-0.665863	-0.554941	0.00886375
156601	0.362232	0.361524	0.000164541	0.541226	0.540168	24.0733	-7.45857	-7.45759	24.1684	-6.91734	-6.91743	0.00026746	-0.574356	-0.554853	0.00888005
156801	0.349133	0.361526	0.000164306	0.521653	0.54017	24.039	-7.43897	-7.4576	24.1338	-6.91732	-6.91743	0.000269999	-0.464652	-0.554892	0.00886956
157001	0.358896	0.361519	0.00016407	0.536242	0.54016	24.0044	-7.45359	-7.45759	24.0991	-6.91734	-6.91743	0.000270796	-0.541077	-0.554859	0.0088581
157201	0.371476	0.361517	0.000164366	0.555038	0.540157	24.0478	-7.47242	-7.45758	24.1425	-6.91738	-6.91743	0.000270708	-0.644912	-0.554867	0.00887202
157401	0.349198	0.361541	0.000164294	0.521751	0.540194	24.0372	-7.43911	-7.45762	24.1316	-6.91736	-6.91743	0.000269918	-0.466946	-0.55509	0.0088717
157601	0.380652	0.361533	0.000164333	0.568747	0.540182	24.0429	-7.48621	-7.45761	24.1375	-6.91746	-6.91743	0.000270229	-0.682463	-0.555022	0.00887039
157801	0.355115	0.361512	0.000164776	0.530592	0.54015	24.1077	-7.44789	-7.45758	24.2031	-6.9173	-6.91743	0.000272572	-0.507267	-0.55487	0.00889179
158001	0.381931	0.361529	0.00016463	0.570658	0.540175	24.0864	-7.48805	-7.4576	24.1813	-6.91739	-6.91743	0.000273039	-0.694643	-0.555031	0.00888853
158201	0.37071	0.361523	0.000164618	0.553892	0.540166	24.0846	-7.47125	-7.45759	24.1796	-6.91736	-6.91742	0.000274609	-0.623992	-0.555007	0.00888461
158401	0.361096	0.361524	0.000164346	0.539528	0.540167	24.0448	-7.45686	-7.45759	24.1395	-6.91734	-6.91742	0.000274568	-0.544779	-0.55501	0.00886941
158601	0.364133	0.361509	0.000163927	0.544066	0.540146	23.9836	-7.46147	-7.45757	24.0782	-6.9174	-6.91742	0.000275055	-0.580893	-0.554918	0.00884728
158801	0.368871	0.361519	0.000163702	0.551145	0.54016	23.9506	-7.46865	-7.45758	24.0449	-6.91751	-6.91742	0.000274473	-0.615722	-0.555013	0.0088344
159001	0.343564	0.361557	0.000164147	0.513333	0.540217	24.0158	-7.43069	-7.45764	24.1103	-6.91736	-6.91742	0.000274416	-0.434487	-0.55531	0.00885843
159201	0.370913	0.36151	0.00016452	0.554196	0.540146	24.0703	-7.47161	-7.45757	24.1652	-6.91742	-6.91742	0.000274806	-0.623785	-0.554927	0.00888654
159401	0.368182	0.361536	0.000164281	0.550116	0.540185	24.0353	-7.4676	-7.45761	24.1302	-6.91749	-6.91742	0.00027498	-0.614188	-0.555102	0.00887521
159601	0.37149	0.361541	0.000163827	0.555059	0.540193	23.9689	-7.47245	-7.45762	24.0636	-6.91739	-6.91742	0.000274752	-0.650736	-0.555145	0.00885055
159801	0.349621	0.361499	0.000165135	0.522383	0.54013	24.1602	-7.43963	-7.45755	24.2569	-6.91725	-6.91742	0.000280926	-0.459277	-0.554894	0.00891817
160001	0.382134	0.361504	0.000165142	0.570962	0.540138	24.1613	-7.48844	-7.45756	24.2578	-6.91748	-6.91742	0.000281368	-0.720828	-0.554928	0.00891975
160201	0.384213	0.361533	0.000165175	0.574068	0.540181	24.1661	-7.49154	-7.4576	24.2626	-6.91747	-6.91742	0.000281155	-0.724743	-0.555194	0.00892701
160401	0.368245	0.361506	0.000165253	0.55021	0.540141	24.1775	-7.46758	-7.45757	24.2744	-6.91737	-6.91742	0.000281937	-0.630609	-0.555045	0.00892679
160601	0.344766	0.36152	0.000164979	0.515128	0.540162	24.1374	-7.43238	-7.45759	24.234	-6.91726	-6.91742	0.000282694	-0.446074	-0.555186	0.00891483
160801	0.379615	0.361505	0.000164986	0.567198	0.540139	24.1385	-7.48466	-7.45756	24.2355	-6.91746	-6.91742	0.000283566	-0.699176	-0.555086	0.00891543
161001	0.355753	0.361519	0.000164664	0.531546	0.540161	24.0913	-7.4489	-7.45758	24.188	-6.91735	-6.91742	0.000282894	-0.515474	-0.555199	0.00889891
161201	0.378562	0.361507	0.000164512	0.565625	0.540142	24.0691	-7.48316	-7.45757	24.1658	-6.91753	-6.91742	0.000282721	-0.670508	-0.55511	0.00888679
161401	0.379162	0.361524	0.000164407	0.566521	0.540168	24.0538	-7.48398	-7.45759	24.1505	-6.91746	-6.91742	0.000283416	-0.686193	-0.555203	0.00888003
161601	0.362786	0.36152	0.000164379	0.542053	0.540162	24.0496	-7.45942	-7.45759	24.1462	-6.91737	-6.91742	0.000283335	-0.56759	-0.555151	0.0088815
161801	0.38241	0.361504	0.000164308	0.571374	0.540138	24.0392	-7.48885	-7.45756	24.1358	-6.91748	-6.91742	0.000282796	-0.69871	-0.555016	0.00887991
162001	0.357597	0.361514	0.000164072	0.534301	0.540152	24.0047	-7.45176	-7.45758	24.1011	-6.91746	-6.91742	0.00028243	-0.5362	-0.555103	0.0088661
162201	0.357477	0.361518	0.000163922	0.534121	0.540158	23.9829	-7.45151	-7.45758	24.0791	-6.91739	-6.91742	0.0002818	-0.519245	-0.555147	0.0088595
162401	0.373289	0.361525	0.000163852	0.557746	0.540169	23.9726	-7.47519	-7.45759	24.0688	-6.91745	-6.91742	0.000281142	-0.635276	-0.555184	0.00885389
162601	0.357627	0.361512	0.000163548	0.534346	0.54015	23.928	-7.45178	-7.45757	24.024	-6.91743	-6.91742	0.000280326	-0.524181	-0.555046	0.00884084
162801	0.377853	0.36154	0.000163535	0.564566	0.540192	23.9262	-7.48204	-7.45762	24.0222	-6.91748	-6.91742	0.000280015	-0.695067	-0.555245	0.00884012
163001	0.346158	0.361498	0.000163844	0.517209	0.540129	23.9715	-7.43456	-7.45755	24.068	-6.91736	-6.91742	0.000281027	-0.445679	-0.554954	0.00885597
163201	0.358484	0.361535	0.000164737	0.535625	0.540185	24.1021	-7.45301	-7.45761	24.199	-6.91739	-6.91742	0.000280783	-0.529078	-0.555235	0.00890612
163401	0.375223	0.361512	0.00016513	0.560637	0.540149	24.1595	-7.47801	-7.45757	24.2568	-6.91737	-6.91742	0.00028188	-0.660366	-0.555064	0.00892518
163601	0.383676	0.361523	0.000165129	0.573266	0.540167	24.1595	-7.49073	-7.45759	24.2567	-6.91746	-6.91742	0.000281362	-0.722704	-0.555176	0.00892592
163801	0.362284	0.361523	0.000164846	0.541304	0.540166	24.1179	-7.45868	-7.45759	24.2149	-6.91737	-6.91742	0.000280812	-0.561921	-0.555176	0.00891066
164001	0.357291	0.361527	0.000164446	0.533843	0.540172	24.0595	-7.45126	-7.4576	24.1561	-6.91742	-6.91742	0.000279978	-0.531455	-0.555225	0.00888892
164201	0.346423	0.361538	0.000164488	0.517605	0.540188	24.0656	-7.43491	-7.45761	24.1621	-6.91731	-6.91742	0.000279625	-0.465576	-0.555323	0.0088909
164401	0.346252	0.361516	0.000164307	0.51735	0.540156	24.0392	-7.43469	-7.45758	24.1359	-6.91734	-6.91742	0.000281162	-0.438946	-0.555168	0.00888103
164601	0.363637	0.361523	0.000163914	0.543326	0.540166	23.9817	-7.46067	-7.45759	24.0781	-6.91735	-6.91742	0.000280846	-0.577866	-0.555216	0.00886089
164801	0.376457	0.36152	0.000163701	0.562479	0.540161	23.9505	-7.47989	-7.45758	24.0469	-6.91742	-6.91742	0.000280843	-0.647303	-0.555162	0.00884641
165001	0.346696	0.36152	0.000163665	0.518012	0.540161	23.9452	-7.43531	-7.45758	24.0413	-6.9173	-6.91742	0.000281097	-0.45952	-0.555189	0.00884416
165201	0.330317	0.361518	0.000163624	0.49354	0.540159	23.9393	-7.41077	-7.45758	24.0354	-6.91723	-6.91742	0.000283194	-0.331361	-0.555183	0.00883819
165401	0.35376	0.361502	0.000164314	0.528566	0.540134	24.0401	-7.44595	-7.45756	24.1369	-6.91738	-6.91742	0.000286259	-0.489256	-0.555061	0.0088785
165601	0.379102	0.361509	0.000164069	0.566432	0.540145	24.0043	-7.48391	-7.45757	24.1011	-6.91748	-6.91742	0.000285914	-0.694831	-0.555104	0.00886727
165801	0.362224	0.361499	0.000163873	0.541214	0.540131	23.9757	-7.45859	-7.45755	24.0724	-6.91738	-6.91742	0.000285435	-0.568393	-0.55503	0.00885862
166001	0.377027	0.361502	0.000163652	0.563332	0.540134	23.9433	-7.48082	-7.45756	24.0397	-6.91749	-6.91742	0.000284709	-0.654014	-0.55505	0.00884756
166201	0.36898	0.361524	0.00016359	0.551308	0.540168	23.9342	-7.46865	-7.45759	24.0307	-6.91735	-6.91742	0.000284617	-0.633902	-0.555246	0.0088449
166401	0.359696	0.361511	0.000163375	0.537437	0.540148	23.9029	-7.45487	-7.45757	23.9993	-6.91743	-6.91742	0.000285115	-0.532719	-0.55515	0.00883379
166601	0.357078	0.361537	0.000163462	0.533524	0.540187	23.9155	-7.45098	-7.45761	24.0124	-6.91745	-6.91742	0.0002859	-0.519067	-0.555331	0.00883778
166801	0.382489	0.36153	0.000163816	0.571492	0.540176	23.9673	-7.48891	-7.4576	24.0642	-6.91742	-6.91742	0.000285804	-0.702275	-0.55522	0.00886469
167001	0.361951	0.361531	0.000163977	0.540805	0.540178	23.9909	-7.45825	-7.4576	24.0877	-6.91744	-6.91742	0.000285078	-0.577912	-0.555226	0.00887521
167201	0.369948	0.361526	0.000163645	0.552754	0.540171	23.9423	-7.47023	-7.45759	24.0388	-6.91748	-6.91742	0.000284356	-0.618617	-0.555157	0.0088619
167401	0.336415	0.361534	0.000163857	0.502651	0.540183	23.9734	-7.41999	-7.4576	24.0701	-6.91734	-6.91742	0.000284435	-0.373085	-0.555216	0.00887045
167601	0.357922	0.361521	0.00016376	0.534786	0.540164	23.959	-7.45218	-7.45759	24.0558	-6.91739	-6.91742	0.000284862	-0.533997	-0.55514	0.00886315
167801	0.37474	0.361522	0.00016345	0.559915	0.540164	23.9138	-7.47738	-7.45759	24.0104	-6.91746	-6.91742	0.000284206	-0.663124	-0.555171	0.00884736
168001	0.362094	0.361531	0.000163178	0.541019	0.540178	23.874	-7.45841	-7.4576	23.9704	-6.9174	-6.91742	0.000283781	-0.555306	-0.555259	0.00883177
168201	0.371284	0.361522	0.000162899	0.554751	0.540165	23.8331	-7.47228	-7.45759	23.9293	-6.91753	-6.91742	0.000283323	-0.607935	-0.555161	0.00881758
168401	0.372348	0.361538	0.00016273	0.55634	0.540188	23.8085	-7.47371	-7.45761	23.9047	-6.91737	-6.91742	0.000283555	-0.633673	-0.555257	0.00880571
168601	0.356915	0.361523	0.000162777	0.533281	0.540167	23.8152	-7.45067	-7.45759	23.9114	-6.91739	-6.91742	0.000283354	-0.516255	-0.555214	0.00880571
168801	0.36642	0.361532	0.000162402	0.547483	0.54018	23.7604	-7.46491	-7.4576	23.8564	-6.91743	-6.91742	0.000282584	-0.604298	-0.555274	0.00878467
169001	0.361569	0.361544	0.000162805	0.540235	0.540197	23.8193	-7.45765	-7.45762	23.9154	-6.91742	-6.91742	0.00028206	-0.555274	-0.55534	0.0088019
169201	0.358481	0.36152	0.000162588	0.535621	0.540162	23.7876	-7.453	-7.45758	23.8837	-6.91738	-6.91742	0.000281884	-0.519839	-0.555175	0.0087889
169401	0.360344	0.361522	0.000162218	0.538404	0.540165	23.7335	-7.45593	-7.45759	23.8293	-6.91752	-6.91742	0.00028158	-0.56039	-0.555225	0.00877217
169601	0.334988	0.361551	0.000162417	0.500519	0.540208	23.7626	-7.41788	-7.45763	23.8588	-6.91736	-6.91742	0.00028227	-0.358266	-0.555434	0.00878458
169801	0.375277	0.361519	0.000162762	0.560717	0.54016	23.8131	-7.47821	-7.45758	23.9096	-6.91749	-6.91742	0.000282427	-0.651813	-0.555161	0.00880767
170001	0.37282	0.361539	0.000162648	0.557045	0.54019	23.7964	-7.47452	-7.45761	23.893	-6.91747	-6.91742	0.000282483	-0.62904	-0.555309	0.0088027
170201	0.360451	0.361523	0.000162576	0.538564	0.540167	23.7858	-7.45598	-7.45759	23.8822	-6.91741	-6.91742	0.000281849	-0.528722	-0.555174	0.00880502
170401	0.364504	0.361525	0.000162137	0.54462	0.540169	23.7217	-7.46207	-7.45759	23.8178	-6.91745	-6.91742	0.000281072	-0.577764	-0.55521	0.00878358
170601	0.340003	0.361536	0.000162226	0.508012	0.540185	23.7347	-7.42548	-7.45761	23.8307	-6.91746	-6.91742	0.00028129	-0.411045	-0.555295	0.00878898
170801	0.371091	0.361543	0.000162246	0.554462	0.540196	23.7377	-7.47188	-7.45762	23.8335	-6.91742	-6.91742	0.000280609	-0.633089	-0.55537	0.0087908
171001	0.356707	0.36153	0.000162061	0.53297	0.540177	23.7106	-7.45035	-7.4576	23.8063	-6.91738	-6.91742	0.000280082	-0.513962	-0.555243	0.00878427
171201	0.354912	0.361522	0.000161889	0.530288	0.540164	23.6854	-7.44767	-7.45759	23.7811	-6.91738	-6.91742	0.00028035	-0.521403	-0.555214	0.00877076
171401	0.355962	0.361525	0.000161642	0.531858	0.540169	23.6492	-7.44925	-7.45759	23.7447	-6.91739	-6.91742	0.000279694	-0.53494	-0.555257	0.00875477
171601	0.355616	0.361528	0.000161574	0.53134	0.540174	23.6393	-7.44869	-7.4576	23.7347	-6.91735	-6.91742	0.000279128	-0.521729	-0.555277	0.00874773
171801	0.381479	0.361529	0.000161689	0.569983	0.540176	23.6561	-7.48749	-7.4576	23.7518	-6.91751	-6.91742	0.000279361	-0.680091	-0.555261	0.00874216
172001	0.369214	0.361526	0.000161801	0.551658	0.540171	23.6725	-7.4691	-7.45759	23.7681	-6.91744	-6.91742	0.000278857	-0.607262	-0.555241	0.0087458
172201	0.353908	0.361532	0.000161669	0.528789	0.54018	23.6531	-7.44627	-7.4576	23.7487	-6.91749	-6.91742	0.00027879	-0.473856	-0.555256	0.00873889
172401	0.356083	0.361525	0.000161443	0.532038	0.540169	23.6201	-7.44941	-7.45759	23.7156	-6.91737	-6.91742	0.000278317	-0.512863	-0.555192	0.00872633
172601	0.359134	0.36153	0.000161041	0.536596	0.540177	23.5613	-7.45412	-7.4576	23.6566	-6.91753	-6.91742	0.000278463	-0.522276	-0.5552	0.00870368
172801	0.359499	0.361525	0.000160758	0.537143	0.540169	23.5199	-7.45456	-7.45759	23.615	-6.91742	-6.91742	0.000278216	-0.516384	-0.555111	0.00869382
173001	0.379155	0.361537	0.000161127	0.566511	0.540187	23.5738	-7.48407	-7.45761	23.6692	-6.91756	-6.91742	0.000278429	-0.665065	-0.555175	0.00870785
173201	0.358245	0.36153	0.000160948	0.535269	0.540177	23.5477	-7.45274	-7.4576	23.6428	-6.91748	-6.91742	0.000278949	-0.498214	-0.55504	0.00870325
173401	0.367559	0.36153	0.000160536	0.549185	0.540176	23.4875	-7.46674	-7.4576	23.5823	-6.91755	-6.91742	0.00027965	-0.561826	-0.554966	0.00868324
173601	0.355583	0.361525	0.000160376	0.531291	0.540169	23.464	-7.44879	-7.45759	23.5587	-6.9175	-6.91742	0.000280494	-0.488074	-0.554826	0.00867918
173801	0.382109	0.361536	0.000160233	0.570925	0.540186	23.4431	-7.48845	-7.45761	23.5378	-6.91753	-6.91742	0.000281857	-0.701171	-0.554873	0.00866953
174001	0.358525	0.361531	0.000160439	0.535687	0.540178	23.4733	-7.45317	-7.4576	23.5679	-6.91748	-6.91742	0.000281636	-0.521387	-0.554784	0.00868624
174201	0.351451	0.361517	0.000160607	0.525117	0.540157	23.4979	-7.44248	-7.45758	23.5926	-6.91737	-6.91742	0.000281473	-0.469077	-0.554641	0.0086944
174401	0.373797	0.361523	0.000160333	0.558505	0.540166	23.4577	-7.47591	-7.45759	23.5522	-6.91741	-6.91742	0.000280856	-0.638657	-0.554661	0.00867921
174601	0.366302	0.361519	0.000160627	0.547306	0.54016	23.5007	-7.4648	-7.45758	23.5954	-6.91749	-6.91742	0.000280901	-0.590338	-0.554632	0.00869724
174801	0.3471	0.361514	0.000160317	0.518617	0.540152	23.4554	-7.43602	-7.45758	23.5499	-6.9174	-6.91742	0.000280338	-0.435335	-0.554577	0.00868143
175001	0.366421	0.361514	0.00016032	0.547484	0.540153	23.4558	-7.46489	-7.45758	23.5501	-6.9174	-6.91742	0.000279709	-0.592662	-0.55458	0.00868032
175201	0.355408	0.361522	0.000160074	0.531029	0.540165	23.4199	-7.44844	-7.45759	23.514	-6.91741	-6.91742	0.000279045	-0.496303	-0.554615	0.00866584
175401	0.362998	0.361517	0.000159833	0.54237	0.540158	23.3846	-7.45976	-7.45758	23.4785	-6.91739	-6.91742	0.000278461	-0.559494	-0.554566	0.00865513
175601	0.364092	0.361511	0.000159461	0.544005	0.540148	23.3301	-7.4614	-7.45757	23.4238	-6.91739	-6.91742	0.000278154	-0.577464	-0.554498	0.00863693
175801	0.379329	0.361507	0.000159209	0.566771	0.540142	23.2933	-7.48428	-7.45757	23.3869	-6.91751	-6.91742	0.000277632	-0.6701	-0.554463	0.00862169
176001	0.357423	0.361524	0.000159004	0.53404	0.540168	23.2633	-7.4514	-7.45759	23.3569	-6.91736	-6.91742	0.000277529	-0.556106	-0.55461	0.00861122
176201	0.360453	0.361504	0.000158873	0.538568	0.540138	23.2441	-7.45591	-7.45756	23.3379	-6.91734	-6.91742	0.000278695	-0.548884	-0.554482	0.00860346
176401	0.358485	0.361518	0.000158575	0.535627	0.540159	23.2005	-7.45299	-7.45758	23.294	-6.91736	-6.91742	0.000278332	-0.535938	-0.554592	0.00858888
176601	0.364728	0.361515	0.000158575	0.544955	0.540154	23.2005	-7.46222	-7.45758	23.2936	-6.91726	-6.91742	0.000278649	-0.600809	-0.554574	0.00859441
176801	0.379171	0.361497	0.000158842	0.566534	0.540127	23.2396	-7.48404	-7.45755	23.3332	-6.9175	-6.91742	0.00027972	-0.682013	-0.554474	0.00860026
177001	0.360524	0.361505	0.000159342	0.538674	0.54014	23.3127	-7.45606	-7.45756	23.4068	-6.91738	-6.91742	0.000279909	-0.546703	-0.554561	0.00862338
177201	0.357879	0.361504	0.000159184	0.534721	0.540138	23.2896	-7.45216	-7.45756	23.3834	-6.91744	-6.91742	0.000279205	-0.522765	-0.554537	0.0086151
177401	0.340751	0.361516	0.000158977	0.50913	0.540156	23.2593	-7.42649	-7.45758	23.3529	-6.91736	-6.91742	0.000278532	-0.397551	-0.554607	0.00860217
177601	0.367143	0.361495	0.000159497	0.548563	0.540124	23.3354	-7.46595	-7.45755	23.4293	-6.91739	-6.91742	0.000278903	-0.583921	-0.554438	0.00863236
177801	0.372918	0.361511	0.000159708	0.557191	0.540148	23.3663	-7.47466	-7.45757	23.4601	-6.91747	-6.91742	0.000278491	-0.635798	-0.554546	0.00864566
178001	0.35432	0.361501	0.000159532	0.529404	0.540133	23.3406	-7.44684	-7.45756	23.4343	-6.91744	-6.91742	0.00027784	-0.479436	-0.554423	0.00864105
178201	0.400427	0.361492	0.000159817	0.598295	0.54012	23.3822	-7.51582	-7.45754	23.476	-6.91752	-6.91742	0.000277363	-0.845941	-0.554348	0.00865741
178401	0.360851	0.361517	0.000160684	0.539162	0.540158	23.509	-7.45656	-7.45758	23.603	-6.9174	-6.91742	0.000277304	-0.528999	-0.554545	0.00870279
178601	0.357759	0.361498	0.000160867	0.534543	0.540129	23.5359	-7.45193	-7.45755	23.63	-6.91739	-6.91742	0.000277163	-0.530665	-0.554396	0.00872282
178801	0.359894	0.361509	0.000161482	0.537732	0.540146	23.6259	-7.45509	-7.45757	23.7203	-6.91736	-6.91742	0.000276951	-0.569281	-0.554485	0.00874729
179001	0.348869	0.361488	0.000162074	0.52126	0.540113	23.7125	-7.43858	-7.45754	23.8076	-6.91732	-6.91742	0.00027919	-0.47153	-0.554334	0.00878351
179201	0.339902	0.361509	0.000163098	0.507861	0.540145	23.8623	-7.42524	-7.45757	23.9578	-6.91738	-6.91742	0.000279	-0.407535	-0.554503	0.0088367
179401	0.385362	0.361518	0.000163242	0.575785	0.540158	23.8834	-7.4932	-7.45758	23.9787	-6.91742	-6.91742	0.000278405	-0.741585	-0.554579	0.00884583
179601	0.372702	0.361496	0.000163571	0.556869	0.540127	23.9315	-7.47427	-7.45755	24.0274	-6.9174	-6.91742	0.000279661	-0.644385	-0.554455	0.00885941
179801	0.37292	0.361495	0.000163626	0.557194	0.540124	23.9395	-7.47459	-7.45755	24.0354	-6.9174	-6.91742	0.000279814	-0.62781	-0.55444	0.00885989
180001	0.366921	0.361494	0.000163699	0.548232	0.540122	23.9502	-7.46566	-7.45754	24.0459	-6.91743	-6.91742	0.000279257	-0.583281	-0.554445	0.00886093
180201	0.360628	0.361509	0.00016355	0.538829	0.540146	23.9284	-7.45626	-7.45757	24.024	-6.91743	-6.91742	0.000278781	-0.521481	-0.554541	0.00885243
180401	0.359661	0.361485	0.000163704	0.537385	0.54011	23.9509	-7.45473	-7.45753	24.0467	-6.91735	-6.91742	0.000279242	-0.552994	-0.554361	0.00886083
180601	0.363189	0.361501	0.000163742	0.542656	0.540134	23.9565	-7.45999	-7.45756	24.0519	-6.91734	-6.91742	0.000279263	-0.584115	-0.554493	0.00886574
180801	0.354348	0.361486	0.000163495	0.529446	0.540111	23.9203	-7.44679	-7.45753	24.0158	-6.91734	-6.91742	0.000280216	-0.492584	-0.554396	0.00885135
181001	0.344848	0.361496	0.000164073	0.515252	0.540126	24.0049	-7.43261	-7.45755	24.1006	-6.91736	-6.91742	0.000279936	-0.417425	-0.554466	0.00888979
181201	0.347943	0.361504	0.000163997	0.519876	0.540137	23.9938	-7.43715	-7.45756	24.0894	-6.91728	-6.91742	0.000280041	-0.471072	-0.554536	0.00888807
181401	0.380101	0.3615	0.000163974	0.567925	0.540132	23.9904	-7.48532	-7.45755	24.086	-6.9174	-6.91742	0.000280901	-0.676078	-0.554503	0.0088811
181601	0.372384	0.361502	0.000163934	0.556394	0.540134	23.9845	-7.47377	-7.45755	24.08	-6.91738	-6.91742	0.000280878	-0.636653	-0.554528	0.00887433
181801	0.360297	0.3615	0.000163838	0.538334	0.540131	23.9705	-7.45561	-7.45755	24.0658	-6.91728	-6.91742	0.000282041	-0.540918	-0.554527	0.00886892
182001	0.367166	0.361492	0.000163553	0.548597	0.540121	23.9289	-7.46602	-7.45754	24.0242	-6.91742	-6.91742	0.00028305	-0.603528	-0.554495	0.00885368
182201	0.363997	0.361511	0.000163352	0.543863	0.540148	23.8994	-7.46123	-7.45757	23.9945	-6.91737	-6.91742	0.000282409	-0.591107	-0.554653	0.00884574
182401	0.369828	0.361507	0.000163126	0.552576	0.540142	23.8664	-7.46991	-7.45756	23.9613	-6.91734	-6.91742	0.000283106	-0.614074	-0.55464	0.00883417
182601	0.355597	0.361492	0.000163118	0.531312	0.540121	23.8652	-7.44866	-7.45754	23.9602	-6.91735	-6.91742	0.000283514	-0.518857	-0.554528	0.00883199
182801	0.362474	0.361504	0.000162839	0.541587	0.540137	23.8244	-7.45903	-7.45756	23.9192	-6.91744	-6.91742	0.000282918	-0.544118	-0.554587	0.00881616
183001	0.361823	0.361484	0.000162902	0.540614	0.540108	23.8335	-7.45798	-7.45753	23.9284	-6.91737	-6.91742	0.000283069	-0.548011	-0.554432	0.00882205
183201	0.364171	0.361499	0.000162844	0.544123	0.540131	23.825	-7.46152	-7.45755	23.9197	-6.9174	-6.91742	0.000282451	-0.576914	-0.554547	0.00881986
183401	0.359962	0.361504	0.00016249	0.537834	0.540138	23.7734	-7.45524	-7.45756	23.8678	-6.9174	-6.91742	0.000281799	-0.553188	-0.55461	0.00880155
183601	0.347788	0.361502	0.000162231	0.519644	0.540135	23.7354	-7.43702	-7.45756	23.8297	-6.91738	-6.91742	0.000281192	-0.443251	-0.554613	0.00878859
183801	0.358347	0.361506	0.000162103	0.535421	0.540141	23.7166	-7.45274	-7.45756	23.8108	-6.91732	-6.91742	0.000280727	-0.549586	-0.554625	0.00878061
184001	0.365315	0.361487	0.000161888	0.545833	0.540113	23.6853	-7.46326	-7.45753	23.7794	-6.91742	-6.91742	0.00028067	-0.589629	-0.554514	0.00876707
184201	0.34225	0.361505	0.000162084	0.51137	0.540139	23.7139	-7.42873	-7.45756	23.8084	-6.91736	-6.91742	0.000281203	-0.408662	-0.554639	0.00877708
184401	0.35685	0.361498	0.000161825	0.533185	0.540128	23.676	-7.45054	-7.45755	23.7704	-6.91735	-6.91742	0.000280956	-0.516768	-0.554565	0.00876456
184601	0.376778	0.36149	0.000161734	0.562959	0.540117	23.6627	-7.48041	-7.45754	23.7571	-6.91745	-6.91742	0.000280936	-0.668287	-0.554545	0.00875653
184801	0.369218	0.361505	0.000161704	0.551664	0.540139	23.6584	-7.46914	-7.45756	23.7528	-6.91747	-6.91742	0.000280984	-0.61929	-0.554658	0.00875676
185001	0.344015	0.361502	0.000161483	0.514007	0.540135	23.626	-7.43137	-7.45755	23.7203	-6.91736	-6.91742	0.000280684	-0.427305	-0.554608	0.00874689
185201	0.357553	0.361489	0.000161324	0.534234	0.540116	23.6027	-7.45161	-7.45753	23.6969	-6.91738	-6.91742	0.000280868	-0.522952	-0.554524	0.0087382
185401	0.344951	0.361488	0.000161116	0.515405	0.540113	23.5723	-7.43283	-7.45753	23.6663	-6.91742	-6.91742	0.000280265	-0.471446	-0.554526	0.0087237
185601	0.354596	0.361493	0.000160936	0.529816	0.540122	23.546	-7.44719	-7.45754	23.6399	-6.91737	-6.91742	0.000279775	-0.516387	-0.554587	0.0087129
185801	0.357395	0.361489	0.000160623	0.533998	0.540115	23.5002	-7.45143	-7.45753	23.5939	-6.91744	-6.91742	0.000279223	-0.537117	-0.554568	0.00869576
186001	0.364818	0.361501	0.000160475	0.54509	0.540133	23.4785	-7.4625	-7.45755	23.5721	-6.91741	-6.91742	0.000278722	-0.589492	-0.554707	0.00869209
186201	0.342201	0.361498	0.000160403	0.511296	0.540129	23.4679	-7.42865	-7.45755	23.5614	-6.91736	-6.91742	0.000278203	-0.424836	-0.554717	0.00868697
186401	0.373393	0.361491	0.000160248	0.557902	0.540118	23.4452	-7.47531	-7.45754	23.5386	-6.91741	-6.91742	0.000277843	-0.632563	-0.554666	0.00867696
186601	0.357335	0.3615	0.0001602	0.533909	0.540131	23.4383	-7.45136	-7.45755	23.5316	-6.91745	-6.91742	0.000277376	-0.523867	-0.554751	0.00867432
186801	0.350747	0.361477	0.000160344	0.524065	0.540098	23.4594	-7.44143	-7.45752	23.5528	-6.91737	-6.91742	0.000277701	-0.479601	-0.554607	0.00867861
187001	0.367926	0.36149	0.000160618	0.549733	0.540117	23.4995	-7.4672	-7.45754	23.5929	-6.91747	-6.91742	0.00027744	-0.626182	-0.554728	0.0086909
187201	0.345091	0.361486	0.000160673	0.515615	0.540112	23.5075	-7.43293	-7.45753	23.601	-6.91732	-6.91742	0.000277287	-0.444134	-0.55469	0.00869917
187401	0.352902	0.361491	0.000160824	0.527286	0.540119	23.5295	-7.44477	-7.45754	23.6233	-6.91749	-6.91742	0.000277666	-0.502219	-0.554743	0.00870397
187601	0.34384	0.361497	0.00016082	0.513745	0.540128	23.5289	-7.4312	-7.45755	23.6226	-6.91746	-6.91742	0.000277285	-0.447428	-0.554838	0.0087064
187801	0.339509	0.361486	0.000161158	0.507274	0.540111	23.5784	-7.42462	-7.45753	23.6721	-6.91735	-6.91742	0.000277252	-0.395787	-0.554766	0.00872239
188001	0.384841	0.361496	0.000161276	0.575007	0.540125	23.5957	-7.49256	-7.45754	23.6896	-6.91755	-6.91742	0.000277835	-0.71131	-0.554857	0.00872546
188201	0.343218	0.361486	0.000161273	0.512816	0.540111	23.5952	-7.43018	-7.45753	23.6893	-6.91737	-6.91742	0.00027792	-0.422359	-0.554792	0.00872356
188401	0.352991	0.361487	0.000161121	0.527418	0.540113	23.573	-7.44484	-7.45753	23.667	-6.91742	-6.91742	0.000277355	-0.496017	-0.55479	0.00871365
188601	0.354161	0.361479	0.000160852	0.529167	0.5401	23.5337	-7.44654	-7.45752	23.6275	-6.91737	-6.91742	0.000277126	-0.506465	-0.554756	0.00869749
188801	0.370279	0.361483	0.000160656	0.553249	0.540107	23.505	-7.4707	-7.45753	23.5986	-6.91745	-6.91742	0.000276626	-0.643073	-0.554808	0.00868711
189001	0.361494	0.36148	0.000160512	0.540123	0.540102	23.4839	-7.45747	-7.45752	23.5776	-6.91735	-6.91742	0.000276586	-0.570325	-0.554806	0.0086793
189201	0.372433	0.361481	0.000160542	0.556467	0.540104	23.4883	-7.47397	-7.45752	23.582	-6.9175	-6.91742	0.000276497	-0.647412	-0.554856	0.00867983
189401	0.3551	0.361477	0.000160488	0.530569	0.540098	23.4804	-7.44799	-7.45752	23.574	-6.91742	-6.91742	0.000276171	-0.510587	-0.554845	0.00867513
189601	0.362889	0.361489	0.000160811	0.542208	0.540116	23.5276	-7.45961	-7.45754	23.6213	-6.91741	-6.91742	0.000275892	-0.576556	-0.554953	0.00869244
189801	0.36778	0.361479	0.000160587	0.549515	0.540101	23.4949	-7.46695	-7.45752	23.5885	-6.91744	-6.91742	0.000275834	-0.611227	-0.554896	0.00867969
190001	0.368383	0.361487	0.000160369	0.550416	0.540113	23.463	-7.46792	-7.45753	23.5565	-6.9175	-6.91742	0.000275531	-0.623898	-0.554994	0.00866956
190201	0.36133	0.361497	0.000160099	0.539878	0.540128	23.4235	-7.45735	-7.45755	23.517	-6.91747	-6.91742	0.000275616	-0.582434	-0.555095	0.00865633
190401	0.383504	0.361498	0.000160009	0.573009	0.540129	23.4103	-7.49044	-7.45755	23.5037	-6.91744	-6.91742	0.000275108	-0.720086	-0.555126	0.00865488
190601	0.386475	0.361491	0.000160265	0.577448	0.540118	23.4477	-7.49493	-7.45754	23.5411	-6.91748	-6.91742	0.0002747	-0.744402	-0.555096	0.00866868
190801	0.357356	0.361503	0.000160251	0.53394	0.540136	23.4457	-7.45132	-7.45756	23.5391	-6.91738	-6.91742	0.00027441	-0.541026	-0.555201	0.00866886
191001	0.362594	0.361493	0.000160001	0.541766	0.540122	23.4091	-7.45913	-7.45754	23.5025	-6.91737	-6.91742	0.000274477	-0.553362	-0.555134	0.00865502
191201	0.355566	0.361486	0.000159687	0.531266	0.540111	23.3633	-7.44869	-7.45753	23.4565	-6.91743	-6.91742	0.000274177	-0.512045	-0.555106	0.00863685
191401	0.352881	0.361503	0.000160015	0.527253	0.540136	23.4112	-7.44463	-7.45756	23.5046	-6.91738	-6.91742	0.000274173	-0.500027	-0.55525	0.00865557
191601	0.366783	0.361497	0.000159909	0.548026	0.540127	23.3956	-7.46544	-7.45755	23.489	-6.91741	-6.91742	0.000273992	-0.591273	-0.555214	0.00864833
191801	0.369641	0.36149	0.000159643	0.552296	0.540117	23.3568	-7.46966	-7.45754	23.45	-6.91736	-6.91742	0.000273575	-0.605109	-0.555169	0.00863318
192001	0.339544	0.361488	0.000159462	0.507326	0.540113	23.3302	-7.42462	-7.45753	23.4233	-6.91729	-6.91742	0.000273627	-0.397443	-0.555133	0.00862272
192201	0.353721	0.361477	0.000159339	0.528508	0.540098	23.3123	-7.44595	-7.45752	23.4054	-6.91744	-6.91742	0.000273684	-0.505402	-0.55507	0.00861472
192401	0.353914	0.361496	0.000159319	0.528797	0.540125	23.3093	-7.44618	-7.45754	23.4026	-6.91738	-6.91742	0.00027398	-0.51349	-0.555202	0.00861087
192601	0.370199	0.361485	0.000159074	0.55313	0.540109	23.2736	-7.47053	-7.45753	23.3667	-6.9174	-6.91742	0.000273665	-0.641661	-0.555134	0.00859745
192801	0.356544	0.361484	0.000159214	0.532727	0.540107	23.2941	-7.45005	-7.45753	23.3874	-6.91733	-6.91742	0.000273786	-0.543954	-0.555146	0.00860505
193001	0.36698	0.361489	0.000158992	0.54832	0.540116	23.2615	-7.46575	-7.45753	23.3546	-6.91742	-6.91742	0.000273384	-0.603318	-0.555211	0.00859362
193201	0.375588	0.36148	0.000158872	0.561182	0.540101	23.244	-7.47858	-7.45752	23.337	-6.9174	-6.91742	0.000273185	-0.670207	-0.555133	0.00858771
193401	0.372003	0.361491	0.000158816	0.555825	0.540118	23.2358	-7.47325	-7.45754	23.3287	-6.91743	-6.91742	0.000272786	-0.629345	-0.555196	0.00858568
193601	0.375454	0.361476	0.000158838	0.560981	0.540095	23.239	-7.47845	-7.45751	23.3318	-6.91747	-6.91742	0.000272315	-0.65534	-0.555082	0.0085879
193801	0.346987	0.361488	0.000158708	0.518448	0.540114	23.2199	-7.43579	-7.45753	23.3127	-6.91734	-6.91742	0.000272095	-0.444115	-0.555174	0.00858099
194001	0.351714	0.36149	0.00015915	0.525511	0.540117	23.2846	-7.4429	-7.45754	23.3775	-6.91739	-6.91742	0.000271828	-0.471348	-0.555185	0.00860693
194201	0.369078	0.361474	0.000159187	0.551455	0.540093	23.2901	-7.46879	-7.45751	23.3831	-6.91734	-6.91742	0.000272316	-0.614193	-0.555065	0.00860785
194401	0.36761	0.36147	0.000159001	0.54926	0.540087	23.2629	-7.46675	-7.45751	23.3558	-6.91749	-6.91742	0.000272128	-0.599462	-0.555038	0.00859773
194601	0.354079	0.361486	0.00015896	0.529043	0.540111	23.2568	-7.44639	-7.45753	23.3499	-6.91734	-6.91742	0.000272807	-0.496527	-0.555149	0.00859439
194801	0.355267	0.361478	0.000158994	0.530819	0.540099	23.2618	-7.44825	-7.45752	23.3551	-6.91744	-6.91742	0.000273111	-0.505931	-0.555098	0.00859803
195001	0.351699	0.361476	0.000158762	0.525488	0.540096	23.2278	-7.44282	-7.45751	23.321	-6.91733	-6.91742	0.00027284	-0.503929	-0.555058	0.00858446
195201	0.359766	0.361481	0.000158872	0.537541	0.540103	23.244	-7.45497	-7.45752	23.3371	-6.91743	-6.91742	0.0002729	-0.533216	-0.555096	0.00858598
195401	0.38629	0.361475	0.000159007	0.577172	0.540094	23.2637	-7.49465	-7.45751	23.3567	-6.91748	-6.91742	0.000272676	-0.726437	-0.555063	0.00859046
195601	0.347726	0.361473	0.000158929	0.519551	0.540092	23.2523	-7.43693	-7.45751	23.3452	-6.91738	-6.91742	0.000272199	-0.461578	-0.555044	0.00858548
195801	0.348136	0.361467	0.000158733	0.520164	0.540082	23.2236	-7.43751	-7.4575	23.3165	-6.91734	-6.91742	0.000271933	-0.428634	-0.554961	0.00857925
196001	0.380452	0.361467	0.00015858	0.568448	0.540082	23.2012	-7.48592	-7.4575	23.2941	-6.91747	-6.91742	0.000271906	-0.693315	-0.554974	0.00857311
196201	0.367975	0.361472	0.000158355	0.549806	0.54009	23.1683	-7.46723	-7.45751	23.261	-6.91742	-6.91742	0.000271806	-0.604988	-0.555009	0.00856115
196401	0.381228	0.361473	0.000158316	0.569608	0.540091	23.1626	-7.48711	-7.45751	23.2553	-6.9175	-6.91742	0.000271455	-0.685291	-0.55501	0.00855719
196601	0.351689	0.361456	0.000158425	0.525473	0.540066	23.1786	-7.44285	-7.45748	23.2715	-6.91737	-6.91742	0.000271404	-0.493674	-0.554869	0.00856523
196801	0.336473	0.361472	0.000159078	0.502738	0.54009	23.2741	-7.42018	-7.45751	23.3676	-6.91744	-6.91742	0.000272929	-0.366188	-0.554978	0.00859519
197001	0.369219	0.361462	0.000158979	0.551665	0.540075	23.2596	-7.46909	-7.45749	23.3529	-6.91743	-6.91742	0.000272394	-0.608895	-0.554882	0.00859178
197201	0.372275	0.361466	0.000158869	0.556232	0.540081	23.2435	-7.47372	-7.4575	23.3367	-6.91748	-6.91742	0.000272093	-0.637417	-0.554914	0.00858444
197401	0.34799	0.361466	0.000158806	0.519946	0.540081	23.2343	-7.43738	-7.4575	23.3274	-6.91743	-6.91742	0.000272708	-0.46693	-0.554906	0.00857861
197601	0.363343	0.361466	0.000158616	0.542886	0.54008	23.2066	-7.46043	-7.4575	23.2994	-6.91754	-6.91742	0.000273119	-0.552981	-0.554907	0.00856893
197801	0.343487	0.36147	0.000158481	0.513218	0.540087	23.1867	-7.43063	-7.45751	23.2796	-6.91741	-6.91742	0.000273805	-0.404552	-0.554917	0.008562
198001	0.352092	0.36146	0.000158757	0.526075	0.540072	23.2271	-7.44348	-7.45749	23.32	-6.91741	-6.91742	0.000273428	-0.485378	-0.554829	0.00857924
198201	0.372646	0.361468	0.000158668	0.556786	0.540084	23.2141	-7.47423	-7.4575	23.3069	-6.91745	-6.91742	0.000272985	-0.639136	-0.554896	0.00857543
198401	0.361893	0.361464	0.000158513	0.540719	0.540078	23.1914	-7.45822	-7.4575	23.2841	-6.9175	-6.91742	0.000272769	-0.56267	-0.554853	0.00856959
198601	0.346465	0.361473	0.000158428	0.517668	0.540092	23.179	-7.43512	-7.45751	23.2717	-6.91746	-6.91742	0.000273491	-0.425689	-0.554912	0.00856591
198801	0.371562	0.361467	0.000158405	0.555166	0.540083	23.1756	-7.47266	-7.4575	23.2682	-6.9175	-6.91742	0.000273119	-0.616078	-0.554892	0.00856304
199001	0.358517	0.361479	0.000158389	0.535675	0.540101	23.1734	-7.45306	-7.45752	23.2662	-6.91739	-6.91742	0.000273891	-0.530528	-0.554968	0.00855871
199201	0.337497	0.361473	0.000158294	0.504268	0.540091	23.1595	-7.42158	-7.45751	23.2522	-6.91732	-6.91742	0.000273542	-0.376391	-0.554915	0.00855452
199401	0.354782	0.361468	0.000158261	0.530094	0.540085	23.1546	-7.44755	-7.4575	23.2473	-6.91745	-6.91742	0.000273412	-0.530876	-0.554897	0.0085515
199601	0.368585	0.361484	0.000158314	0.550718	0.540108	23.1624	-7.46817	-7.45753	23.2552	-6.91745	-6.91742	0.000273541	-0.616364	-0.555028	0.00855373
199801	0.367449	0.361478	0.000158137	0.549021	0.540099	23.1365	-7.46644	-7.45752	23.2292	-6.91742	-6.91742	0.000273069	-0.607143	-0.554985	0.00854309
