timestep            	T              	T_{ave}             	T_{var}           	K/N            	K_{ave}/N           	K_{var}           	U/N            	U_{ave}/N           	U_{var}           	E/N            	E_{ave}/N           	E_{var}           	P              	P_{ave}             	P_{var}
100001	0.0497879	0.0497879	0	0.0743901	0.0743901	0	-7.88936	-7.88936	0	-7.81497	-7.81497	0	-3.29386	-3.29386	0
100201	0.0521187	0.0494567	2.33824e-06	0.0778727	0.0738953	0.342099	-7.89288	-7.88887	0.345306	-7.81501	-7.81498	1.31952e-05	-3.30746	-3.29016	0.0001102
100401	0.0506017	0.0502434	1.96644e-06	0.075606	0.0750708	0.287702	-7.89062	-7.89007	0.292374	-7.81501	-7.815	3.1889e-05	-3.2966	-3.29546	9.38575e-05
100601	0.0500794	0.0499876	4.18396e-06	0.0748257	0.0746886	0.61214	-7.8898	-7.88968	0.618529	-7.81497	-7.81499	2.97612e-05	-3.29393	-3.29323	0.000223695
100801	0.0524968	0.0499875	4.3356e-06	0.0784376	0.0746884	0.634325	-7.89344	-7.88968	0.639263	-7.81501	-7.81499	2.4495e-05	-3.31395	-3.29324	0.0002371
101001	0.0482181	0.0503302	4.16556e-06	0.0720446	0.0752003	0.609447	-7.88704	-7.8902	0.614884	-7.815	-7.81499	2.66887e-05	-3.27946	-3.29574	0.000228829
101201	0.0444773	0.0502932	5.31236e-06	0.0664553	0.0751451	0.777231	-7.8814	-7.89014	0.78276	-7.81495	-7.81499	2.58829e-05	-3.25294	-3.29556	0.000300029
101401	0.0515315	0.0501283	5.50468e-06	0.0769953	0.0748988	0.805369	-7.892	-7.88989	0.81137	-7.815	-7.81499	2.80255e-05	-3.3042	-3.29432	0.000309766
101601	0.0513083	0.0503018	5.13592e-06	0.0766618	0.0751579	0.751416	-7.89166	-7.89015	0.75717	-7.815	-7.81499	2.66943e-05	-3.30549	-3.29576	0.000291632
101801	0.0504526	0.0502397	4.65315e-06	0.0753833	0.0750652	0.680785	-7.89036	-7.89006	0.686146	-7.81497	-7.81499	2.56285e-05	-3.2971	-3.29551	0.000262661
102001	0.0483029	0.0501872	4.26259e-06	0.0721713	0.0749868	0.623643	-7.88716	-7.88998	0.628563	-7.81499	-7.81499	2.42349e-05	-3.28139	-3.2952	0.000240963
102201	0.0498358	0.0502843	4.20767e-06	0.0744617	0.0751318	0.615608	-7.88946	-7.89012	0.620591	-7.815	-7.81499	2.41018e-05	-3.29064	-3.29593	0.00023946
102401	0.0488577	0.050237	3.94656e-06	0.0730003	0.0750611	0.577406	-7.88797	-7.89005	0.582187	-7.81497	-7.81499	2.34523e-05	-3.28758	-3.29566	0.000223391
102601	0.0510411	0.0502301	3.66369e-06	0.0762626	0.0750508	0.536021	-7.89127	-7.89004	0.540531	-7.815	-7.81499	2.26918e-05	-3.30237	-3.2957	0.00020701
102801	0.0497223	0.0502933	3.4761e-06	0.0742921	0.0751452	0.508574	-7.88928	-7.89014	0.512961	-7.81499	-7.81499	2.21938e-05	-3.29096	-3.29617	0.000196369
103001	0.0498061	0.0502491	3.28412e-06	0.0744174	0.0750792	0.480488	-7.88939	-7.89007	0.484664	-7.81498	-7.81499	2.12169e-05	-3.29172	-3.29592	0.00018495
103201	0.0505452	0.0502351	3.09173e-06	0.0755216	0.0750583	0.45234	-7.89053	-7.89005	0.456298	-7.815	-7.81499	2.0265e-05	-3.29702	-3.29586	0.000173685
103401	0.0499328	0.0502641	2.98408e-06	0.0746066	0.0751016	0.436589	-7.8896	-7.89009	0.440463	-7.815	-7.81499	2.0227e-05	-3.29095	-3.29603	0.00016824
103601	0.0500326	0.0502437	2.86524e-06	0.0747557	0.0750712	0.419202	-7.88973	-7.89006	0.422944	-7.81498	-7.81499	1.94464e-05	-3.2932	-3.29587	0.00016177
103801	0.0482254	0.0502303	2.8559e-06	0.0720555	0.0750511	0.417836	-7.88703	-7.89004	0.421528	-7.81497	-7.81499	1.94446e-05	-3.28216	-3.29577	0.000160473
104001	0.051409	0.0502683	2.84562e-06	0.0768122	0.0751079	0.416332	-7.89182	-7.8901	0.420144	-7.81501	-7.81499	1.96983e-05	-3.30227	-3.29605	0.000159068
104201	0.0486086	0.0502459	2.76341e-06	0.0726281	0.0750744	0.404305	-7.88759	-7.89006	0.408076	-7.81496	-7.81499	1.95881e-05	-3.28429	-3.2959	0.000153866
104401	0.0489905	0.0502204	2.67161e-06	0.0731986	0.0750363	0.390873	-7.88819	-7.89003	0.394527	-7.81499	-7.81499	1.94567e-05	-3.28839	-3.29572	0.000148335
104601	0.051373	0.0502693	2.68533e-06	0.0767585	0.0751094	0.392881	-7.89176	-7.8901	0.396661	-7.815	-7.81499	2.02423e-05	-3.30349	-3.29607	0.000148667
104801	0.0504964	0.0502417	2.64555e-06	0.0754487	0.0750682	0.38706	-7.89043	-7.89006	0.390824	-7.81498	-7.81499	1.99296e-05	-3.30048	-3.29592	0.000145459
105001	0.0503352	0.0502524	2.55073e-06	0.0752079	0.0750842	0.373188	-7.8902	-7.89007	0.376784	-7.81499	-7.81499	1.92201e-05	-3.29841	-3.29604	0.000140661
105201	0.0509479	0.0502265	2.52974e-06	0.0761233	0.0750455	0.370117	-7.89113	-7.89004	0.373587	-7.815	-7.81499	1.85396e-05	-3.29969	-3.29584	0.000140465
105401	0.0466211	0.0502607	2.69344e-06	0.0696584	0.0750966	0.394067	-7.88462	-7.89009	0.397773	-7.81496	-7.81499	1.87561e-05	-3.26939	-3.29608	0.000149688
105601	0.050274	0.0502607	2.74499e-06	0.0751164	0.0750966	0.40161	-7.89011	-7.89009	0.405351	-7.81499	-7.81499	1.85972e-05	-3.2963	-3.29609	0.000151967
105801	0.0518697	0.0502522	2.70883e-06	0.0775006	0.0750838	0.396319	-7.89252	-7.89007	0.4	-7.81502	-7.81499	1.84325e-05	-3.30586	-3.296	0.000150021
106001	0.047502	0.0502803	2.72844e-06	0.0709747	0.0751258	0.399188	-7.88595	-7.89012	0.402904	-7.81498	-7.81499	1.87422e-05	-3.27495	-3.29617	0.000150894
106201	0.050984	0.050239	2.72602e-06	0.0761773	0.0750641	0.398834	-7.89117	-7.89005	0.402587	-7.81499	-7.81499	1.87759e-05	-3.30076	-3.29586	0.000150687
106401	0.0525395	0.0502747	2.71062e-06	0.0785014	0.0751175	0.396581	-7.89351	-7.89011	0.400375	-7.81501	-7.81499	1.91016e-05	-3.31238	-3.29612	0.000149701
106601	0.0504624	0.0502774	2.75524e-06	0.0753979	0.0751216	0.403108	-7.89039	-7.89011	0.406816	-7.81499	-7.81499	1.86546e-05	-3.298	-3.29611	0.000153948
106801	0.0491472	0.0502461	2.75625e-06	0.0734329	0.0750747	0.403257	-7.88842	-7.89007	0.406943	-7.81499	-7.81499	1.83616e-05	-3.28746	-3.29588	0.000154956
107001	0.0490943	0.0502632	2.72835e-06	0.0733538	0.0751003	0.399174	-7.88835	-7.89009	0.402836	-7.815	-7.81499	1.8272e-05	-3.28742	-3.29598	0.000153062
107201	0.0515835	0.0502857	2.74521e-06	0.077073	0.0751339	0.401641	-7.89206	-7.89013	0.405283	-7.81499	-7.81499	1.8193e-05	-3.30532	-3.29611	0.000153323
107401	0.0504655	0.0502486	2.79326e-06	0.0754025	0.0750785	0.408671	-7.89039	-7.89007	0.412422	-7.81499	-7.81499	1.8535e-05	-3.29779	-3.29586	0.000155446
107601	0.0530159	0.0502576	2.75121e-06	0.0792132	0.0750919	0.402519	-7.89423	-7.89008	0.406201	-7.81502	-7.81499	1.84315e-05	-3.31726	-3.2959	0.000153314
107801	0.0527095	0.0502661	2.78274e-06	0.0787554	0.0751047	0.407132	-7.89375	-7.8901	0.410793	-7.815	-7.81499	1.82492e-05	-3.31523	-3.29595	0.000155763
108001	0.0478269	0.0502545	2.76732e-06	0.0714601	0.0750873	0.404876	-7.88643	-7.89008	0.40853	-7.81497	-7.81499	1.82508e-05	-3.27653	-3.29585	0.000155229
108201	0.0496142	0.0502602	2.81459e-06	0.0741306	0.0750958	0.411792	-7.88914	-7.89009	0.415487	-7.81501	-7.81499	1.82458e-05	-3.28856	-3.29588	0.000158367
108401	0.0497797	0.0502655	2.75692e-06	0.0743779	0.0751038	0.403354	-7.88936	-7.8901	0.406986	-7.81498	-7.81499	1.80478e-05	-3.29234	-3.2959	0.000155193
108601	0.0512279	0.0502444	2.73816e-06	0.0765416	0.0750721	0.400611	-7.89154	-7.89006	0.404224	-7.81499	-7.81499	1.79093e-05	-3.30376	-3.29578	0.000153588
108801	0.04792	0.0502579	2.77226e-06	0.0715992	0.0750923	0.405599	-7.88659	-7.89008	0.409231	-7.81499	-7.81499	1.77729e-05	-3.27772	-3.29589	0.000155975
109001	0.0508841	0.0502719	2.7449e-06	0.076028	0.0751132	0.401596	-7.89102	-7.89011	0.405204	-7.815	-7.81499	1.75999e-05	-3.30042	-3.29596	0.000154071
109201	0.0485479	0.0502608	2.71396e-06	0.0725374	0.0750967	0.397069	-7.88752	-7.89009	0.400618	-7.81499	-7.81499	1.72864e-05	-3.28054	-3.29586	0.000152581
109401	0.050986	0.0502612	2.6913e-06	0.0761803	0.0750973	0.393754	-7.8912	-7.89009	0.39728	-7.81502	-7.81499	1.73107e-05	-3.29861	-3.29584	0.000151829
109601	0.0516654	0.0502667	2.6623e-06	0.0771954	0.0751055	0.389511	-7.89219	-7.8901	0.393003	-7.81499	-7.81499	1.72949e-05	-3.30464	-3.29586	0.000149903
109801	0.0505087	0.0502452	2.67545e-06	0.0754672	0.0750735	0.391435	-7.89046	-7.89007	0.394944	-7.81499	-7.81499	1.71965e-05	-3.29674	-3.2957	0.000150433
110001	0.0503267	0.0502731	2.66767e-06	0.0751952	0.0751151	0.390296	-7.8902	-7.89011	0.39384	-7.815	-7.81499	1.73418e-05	-3.29593	-3.2959	0.000149752
110201	0.0519715	0.0502679	2.67579e-06	0.0776528	0.0751073	0.391485	-7.89266	-7.8901	0.394995	-7.81501	-7.81499	1.70873e-05	-3.30755	-3.29583	0.000150425
110401	0.0480835	0.0502647	2.66338e-06	0.0718435	0.0751025	0.389669	-7.88683	-7.8901	0.39312	-7.81499	-7.81499	1.67893e-05	-3.27961	-3.29581	0.000149967
110601	0.0497179	0.0502634	2.63983e-06	0.0742855	0.0751007	0.386223	-7.88928	-7.89009	0.389623	-7.815	-7.81499	1.65367e-05	-3.28935	-3.29577	0.000148823
110801	0.0531421	0.0502655	2.6129e-06	0.0794018	0.0751037	0.382283	-7.89441	-7.8901	0.38563	-7.815	-7.81499	1.62973e-05	-3.31793	-3.29577	0.000147479
111001	0.050088	0.0502569	2.63076e-06	0.0748385	0.0750909	0.384896	-7.88983	-7.89008	0.388242	-7.81499	-7.81499	1.61269e-05	-3.29402	-3.2957	0.000148718
111201	0.0501602	0.0502496	2.62304e-06	0.0749464	0.0750799	0.383767	-7.88996	-7.89007	0.387037	-7.81502	-7.81499	1.5989e-05	-3.29289	-3.29563	0.000148735
111401	0.0516678	0.0502623	2.72516e-06	0.0771989	0.0750989	0.398709	-7.8922	-7.89009	0.402069	-7.815	-7.81499	1.62825e-05	-3.30654	-3.29571	0.000154683
111601	0.0508682	0.0502635	2.70025e-06	0.0760043	0.0751008	0.395064	-7.89101	-7.89009	0.398378	-7.815	-7.81499	1.60421e-05	-3.30173	-3.29573	0.000153785
111801	0.0474094	0.0502676	2.70453e-06	0.0708363	0.0751069	0.395689	-7.88584	-7.8901	0.398989	-7.815	-7.81499	1.60568e-05	-3.27144	-3.29573	0.000154175
112001	0.0488917	0.0502646	2.71507e-06	0.0730511	0.0751024	0.397232	-7.88805	-7.8901	0.400493	-7.815	-7.81499	1.59317e-05	-3.28391	-3.2957	0.000155356
112201	0.0489123	0.0502581	2.69402e-06	0.0730819	0.0750926	0.394152	-7.88807	-7.89009	0.397367	-7.81499	-7.81499	1.56926e-05	-3.28677	-3.29565	0.000154263
112401	0.0486263	0.0502638	2.67326e-06	0.0726545	0.0751011	0.391114	-7.88766	-7.89009	0.394304	-7.815	-7.81499	1.56371e-05	-3.2843	-3.2957	0.000153042
112601	0.0476058	0.0502746	2.71581e-06	0.0711297	0.0751173	0.39734	-7.88612	-7.89011	0.400572	-7.81499	-7.81499	1.57662e-05	-3.2752	-3.29578	0.000155297
112801	0.0490447	0.0502621	2.70056e-06	0.0732797	0.0750987	0.395109	-7.88826	-7.89009	0.398319	-7.81498	-7.81499	1.57191e-05	-3.28537	-3.29569	0.00015461
113001	0.0498306	0.0502528	2.6673e-06	0.0744539	0.0750848	0.390242	-7.88946	-7.89008	0.393409	-7.81501	-7.81499	1.5557e-05	-3.29127	-3.29561	0.000152795
113201	0.0494995	0.0502705	2.65629e-06	0.0739592	0.0751111	0.388632	-7.88896	-7.89011	0.391849	-7.815	-7.81499	1.59345e-05	-3.28867	-3.29572	0.00015183
113401	0.0488012	0.0502614	2.63281e-06	0.0729159	0.0750976	0.385196	-7.88791	-7.89009	0.388364	-7.81499	-7.81499	1.57123e-05	-3.28483	-3.29565	0.000150537
113601	0.0529303	0.05027	2.64199e-06	0.0790853	0.0751104	0.386539	-7.89411	-7.8901	0.389744	-7.81502	-7.81499	1.5829e-05	-3.31492	-3.2957	0.000150586
113801	0.0515454	0.0502773	2.74699e-06	0.077016	0.0751214	0.401902	-7.89203	-7.89012	0.405135	-7.81501	-7.81499	1.60324e-05	-3.30384	-3.29575	0.00015637
114001	0.0522608	0.0502665	2.75803e-06	0.0780849	0.0751051	0.403517	-7.89309	-7.8901	0.40673	-7.815	-7.81499	1.58453e-05	-3.3084	-3.29566	0.00015691
114201	0.0523049	0.0502518	2.77985e-06	0.0781509	0.0750832	0.40671	-7.89316	-7.89008	0.409914	-7.81501	-7.81499	1.56781e-05	-3.31076	-3.29555	0.000158058
114401	0.0514171	0.0502725	2.82443e-06	0.0768243	0.0751142	0.413231	-7.89183	-7.89011	0.416495	-7.815	-7.81499	1.59454e-05	-3.30468	-3.29569	0.000160482
114601	0.0500206	0.0502634	2.79524e-06	0.0747378	0.0751005	0.408961	-7.88972	-7.8901	0.412199	-7.81498	-7.81499	1.58307e-05	-3.29463	-3.29563	0.000158765
114801	0.0530425	0.0502621	2.78782e-06	0.0792529	0.0750986	0.407875	-7.89427	-7.89009	0.41111	-7.81502	-7.81499	1.57689e-05	-3.31798	-3.29563	0.000158412
115001	0.0524584	0.0502742	2.77506e-06	0.0783802	0.0751167	0.406009	-7.89338	-7.89011	0.409244	-7.815	-7.815	1.58899e-05	-3.31155	-3.29571	0.000157708
115201	0.0516028	0.0502543	2.82801e-06	0.0771018	0.0750869	0.413756	-7.89209	-7.89008	0.41707	-7.81499	-7.81499	1.59988e-05	-3.3051	-3.29558	0.000159799
115401	0.0483214	0.0502569	2.87326e-06	0.072199	0.0750908	0.420375	-7.8872	-7.89009	0.423676	-7.815	-7.81499	1.58174e-05	-3.28097	-3.29561	0.000162217
115601	0.0498132	0.0502704	2.87906e-06	0.0744279	0.075111	0.421225	-7.88944	-7.89011	0.424581	-7.81501	-7.815	1.6239e-05	-3.29211	-3.29567	0.000161631
115801	0.0489915	0.0502605	2.86334e-06	0.0732002	0.0750962	0.418925	-7.88819	-7.89009	0.422265	-7.81499	-7.815	1.61144e-05	-3.2858	-3.2956	0.000160678
116001	0.0480741	0.0502609	2.88699e-06	0.0718295	0.0750968	0.422385	-7.88682	-7.89009	0.425718	-7.81499	-7.815	1.59653e-05	-3.27711	-3.29559	0.00016224
116201	0.0513291	0.0502744	2.88561e-06	0.0766929	0.075117	0.422183	-7.89171	-7.89011	0.425567	-7.81502	-7.815	1.62883e-05	-3.30206	-3.29567	0.000161716
116401	0.0485573	0.0502661	2.86134e-06	0.0725514	0.0751047	0.418632	-7.88753	-7.8901	0.421988	-7.81498	-7.815	1.6191e-05	-3.28191	-3.29559	0.000160461
116601	0.0480938	0.050264	2.86178e-06	0.0718589	0.0751015	0.418696	-7.88686	-7.8901	0.422032	-7.815	-7.815	1.60548e-05	-3.27676	-3.29555	0.000160613
116801	0.0508619	0.0502714	2.86124e-06	0.0759949	0.0751125	0.418618	-7.89102	-7.89011	0.421985	-7.81502	-7.815	1.6315e-05	-3.29663	-3.29558	0.000160153
117001	0.0484266	0.050267	2.83534e-06	0.0723561	0.075106	0.414828	-7.88734	-7.8901	0.41815	-7.81499	-7.815	1.62395e-05	-3.28006	-3.29553	0.00015891
117201	0.050681	0.0502687	2.84462e-06	0.0757245	0.0751084	0.416185	-7.89075	-7.8901	0.419539	-7.81503	-7.815	1.64037e-05	-3.29554	-3.2955	0.000159444
117401	0.0514994	0.0502751	2.84192e-06	0.0769474	0.075118	0.415791	-7.89197	-7.89011	0.419157	-7.81502	-7.815	1.6935e-05	-3.3006	-3.29552	0.00015892
117601	0.0508005	0.0502647	2.82726e-06	0.075903	0.0751025	0.413645	-7.89092	-7.8901	0.416963	-7.81501	-7.815	1.68425e-05	-3.29637	-3.2954	0.000158702
117801	0.0504116	0.0502712	2.80581e-06	0.0753221	0.0751122	0.410507	-7.89035	-7.89011	0.413823	-7.81502	-7.815	1.70676e-05	-3.29381	-3.29542	0.000157323
118001	0.0540446	0.0502719	2.81079e-06	0.0807502	0.0751133	0.411236	-7.89579	-7.89011	0.414548	-7.81504	-7.815	1.76342e-05	-3.32161	-3.29538	0.000157852
118201	0.0509469	0.0502764	2.84281e-06	0.0761219	0.07512	0.41592	-7.89113	-7.89012	0.419243	-7.81501	-7.815	1.79403e-05	-3.2952	-3.29537	0.000159593
118401	0.049904	0.0502667	2.8429e-06	0.0745636	0.0751055	0.415934	-7.88959	-7.8901	0.419211	-7.81502	-7.815	1.78919e-05	-3.2864	-3.29526	0.000160412
118601	0.0530554	0.0502638	2.86304e-06	0.0792723	0.0751012	0.418881	-7.89431	-7.8901	0.422129	-7.81504	-7.815	1.82043e-05	-3.31196	-3.2952	0.000161839
118801	0.0489692	0.0502677	2.96415e-06	0.0731669	0.0751071	0.433674	-7.88816	-7.89011	0.437046	-7.815	-7.815	1.85539e-05	-3.28357	-3.2952	0.000167608
119001	0.0497003	0.0502659	2.93766e-06	0.0742592	0.0751043	0.429798	-7.88928	-7.8901	0.433132	-7.81502	-7.815	1.84623e-05	-3.28963	-3.29516	0.000166213
119201	0.0514464	0.0502763	2.92173e-06	0.0768682	0.0751199	0.427467	-7.8919	-7.89012	0.43084	-7.81503	-7.815	1.90165e-05	-3.30029	-3.29521	0.000165001
119401	0.0520947	0.0502668	2.92599e-06	0.0778369	0.0751057	0.42809	-7.89286	-7.8901	0.431428	-7.81502	-7.815	1.89455e-05	-3.30725	-3.29511	0.000165767
119601	0.0500811	0.0502669	2.92345e-06	0.0748282	0.0751058	0.427719	-7.88984	-7.8901	0.43104	-7.81501	-7.815	1.89373e-05	-3.29158	-3.29509	0.000165645
119801	0.0479577	0.0502693	2.92987e-06	0.0716556	0.0751095	0.428659	-7.88668	-7.89011	0.431976	-7.81503	-7.815	1.93637e-05	-3.27425	-3.29508	0.000166126
120001	0.0479707	0.0502709	2.97219e-06	0.071675	0.0751118	0.43485	-7.88668	-7.89011	0.438208	-7.815	-7.815	1.97532e-05	-3.27589	-3.29507	0.000168511
120201	0.0513009	0.0502721	2.95015e-06	0.0766507	0.0751136	0.431625	-7.89168	-7.89011	0.434963	-7.81503	-7.815	1.97963e-05	-3.30075	-3.29504	0.000167395
120401	0.049019	0.050272	2.92745e-06	0.0732412	0.0751135	0.428304	-7.88827	-7.89011	0.43161	-7.81503	-7.815	2.0132e-05	-3.2832	-3.29501	0.000166257
120601	0.047345	0.05027	2.9602e-06	0.0707401	0.0751105	0.433096	-7.88574	-7.89011	0.43642	-7.815	-7.815	2.03451e-05	-3.2716	-3.29496	0.000168011
120801	0.0517232	0.0502779	2.95258e-06	0.0772818	0.0751223	0.431981	-7.89231	-7.89012	0.435334	-7.81503	-7.815	2.05769e-05	-3.30384	-3.29501	0.000167389
121001	0.0509513	0.0502766	2.95987e-06	0.0761283	0.0751203	0.433047	-7.89116	-7.89012	0.436381	-7.81503	-7.815	2.07135e-05	-3.29989	-3.29497	0.000168218
121201	0.0473916	0.0502744	2.95172e-06	0.0708097	0.0751171	0.431855	-7.88582	-7.89012	0.435158	-7.81501	-7.815	2.07527e-05	-3.27175	-3.29493	0.000167756
121401	0.0502869	0.050273	2.95401e-06	0.0751357	0.0751149	0.432189	-7.89015	-7.89012	0.435468	-7.81501	-7.815	2.06703e-05	-3.29168	-3.29491	0.000168231
121601	0.0517708	0.0502762	2.93972e-06	0.0773529	0.0751197	0.430099	-7.89238	-7.89012	0.433368	-7.81503	-7.815	2.07616e-05	-3.30395	-3.29491	0.000167433
121801	0.0474453	0.0502789	2.9435e-06	0.07089	0.0751237	0.430653	-7.8859	-7.89012	0.433913	-7.81501	-7.815	2.08652e-05	-3.27092	-3.29491	0.000167811
122001	0.0486159	0.0502691	2.96926e-06	0.072639	0.0751091	0.434421	-7.88765	-7.89011	0.437651	-7.81501	-7.815	2.06864e-05	-3.27969	-3.29482	0.00016986
122201	0.0493841	0.0502735	2.97603e-06	0.0737868	0.0751157	0.435412	-7.8888	-7.89012	0.43865	-7.81501	-7.815	2.07298e-05	-3.28684	-3.29484	0.000170336
122401	0.0501891	0.0502794	2.96009e-06	0.0749895	0.0751245	0.433079	-7.88999	-7.89013	0.436302	-7.815	-7.815	2.06601e-05	-3.29335	-3.29488	0.000169369
122601	0.0506941	0.0502731	2.97317e-06	0.0757442	0.0751151	0.434994	-7.89077	-7.89012	0.438215	-7.81502	-7.815	2.05501e-05	-3.29548	-3.29482	0.000170111
122801	0.0518885	0.0502709	2.96745e-06	0.0775288	0.0751117	0.434157	-7.89255	-7.89011	0.437359	-7.81502	-7.815	2.04621e-05	-3.30523	-3.2948	0.00016993
123001	0.05262	0.0502773	3.00006e-06	0.0786216	0.0751214	0.438928	-7.89364	-7.89012	0.442141	-7.81502	-7.815	2.04057e-05	-3.31164	-3.29483	0.000171776
123201	0.0471789	0.0502767	3.01887e-06	0.0704919	0.0751205	0.44168	-7.88549	-7.89012	0.444874	-7.815	-7.815	2.02851e-05	-3.26964	-3.29482	0.000173198
123401	0.0482262	0.0502687	3.04351e-06	0.0720568	0.0751084	0.445285	-7.88707	-7.89011	0.448455	-7.81502	-7.815	2.01491e-05	-3.27582	-3.29475	0.00017509
123601	0.0513455	0.0502773	3.04328e-06	0.0767174	0.0751214	0.44525	-7.89173	-7.89012	0.448452	-7.81501	-7.815	2.03996e-05	-3.30232	-3.2948	0.000174899
123801	0.0536442	0.0502722	3.06364e-06	0.080152	0.0751137	0.44823	-7.89519	-7.89012	0.451436	-7.81504	-7.815	2.03475e-05	-3.31824	-3.29475	0.000176085
124001	0.0496788	0.0502761	3.05932e-06	0.0742271	0.0751196	0.447597	-7.88923	-7.89012	0.450817	-7.81501	-7.815	2.04902e-05	-3.29007	-3.29477	0.000175612
124201	0.0519343	0.0502777	3.04623e-06	0.0775971	0.075122	0.445682	-7.89262	-7.89012	0.448893	-7.81502	-7.815	2.04585e-05	-3.30678	-3.29477	0.000174836
124401	0.0512731	0.0502726	3.03726e-06	0.0766092	0.0751144	0.44437	-7.89163	-7.89012	0.447558	-7.81502	-7.815	2.03512e-05	-3.30222	-3.29472	0.000174458
124601	0.0500775	0.0502719	3.02667e-06	0.0748228	0.0751133	0.442821	-7.88984	-7.89012	0.445989	-7.81502	-7.815	2.02762e-05	-3.29215	-3.29471	0.000174042
124801	0.0541579	0.0502744	3.03779e-06	0.0809195	0.075117	0.444448	-7.89596	-7.89012	0.447612	-7.81504	-7.815	2.03602e-05	-3.32377	-3.29472	0.000174814
125001	0.0508081	0.0502727	3.07577e-06	0.0759145	0.0751145	0.450004	-7.89092	-7.89012	0.453197	-7.815	-7.815	2.03366e-05	-3.3006	-3.2947	0.000177175
125201	0.0490168	0.0502789	3.06916e-06	0.073238	0.0751237	0.449037	-7.88825	-7.89013	0.452236	-7.81501	-7.815	2.03401e-05	-3.28287	-3.29474	0.000176683
125401	0.0508583	0.050277	3.06088e-06	0.0759895	0.0751209	0.447826	-7.89101	-7.89012	0.451005	-7.81502	-7.815	2.02969e-05	-3.29616	-3.29473	0.00017635
125601	0.0504438	0.0502721	3.06906e-06	0.0753701	0.0751137	0.449023	-7.89037	-7.89012	0.452206	-7.815	-7.815	2.0196e-05	-3.29708	-3.29468	0.000176731
125801	0.0507411	0.050274	3.06291e-06	0.0758144	0.0751164	0.448123	-7.89083	-7.89012	0.451288	-7.81501	-7.815	2.0056e-05	-3.29854	-3.29469	0.000176601
126001	0.0504952	0.0502748	3.06017e-06	0.075447	0.0751176	0.447722	-7.89046	-7.89012	0.450876	-7.81501	-7.815	1.99285e-05	-3.29425	-3.2947	0.000176715
126201	0.0496174	0.0502814	3.04906e-06	0.0741353	0.0751275	0.446097	-7.88913	-7.89013	0.449245	-7.815	-7.815	1.98568e-05	-3.28995	-3.29474	0.000176082
126401	0.0511196	0.0502773	3.08719e-06	0.0763799	0.0751213	0.451675	-7.89141	-7.89012	0.454862	-7.81503	-7.815	1.98369e-05	-3.29991	-3.29471	0.000178431
126601	0.0472539	0.0502727	3.11075e-06	0.0706039	0.0751145	0.455123	-7.88561	-7.89012	0.458307	-7.815	-7.815	1.98248e-05	-3.2704	-3.29467	0.000179915
126801	0.0493413	0.05028	3.11734e-06	0.0737228	0.0751254	0.456086	-7.88873	-7.89013	0.459283	-7.815	-7.815	1.97836e-05	-3.28625	-3.29472	0.000180296
127001	0.051068	0.0502803	3.11582e-06	0.0763028	0.0751258	0.455863	-7.89132	-7.89013	0.459055	-7.81501	-7.815	1.96733e-05	-3.29919	-3.29472	0.000180162
127201	0.0505231	0.0502821	3.12299e-06	0.0754886	0.0751285	0.456912	-7.8905	-7.89013	0.460101	-7.81501	-7.815	1.96175e-05	-3.29574	-3.29472	0.000180724
127401	0.0486471	0.0502803	3.10711e-06	0.0726856	0.0751258	0.45459	-7.88768	-7.89013	0.457755	-7.81499	-7.815	1.94892e-05	-3.28017	-3.2947	0.000179905
127601	0.0500594	0.0502811	3.12015e-06	0.0747958	0.0751271	0.456497	-7.88981	-7.89013	0.459675	-7.81502	-7.815	1.94181e-05	-3.29092	-3.2947	0.000180861
127801	0.0495138	0.0502799	3.11642e-06	0.0739806	0.0751252	0.455952	-7.88899	-7.89013	0.459112	-7.81501	-7.815	1.93289e-05	-3.28887	-3.29468	0.000180714
128001	0.0522934	0.0502804	3.10037e-06	0.0781337	0.075126	0.453604	-7.89315	-7.89013	0.456746	-7.81501	-7.815	1.9229e-05	-3.30969	-3.29467	0.000179787
128201	0.0522573	0.0502793	3.09822e-06	0.0780798	0.0751244	0.45329	-7.8931	-7.89013	0.456423	-7.81502	-7.815	1.91217e-05	-3.30877	-3.29466	0.000179565
128401	0.0533417	0.0502777	3.10125e-06	0.0797	0.0751219	0.453732	-7.89472	-7.89013	0.456857	-7.81502	-7.815	1.90216e-05	-3.31836	-3.29465	0.000179772
128601	0.0513729	0.0502804	3.10771e-06	0.0767583	0.075126	0.454677	-7.89176	-7.89013	0.457797	-7.815	-7.815	1.89189e-05	-3.30449	-3.29467	0.00018028
128801	0.051587	0.0502802	3.12009e-06	0.0770783	0.0751257	0.456488	-7.89211	-7.89013	0.459624	-7.81503	-7.815	1.89222e-05	-3.30218	-3.29466	0.000180689
129001	0.0503546	0.0502786	3.1052e-06	0.0752369	0.0751233	0.45431	-7.89024	-7.89013	0.45743	-7.81501	-7.815	1.88604e-05	-3.29376	-3.29465	0.000179907
129201	0.0513614	0.0502782	3.08815e-06	0.0767412	0.0751228	0.451816	-7.89176	-7.89013	0.454916	-7.81502	-7.815	1.87478e-05	-3.30105	-3.29464	0.000178961
129401	0.0509588	0.0502776	3.07252e-06	0.0761396	0.0751218	0.449529	-7.89116	-7.89013	0.452608	-7.81502	-7.815	1.86814e-05	-3.29671	-3.29463	0.000178058
129601	0.0479766	0.0502787	3.08577e-06	0.0716838	0.0751235	0.451467	-7.88668	-7.89013	0.454568	-7.815	-7.815	1.8688e-05	-3.27487	-3.29463	0.000178794
129801	0.0511952	0.0502791	3.07577e-06	0.0764928	0.075124	0.450004	-7.89152	-7.89013	0.453097	-7.81503	-7.815	1.86449e-05	-3.29807	-3.29462	0.00017827
130001	0.0525966	0.0502788	3.07696e-06	0.0785868	0.0751237	0.450179	-7.89361	-7.89013	0.453263	-7.81502	-7.815	1.86219e-05	-3.3102	-3.29461	0.000178239
130201	0.048296	0.0502801	3.06534e-06	0.0721611	0.0751256	0.448479	-7.88717	-7.89013	0.451552	-7.81501	-7.815	1.85934e-05	-3.27753	-3.29462	0.000177524
130401	0.0472624	0.0502825	3.06853e-06	0.0706166	0.0751292	0.448945	-7.88562	-7.89013	0.45202	-7.815	-7.815	1.85762e-05	-3.2682	-3.29462	0.000177777
130601	0.0508231	0.0502781	3.06219e-06	0.0759368	0.0751226	0.448017	-7.89095	-7.89013	0.451072	-7.81502	-7.815	1.84641e-05	-3.29891	-3.29458	0.000177524
130801	0.0500028	0.050284	3.05081e-06	0.0747112	0.0751313	0.446353	-7.88971	-7.89014	0.449409	-7.815	-7.815	1.84475e-05	-3.29569	-3.29462	0.000176759
131001	0.0522275	0.0502846	3.08335e-06	0.0780352	0.0751323	0.451114	-7.89306	-7.89014	0.454201	-7.81503	-7.815	1.8435e-05	-3.30934	-3.29463	0.000178444
131201	0.0514301	0.0502784	3.08266e-06	0.0768437	0.075123	0.451013	-7.89186	-7.89013	0.454092	-7.81502	-7.815	1.83498e-05	-3.30393	-3.29458	0.00017843
131401	0.0487858	0.0502811	3.08141e-06	0.0728929	0.0751271	0.45083	-7.8879	-7.89013	0.45391	-7.81501	-7.815	1.83055e-05	-3.28465	-3.2946	0.000178305
131601	0.0528274	0.0502841	3.07051e-06	0.0789316	0.0751315	0.449234	-7.89396	-7.89014	0.45231	-7.81503	-7.815	1.82786e-05	-3.31411	-3.29462	0.000177628
131801	0.0518337	0.0502809	3.06619e-06	0.0774468	0.0751267	0.448603	-7.89246	-7.89013	0.451668	-7.81502	-7.815	1.81934e-05	-3.3065	-3.29459	0.000177484
132001	0.0493807	0.0502848	3.05576e-06	0.0737818	0.0751326	0.447077	-7.88879	-7.89014	0.450135	-7.81501	-7.815	1.81498e-05	-3.287	-3.29461	0.00017684
132201	0.0505005	0.0502842	3.05433e-06	0.0754548	0.0751317	0.446867	-7.89048	-7.89014	0.449918	-7.81502	-7.815	1.81093e-05	-3.29297	-3.2946	0.000176587
132401	0.0494092	0.050283	3.03928e-06	0.0738243	0.0751299	0.444666	-7.88883	-7.89013	0.447699	-7.815	-7.81501	1.80309e-05	-3.28525	-3.29458	0.00017582
132601	0.0508594	0.050282	3.02317e-06	0.0759911	0.0751284	0.442308	-7.891	-7.89013	0.445323	-7.81501	-7.81501	1.79293e-05	-3.2998	-3.29457	0.000174992
132801	0.0514926	0.0502838	3.00874e-06	0.0769372	0.0751311	0.440198	-7.89197	-7.89014	0.443205	-7.81503	-7.81501	1.79405e-05	-3.30153	-3.29458	0.000174119
133001	0.051161	0.050285	2.99515e-06	0.0764418	0.0751329	0.438209	-7.89145	-7.89014	0.441208	-7.81501	-7.81501	1.79512e-05	-3.29977	-3.29459	0.000173306
133201	0.0499134	0.0502847	2.97903e-06	0.0745777	0.0751324	0.435851	-7.88958	-7.89014	0.438833	-7.815	-7.81501	1.78481e-05	-3.29266	-3.2946	0.000172395
133401	0.0514062	0.0502856	2.96548e-06	0.0768082	0.0751338	0.433868	-7.89182	-7.89014	0.436838	-7.81502	-7.81501	1.77651e-05	-3.30236	-3.2946	0.000171638
133601	0.0499684	0.0502847	2.9488e-06	0.0746598	0.0751324	0.431427	-7.88966	-7.89014	0.434382	-7.815	-7.81501	1.76709e-05	-3.29238	-3.29459	0.000170659
133801	0.0528282	0.0502857	2.94005e-06	0.0789327	0.0751339	0.430148	-7.89395	-7.89014	0.433096	-7.81502	-7.81501	1.7594e-05	-3.3128	-3.2946	0.000170105
134001	0.0515453	0.0502841	2.93614e-06	0.0770159	0.0751316	0.429576	-7.89202	-7.89014	0.432514	-7.81501	-7.81501	1.75004e-05	-3.30657	-3.29459	0.000169991
134201	0.0514853	0.0502824	2.92473e-06	0.0769263	0.075129	0.427906	-7.89194	-7.89013	0.43083	-7.81501	-7.81501	1.74026e-05	-3.30306	-3.29458	0.000169354
134401	0.0503296	0.0502828	2.91604e-06	0.0751996	0.0751296	0.426635	-7.89021	-7.89013	0.429548	-7.81501	-7.81501	1.7309e-05	-3.29568	-3.29458	0.000168784
134601	0.0527888	0.0502837	2.90462e-06	0.0788738	0.075131	0.424965	-7.8939	-7.89014	0.427863	-7.81502	-7.81501	1.72366e-05	-3.31193	-3.29458	0.000168154
134801	0.0504642	0.0502816	2.90658e-06	0.0754007	0.0751277	0.425251	-7.89041	-7.89013	0.428147	-7.81501	-7.81501	1.71637e-05	-3.29608	-3.29456	0.000168237
135001	0.0490011	0.0502809	2.90474e-06	0.0732145	0.0751268	0.424981	-7.88822	-7.89013	0.427867	-7.81501	-7.81501	1.70751e-05	-3.28473	-3.29456	0.000168058
135201	0.048251	0.0502839	2.9112e-06	0.0720938	0.0751312	0.425927	-7.8871	-7.89014	0.42882	-7.815	-7.81501	1.70425e-05	-3.27674	-3.29458	0.000168508
135401	0.0490692	0.0502838	2.90779e-06	0.0733162	0.075131	0.425428	-7.88833	-7.89014	0.428312	-7.81501	-7.81501	1.69743e-05	-3.2841	-3.29457	0.000168368
135601	0.0507679	0.0502841	2.89331e-06	0.0758544	0.0751316	0.423309	-7.89086	-7.89014	0.426178	-7.81501	-7.81501	1.68958e-05	-3.29974	-3.29457	0.000167522
135801	0.0504337	0.0502847	2.88034e-06	0.0753551	0.0751325	0.421412	-7.89036	-7.89014	0.424266	-7.81501	-7.81501	1.68046e-05	-3.29638	-3.29458	0.000166819
136001	0.050146	0.0502863	2.87659e-06	0.0749252	0.0751348	0.420863	-7.88994	-7.89014	0.423713	-7.81501	-7.81501	1.67451e-05	-3.29251	-3.29459	0.000166687
136201	0.0469765	0.0502857	2.87913e-06	0.0701894	0.0751339	0.421234	-7.88517	-7.89014	0.424077	-7.81498	-7.81501	1.6681e-05	-3.26932	-3.29459	0.000166964
136401	0.049449	0.050283	2.88274e-06	0.0738838	0.0751299	0.421763	-7.88889	-7.89014	0.424608	-7.815	-7.81501	1.6642e-05	-3.28746	-3.29457	0.000167238
136601	0.0496386	0.0502832	2.87185e-06	0.0741671	0.0751301	0.42017	-7.88917	-7.89014	0.423001	-7.815	-7.81501	1.65533e-05	-3.28957	-3.29457	0.000166648
136801	0.0498371	0.0502845	2.85752e-06	0.0744637	0.0751322	0.418073	-7.88946	-7.89014	0.42089	-7.81499	-7.81501	1.64704e-05	-3.29147	-3.29458	0.000165829
137001	0.0508035	0.0502832	2.84665e-06	0.0759076	0.0751302	0.416483	-7.89091	-7.89014	0.41929	-7.815	-7.81501	1.64131e-05	-3.29873	-3.29457	0.000165245
137201	0.0507023	0.0502816	2.83373e-06	0.0757564	0.0751278	0.414592	-7.89077	-7.89013	0.417385	-7.81501	-7.81501	1.63293e-05	-3.29771	-3.29456	0.000164507
137401	0.0529799	0.0502862	2.83371e-06	0.0791594	0.0751346	0.41459	-7.89418	-7.89014	0.417385	-7.81502	-7.81501	1.62983e-05	-3.31478	-3.29459	0.000164495
137601	0.0495508	0.0502816	2.83372e-06	0.0740358	0.0751277	0.414591	-7.88903	-7.89013	0.417388	-7.815	-7.81501	1.62733e-05	-3.28545	-3.29456	0.000164341
137801	0.0502945	0.0502809	2.82052e-06	0.0751471	0.0751267	0.41266	-7.89016	-7.89013	0.415444	-7.81501	-7.81501	1.61964e-05	-3.29499	-3.29455	0.000163655
138001	0.0500644	0.0502804	2.82527e-06	0.0748032	0.075126	0.413354	-7.8898	-7.89013	0.416141	-7.815	-7.81501	1.61426e-05	-3.2944	-3.29455	0.000164072
138201	0.051727	0.0502803	2.82111e-06	0.0772874	0.0751259	0.412747	-7.8923	-7.89013	0.415522	-7.81501	-7.81501	1.60737e-05	-3.30738	-3.29455	0.000163902
138401	0.0484326	0.0502827	2.81401e-06	0.0723652	0.0751294	0.411707	-7.88735	-7.89013	0.414474	-7.81499	-7.81501	1.60076e-05	-3.28029	-3.29458	0.000163604
138601	0.0495599	0.050279	2.80375e-06	0.0740495	0.0751238	0.410206	-7.88905	-7.89013	0.41297	-7.815	-7.81501	1.60055e-05	-3.29007	-3.29455	0.000163004
138801	0.0522701	0.0502808	2.79757e-06	0.0780989	0.0751266	0.409302	-7.89311	-7.89013	0.412053	-7.81501	-7.81501	1.59272e-05	-3.30993	-3.29457	0.00016269
139001	0.0494413	0.0502802	2.78955e-06	0.0738722	0.0751257	0.408128	-7.88887	-7.89013	0.410871	-7.815	-7.81501	1.58529e-05	-3.2884	-3.29457	0.000162235
139201	0.048715	0.0502805	2.78265e-06	0.0727871	0.0751261	0.407119	-7.88778	-7.89013	0.409853	-7.81499	-7.81501	1.57928e-05	-3.28329	-3.29457	0.000161835
139401	0.0506401	0.0502798	2.77293e-06	0.0756634	0.0751251	0.405697	-7.89068	-7.89013	0.40842	-7.81502	-7.81501	1.57264e-05	-3.29789	-3.29457	0.000161244
139601	0.0517837	0.0502809	2.77467e-06	0.0773721	0.0751267	0.405951	-7.89238	-7.89013	0.408671	-7.815	-7.81501	1.56653e-05	-3.30599	-3.29458	0.000161281
139801	0.0498726	0.050283	2.77959e-06	0.0745167	0.0751299	0.406671	-7.88952	-7.89014	0.409387	-7.815	-7.81501	1.55952e-05	-3.29159	-3.2946	0.000161592
140001	0.0492068	0.0502824	2.78533e-06	0.0735218	0.075129	0.407511	-7.88853	-7.89013	0.410227	-7.81501	-7.81501	1.55436e-05	-3.28395	-3.29459	0.000161968
140201	0.0495864	0.0502794	2.78795e-06	0.074089	0.0751244	0.407895	-7.88908	-7.89013	0.410612	-7.81499	-7.81501	1.55018e-05	-3.29119	-3.29457	0.000162041
140401	0.0504029	0.0502802	2.77837e-06	0.0753091	0.0751257	0.406493	-7.89032	-7.89013	0.409196	-7.81501	-7.81501	1.54479e-05	-3.29765	-3.29458	0.000161536
140601	0.0520344	0.0502841	2.76893e-06	0.0777467	0.0751315	0.405111	-7.89276	-7.89014	0.407812	-7.81502	-7.81501	1.54365e-05	-3.3085	-3.29461	0.000161007
140801	0.0532661	0.0502824	2.7833e-06	0.079587	0.075129	0.407214	-7.8946	-7.89013	0.40992	-7.81501	-7.81501	1.53867e-05	-3.32009	-3.29461	0.000161907
141001	0.0510175	0.0502832	2.78208e-06	0.0762273	0.0751302	0.407035	-7.89123	-7.89014	0.409732	-7.815	-7.81501	1.53145e-05	-3.30116	-3.29462	0.000161978
141201	0.0502225	0.0502823	2.77207e-06	0.0750394	0.0751288	0.405571	-7.89004	-7.89013	0.408258	-7.815	-7.81501	1.52481e-05	-3.29509	-3.29462	0.00016146
141401	0.0503873	0.0502826	2.75874e-06	0.0752857	0.0751293	0.40362	-7.89028	-7.89013	0.406294	-7.815	-7.81501	1.51804e-05	-3.29573	-3.29462	0.000160687
141601	0.0497841	0.0502829	2.75077e-06	0.0743845	0.0751297	0.402456	-7.88938	-7.89013	0.405118	-7.815	-7.81501	1.51265e-05	-3.29379	-3.29463	0.000160243
141801	0.0513757	0.0502791	2.74356e-06	0.0767625	0.075124	0.4014	-7.89177	-7.89013	0.404056	-7.81501	-7.81501	1.50805e-05	-3.3033	-3.29461	0.000159738
142001	0.0481763	0.0502789	2.75437e-06	0.0719821	0.0751237	0.402981	-7.88698	-7.89013	0.405645	-7.815	-7.81501	1.50389e-05	-3.27963	-3.29461	0.000160311
142201	0.0471341	0.0502832	2.77085e-06	0.070425	0.0751301	0.405392	-7.88542	-7.89014	0.408073	-7.81499	-7.81501	1.50228e-05	-3.27003	-3.29464	0.000161173
142401	0.0497289	0.0502816	2.78337e-06	0.074302	0.0751278	0.407224	-7.88932	-7.89013	0.40992	-7.81502	-7.81501	1.50114e-05	-3.2918	-3.29463	0.000162026
142601	0.0487212	0.0502835	2.77653e-06	0.0727963	0.0751306	0.406224	-7.8878	-7.89014	0.408916	-7.815	-7.81501	1.5013e-05	-3.28019	-3.29464	0.00016167
142801	0.050398	0.0502805	2.76947e-06	0.0753017	0.0751262	0.405191	-7.89029	-7.89013	0.407879	-7.81499	-7.81501	1.49875e-05	-3.29461	-3.29462	0.00016137
143001	0.0529649	0.0502801	2.77431e-06	0.079137	0.0751255	0.4059	-7.89416	-7.89013	0.408585	-7.81502	-7.81501	1.49641e-05	-3.31424	-3.29462	0.000161488
143201	0.0484254	0.0502855	2.78085e-06	0.0723544	0.0751336	0.406856	-7.88735	-7.89014	0.40955	-7.815	-7.81501	1.49712e-05	-3.2815	-3.29466	0.000162023
143401	0.0497335	0.0502825	2.7914e-06	0.0743089	0.0751291	0.4084	-7.8893	-7.89013	0.411098	-7.81499	-7.81501	1.4972e-05	-3.29211	-3.29464	0.000162682
143601	0.0511515	0.0502801	2.78297e-06	0.0764276	0.0751255	0.407165	-7.89145	-7.89013	0.409861	-7.81502	-7.81501	1.49475e-05	-3.30023	-3.29462	0.000162124
143801	0.0487203	0.0502857	2.78276e-06	0.072795	0.0751339	0.407136	-7.88779	-7.89014	0.409842	-7.815	-7.81501	1.49809e-05	-3.28394	-3.29467	0.000162155
144001	0.0513864	0.0502786	2.78453e-06	0.0767785	0.0751233	0.407395	-7.89177	-7.89013	0.410121	-7.81499	-7.81501	1.5067e-05	-3.30371	-3.29461	0.000162241
144201	0.0530333	0.0502796	2.80238e-06	0.0792392	0.0751248	0.410006	-7.89424	-7.89013	0.412729	-7.815	-7.81501	1.50693e-05	-3.31898	-3.29463	0.000163351
144401	0.0519404	0.0502824	2.80391e-06	0.0776062	0.0751289	0.410229	-7.89261	-7.89013	0.412944	-7.81501	-7.81501	1.50043e-05	-3.3075	-3.29465	0.000163609
144601	0.0501932	0.0502787	2.7972e-06	0.0749957	0.0751234	0.409248	-7.89	-7.89013	0.411961	-7.815	-7.815	1.49827e-05	-3.29502	-3.29463	0.000163099
144801	0.0503496	0.0502795	2.80699e-06	0.0752294	0.0751246	0.410681	-7.89023	-7.89013	0.413392	-7.815	-7.815	1.49244e-05	-3.2965	-3.29464	0.000163781
145001	0.0522844	0.0502833	2.79998e-06	0.0781203	0.0751304	0.409655	-7.89313	-7.89014	0.412361	-7.81501	-7.81501	1.4881e-05	-3.31198	-3.29467	0.000163488
145201	0.0496019	0.0502815	2.79874e-06	0.0741122	0.0751277	0.409473	-7.8891	-7.89013	0.412178	-7.81499	-7.815	1.48815e-05	-3.28725	-3.29466	0.000163351
145401	0.0463862	0.0502799	2.80399e-06	0.0693076	0.0751252	0.410241	-7.8843	-7.89013	0.412944	-7.81499	-7.815	1.48446e-05	-3.26464	-3.29465	0.000163805
145601	0.0497232	0.0502827	2.81895e-06	0.0742934	0.0751294	0.41243	-7.88929	-7.89013	0.41514	-7.815	-7.815	1.48054e-05	-3.2893	-3.29467	0.00016487
145801	0.0506907	0.0502821	2.81645e-06	0.0757391	0.0751285	0.412064	-7.89074	-7.89013	0.414769	-7.815	-7.815	1.47674e-05	-3.29822	-3.29467	0.000164731
146001	0.049197	0.0502837	2.81349e-06	0.0735072	0.0751309	0.411631	-7.8885	-7.89014	0.414329	-7.815	-7.815	1.47085e-05	-3.28696	-3.29469	0.000164636
146201	0.054772	0.0502826	2.82027e-06	0.081837	0.0751293	0.412623	-7.89686	-7.89013	0.415332	-7.81502	-7.815	1.46918e-05	-3.32877	-3.29469	0.000164894
146401	0.0513683	0.0502812	2.83774e-06	0.0767514	0.0751272	0.415179	-7.89174	-7.89013	0.417903	-7.81499	-7.815	1.47052e-05	-3.30646	-3.29468	0.000165837
146601	0.0488217	0.0502836	2.83038e-06	0.0729465	0.0751307	0.414103	-7.88793	-7.89014	0.41681	-7.81498	-7.815	1.46825e-05	-3.28625	-3.2947	0.000165488
146801	0.0519762	0.0502822	2.84336e-06	0.0776598	0.0751287	0.416002	-7.89268	-7.89013	0.418735	-7.81502	-7.815	1.47237e-05	-3.30724	-3.2947	0.000166093
147001	0.0499751	0.0502821	2.83245e-06	0.0746698	0.0751286	0.414405	-7.88966	-7.89013	0.417129	-7.81499	-7.815	1.46891e-05	-3.29534	-3.2947	0.000165439
147201	0.0522542	0.0502821	2.82244e-06	0.0780752	0.0751286	0.412941	-7.89308	-7.89013	0.415655	-7.815	-7.815	1.46512e-05	-3.31181	-3.29471	0.00016489
147401	0.0516613	0.0502785	2.83606e-06	0.0771892	0.0751231	0.414934	-7.8922	-7.89013	0.417655	-7.81501	-7.815	1.46331e-05	-3.30482	-3.29468	0.000165665
147601	0.0488099	0.050284	2.85125e-06	0.0729288	0.0751313	0.417155	-7.88791	-7.89014	0.419903	-7.81498	-7.815	1.46692e-05	-3.28619	-3.29472	0.000166375
147801	0.0506647	0.0502811	2.84187e-06	0.0757002	0.0751271	0.415784	-7.89069	-7.89013	0.418535	-7.81499	-7.815	1.47789e-05	-3.29808	-3.29471	0.00016577
148001	0.0524166	0.0502812	2.8331e-06	0.0783177	0.0751272	0.414501	-7.89334	-7.89013	0.417244	-7.81502	-7.815	1.47438e-05	-3.3111	-3.29471	0.000165238
148201	0.0489855	0.0502827	2.82719e-06	0.0731913	0.0751294	0.413635	-7.88818	-7.89013	0.416377	-7.81499	-7.815	1.47158e-05	-3.28504	-3.29473	0.000164963
148401	0.0483296	0.0502786	2.83102e-06	0.0722112	0.0751234	0.414196	-7.88718	-7.89013	0.416959	-7.81497	-7.815	1.49174e-05	-3.28239	-3.2947	0.000165133
148601	0.0505829	0.0502818	2.82645e-06	0.0755779	0.0751281	0.413527	-7.89058	-7.89013	0.416279	-7.815	-7.815	1.49e-05	-3.29827	-3.29474	0.000164971
148801	0.0472697	0.0502821	2.82025e-06	0.0706276	0.0751285	0.412621	-7.88559	-7.89013	0.415369	-7.81496	-7.815	1.49538e-05	-3.27616	-3.29475	0.00016457
149001	0.05067	0.0502799	2.81695e-06	0.0757081	0.0751252	0.412137	-7.8907	-7.89013	0.414892	-7.81499	-7.815	1.51089e-05	-3.29914	-3.29474	0.000164248
149201	0.0491095	0.0502812	2.80698e-06	0.0733766	0.0751272	0.410679	-7.88836	-7.89013	0.413419	-7.81498	-7.815	1.51044e-05	-3.28829	-3.29476	0.000163717
149401	0.0510942	0.0502839	2.81987e-06	0.0763419	0.0751313	0.412564	-7.89134	-7.89014	0.415313	-7.815	-7.815	1.50835e-05	-3.30186	-3.29479	0.000164462
149601	0.0543176	0.0502797	2.83859e-06	0.0811581	0.0751249	0.415303	-7.89617	-7.89013	0.418077	-7.81501	-7.815	1.51416e-05	-3.32763	-3.29476	0.000165373
149801	0.0486245	0.0502807	2.83704e-06	0.0726518	0.0751264	0.415077	-7.88764	-7.89013	0.417845	-7.81499	-7.815	1.50993e-05	-3.28613	-3.29478	0.000165318
150001	0.0488531	0.0502845	2.84805e-06	0.0729933	0.0751321	0.416687	-7.88798	-7.89014	0.419458	-7.81499	-7.815	1.50606e-05	-3.28716	-3.29481	0.000165962
150201	0.0542241	0.0502803	2.86133e-06	0.0810184	0.0751259	0.418631	-7.89603	-7.89013	0.42143	-7.81501	-7.815	1.5132e-05	-3.32662	-3.29479	0.000166473
150401	0.0489891	0.0502839	2.8656e-06	0.0731966	0.0751312	0.419255	-7.88816	-7.89014	0.422048	-7.81497	-7.815	1.5166e-05	-3.28947	-3.29483	0.000166845
150601	0.0532039	0.0502797	2.87576e-06	0.0794941	0.0751249	0.420741	-7.8945	-7.89013	0.423572	-7.815	-7.815	1.53847e-05	-3.31746	-3.29481	0.000167151
150801	0.049876	0.0502761	2.91194e-06	0.0745218	0.0751195	0.426034	-7.88951	-7.89012	0.428904	-7.81499	-7.815	1.54911e-05	-3.29496	-3.29479	0.000168979
151001	0.0493844	0.0502819	2.93303e-06	0.0737873	0.0751282	0.429121	-7.88876	-7.89013	0.431995	-7.81497	-7.815	1.54821e-05	-3.29351	-3.29484	0.000170205
151201	0.0515773	0.0502783	2.92848e-06	0.0770637	0.0751228	0.428456	-7.89207	-7.89013	0.431345	-7.81501	-7.815	1.56152e-05	-3.30351	-3.29482	0.000169795
151401	0.0474809	0.0502776	2.96459e-06	0.0709431	0.0751218	0.433738	-7.88591	-7.89013	0.436668	-7.81497	-7.815	1.56971e-05	-3.27464	-3.29482	0.00017192
151601	0.0501238	0.0502783	2.97083e-06	0.074892	0.0751229	0.43465	-7.88988	-7.89013	0.437572	-7.81499	-7.815	1.57572e-05	-3.29509	-3.29483	0.000172534
151801	0.0491746	0.0502782	2.96782e-06	0.0734738	0.0751227	0.434211	-7.88846	-7.89013	0.437126	-7.81499	-7.815	1.57623e-05	-3.28892	-3.29484	0.000172468
152001	0.0484356	0.0502792	2.96127e-06	0.0723695	0.0751242	0.433252	-7.88736	-7.89013	0.436156	-7.81499	-7.815	1.57366e-05	-3.28318	-3.29486	0.000172122
152201	0.0491748	0.0502815	2.95963e-06	0.0734741	0.0751277	0.433012	-7.88846	-7.89013	0.43591	-7.81499	-7.815	1.5693e-05	-3.28807	-3.29488	0.000172049
152401	0.050967	0.0502791	2.95591e-06	0.0761519	0.0751241	0.432468	-7.89115	-7.89013	0.435369	-7.815	-7.815	1.57294e-05	-3.2997	-3.29487	0.000171725
152601	0.0474949	0.0502799	2.95161e-06	0.070964	0.0751252	0.431839	-7.88595	-7.89013	0.434732	-7.81498	-7.815	1.56874e-05	-3.27701	-3.29488	0.000171551
152801	0.0480272	0.050281	2.96016e-06	0.0717594	0.0751269	0.43309	-7.88675	-7.89013	0.435985	-7.81499	-7.815	1.56589e-05	-3.28036	-3.2949	0.000172103
153001	0.05107	0.0502802	2.96299e-06	0.0763058	0.0751257	0.433504	-7.89131	-7.89013	0.436399	-7.815	-7.815	1.56285e-05	-3.30337	-3.2949	0.000172189
153201	0.0480513	0.0502789	2.95706e-06	0.0717953	0.0751237	0.432636	-7.88677	-7.89013	0.435532	-7.81498	-7.815	1.56539e-05	-3.28083	-3.2949	0.000171825
153401	0.0547145	0.0502843	2.98806e-06	0.0817512	0.0751319	0.437171	-7.89677	-7.89014	0.440105	-7.81502	-7.815	1.56995e-05	-3.32817	-3.29494	0.000173465
153601	0.0534042	0.0502805	3.04328e-06	0.0797934	0.0751262	0.445251	-7.89479	-7.89013	0.448222	-7.815	-7.815	1.57584e-05	-3.32105	-3.29492	0.000176661
153801	0.0506837	0.0502791	3.04233e-06	0.0757285	0.075124	0.445112	-7.89073	-7.89013	0.44808	-7.815	-7.815	1.57297e-05	-3.3007	-3.29491	0.000176695
154001	0.0501345	0.0502802	3.03401e-06	0.074908	0.0751257	0.443894	-7.88992	-7.89013	0.446854	-7.81501	-7.815	1.56817e-05	-3.2927	-3.29492	0.000176224
154201	0.0487569	0.0502778	3.04357e-06	0.0728496	0.075122	0.445293	-7.88782	-7.89013	0.448273	-7.81497	-7.815	1.57502e-05	-3.28568	-3.29491	0.000176741
154401	0.0507508	0.0502801	3.03565e-06	0.0758288	0.0751255	0.444135	-7.89082	-7.89013	0.447099	-7.81499	-7.815	1.57315e-05	-3.30396	-3.29493	0.000176385
154601	0.05679	0.0502795	3.06058e-06	0.0848522	0.0751247	0.447782	-7.89989	-7.89013	0.450772	-7.81504	-7.815	1.57669e-05	-3.34458	-3.29494	0.000177774
154801	0.0482004	0.0502794	3.08272e-06	0.0720182	0.0751245	0.451021	-7.887	-7.89013	0.454038	-7.81498	-7.815	1.58005e-05	-3.27922	-3.29494	0.000178918
155001	0.0479295	0.0502794	3.08434e-06	0.0716134	0.0751245	0.451257	-7.8866	-7.89013	0.45427	-7.81499	-7.815	1.57753e-05	-3.27681	-3.29494	0.000179124
155201	0.051781	0.0502792	3.07582e-06	0.0773681	0.0751242	0.450012	-7.8924	-7.89013	0.453021	-7.81503	-7.815	1.57653e-05	-3.30627	-3.29495	0.000178641
155401	0.0486933	0.050281	3.08362e-06	0.0727546	0.0751269	0.451153	-7.88773	-7.89013	0.454185	-7.81497	-7.815	1.58203e-05	-3.28576	-3.29497	0.000179119
155601	0.0548422	0.0502797	3.09213e-06	0.0819419	0.075125	0.452397	-7.89696	-7.89013	0.455445	-7.81502	-7.815	1.58807e-05	-3.3299	-3.29496	0.000179515
155801	0.0504762	0.0502802	3.09398e-06	0.0754186	0.0751258	0.452669	-7.89041	-7.89013	0.455715	-7.81499	-7.815	1.58455e-05	-3.29791	-3.29497	0.000179621
156001	0.0484352	0.0502812	3.08909e-06	0.072369	0.0751272	0.451953	-7.88736	-7.89013	0.454991	-7.81499	-7.815	1.5799e-05	-3.28191	-3.29498	0.000179411
156201	0.0505432	0.0502777	3.08631e-06	0.0755187	0.0751219	0.451547	-7.89052	-7.89012	0.454585	-7.815	-7.815	1.57977e-05	-3.29888	-3.29496	0.000179164
156401	0.0506254	0.0502812	3.08431e-06	0.0756414	0.0751271	0.451253	-7.89064	-7.89013	0.454284	-7.815	-7.815	1.57468e-05	-3.2998	-3.29499	0.000179149
156601	0.0501276	0.0502793	3.07499e-06	0.0748977	0.0751244	0.44989	-7.88989	-7.89013	0.452916	-7.81499	-7.815	1.57486e-05	-3.29637	-3.29499	0.000178564
156801	0.0528343	0.0502779	3.07439e-06	0.0789419	0.0751223	0.449803	-7.89394	-7.89013	0.452829	-7.815	-7.815	1.57713e-05	-3.31854	-3.29499	0.000178523
157001	0.0516083	0.0502815	3.07943e-06	0.07711	0.0751277	0.45054	-7.89211	-7.89013	0.453557	-7.815	-7.815	1.57168e-05	-3.30805	-3.29502	0.000179026
157201	0.0490158	0.0502796	3.07462e-06	0.0732365	0.0751249	0.449836	-7.88822	-7.89013	0.45285	-7.81499	-7.815	1.57224e-05	-3.28777	-3.29502	0.000178717
157401	0.0494719	0.050279	3.0677e-06	0.073918	0.0751238	0.448824	-7.88892	-7.89013	0.45183	-7.815	-7.815	1.56909e-05	-3.29167	-3.29502	0.000178349
157601	0.0508061	0.0502795	3.06153e-06	0.0759115	0.0751247	0.447921	-7.89091	-7.89013	0.45092	-7.815	-7.815	1.56408e-05	-3.30313	-3.29504	0.000178016
157801	0.050514	0.0502794	3.05582e-06	0.0754751	0.0751244	0.447085	-7.89047	-7.89013	0.450076	-7.815	-7.815	1.56089e-05	-3.29906	-3.29504	0.000177752
158001	0.0514453	0.0502801	3.04665e-06	0.0768664	0.0751256	0.445745	-7.89187	-7.89013	0.448725	-7.815	-7.815	1.5562e-05	-3.3052	-3.29506	0.000177271
158201	0.0507551	0.0502804	3.03803e-06	0.0758352	0.0751259	0.444482	-7.89083	-7.89013	0.447453	-7.815	-7.815	1.55215e-05	-3.30169	-3.29506	0.000176798
158401	0.0486493	0.0502807	3.03383e-06	0.0726889	0.0751265	0.443868	-7.88769	-7.89013	0.446831	-7.815	-7.815	1.54767e-05	-3.28584	-3.29508	0.000176631
158601	0.0472321	0.0502796	3.0399e-06	0.0705714	0.0751248	0.444756	-7.88555	-7.89013	0.44772	-7.81498	-7.815	1.54498e-05	-3.2732	-3.29508	0.000177016
158801	0.050485	0.0502811	3.03684e-06	0.0754318	0.0751271	0.444309	-7.89042	-7.89013	0.447266	-7.81499	-7.815	1.54157e-05	-3.29882	-3.2951	0.000176949
159001	0.0539034	0.050281	3.04744e-06	0.0805393	0.0751268	0.44586	-7.89555	-7.89013	0.448825	-7.81501	-7.815	1.54271e-05	-3.32493	-3.29511	0.000177547
159201	0.0477492	0.0502786	3.04621e-06	0.0713439	0.0751233	0.445679	-7.88632	-7.89013	0.448651	-7.81498	-7.815	1.54765e-05	-3.27702	-3.2951	0.00017737
159401	0.0485513	0.0502804	3.05195e-06	0.0725425	0.075126	0.446519	-7.88754	-7.89013	0.449494	-7.815	-7.815	1.54444e-05	-3.2824	-3.29512	0.000177779
159601	0.0517047	0.0502806	3.04369e-06	0.0772541	0.0751263	0.44531	-7.89226	-7.89013	0.448276	-7.815	-7.815	1.53954e-05	-3.30708	-3.29512	0.000177299
159801	0.0496146	0.0502805	3.03529e-06	0.0741312	0.0751262	0.444082	-7.88912	-7.89013	0.447039	-7.81499	-7.815	1.53651e-05	-3.29164	-3.29513	0.000176824
160001	0.0505743	0.0502774	3.02976e-06	0.0755651	0.0751215	0.443273	-7.89058	-7.89012	0.446225	-7.81501	-7.815	1.53415e-05	-3.29619	-3.2951	0.000176494
160201	0.0510771	0.050278	3.05956e-06	0.0763164	0.0751224	0.447633	-7.89131	-7.89012	0.450605	-7.815	-7.815	1.53355e-05	-3.30271	-3.29511	0.000178263
160401	0.0505271	0.0502823	3.05848e-06	0.0754945	0.0751289	0.447475	-7.89049	-7.89013	0.450438	-7.81499	-7.815	1.52868e-05	-3.29943	-3.29514	0.000178308
160601	0.0497552	0.0502799	3.07559e-06	0.0743412	0.0751252	0.449979	-7.88935	-7.89013	0.452956	-7.81501	-7.815	1.52839e-05	-3.2893	-3.29513	0.000179233
160801	0.0497776	0.0502801	3.0704e-06	0.0743748	0.0751256	0.449219	-7.88937	-7.89013	0.452189	-7.815	-7.815	1.52455e-05	-3.29126	-3.29513	0.000178998
161001	0.0514091	0.0502787	3.06372e-06	0.0768124	0.0751235	0.448241	-7.89182	-7.89013	0.451207	-7.815	-7.815	1.52217e-05	-3.30448	-3.29512	0.000178619
161201	0.0513867	0.0502803	3.05893e-06	0.0767789	0.0751258	0.447541	-7.8918	-7.89013	0.450503	-7.81502	-7.815	1.52003e-05	-3.30423	-3.29514	0.000178395
161401	0.0485764	0.0502824	3.05192e-06	0.07258	0.075129	0.446516	-7.88756	-7.89013	0.449472	-7.81498	-7.815	1.51849e-05	-3.2821	-3.29515	0.000177977
161601	0.0521502	0.0502786	3.05117e-06	0.0779197	0.0751233	0.446405	-7.89293	-7.89013	0.449371	-7.81501	-7.815	1.523e-05	-3.30939	-3.29513	0.00017784
161801	0.0517719	0.0502799	3.04775e-06	0.0773545	0.0751253	0.445906	-7.89237	-7.89013	0.448866	-7.81501	-7.815	1.51908e-05	-3.3065	-3.29514	0.00017765
162001	0.0501919	0.05028	3.03919e-06	0.0749938	0.0751253	0.444653	-7.89	-7.89013	0.447605	-7.815	-7.815	1.51518e-05	-3.2944	-3.29514	0.000177139
162201	0.0495372	0.0502788	3.03618e-06	0.0740156	0.0751237	0.444212	-7.88901	-7.89013	0.447162	-7.81499	-7.815	1.51223e-05	-3.29098	-3.29513	0.000176942
162401	0.0530494	0.050279	3.03319e-06	0.0792632	0.075124	0.443775	-7.89428	-7.89013	0.446716	-7.81502	-7.815	1.50821e-05	-3.3169	-3.29513	0.000176861
162601	0.0501118	0.0502817	3.04019e-06	0.074874	0.0751279	0.444799	-7.88987	-7.89013	0.44774	-7.81499	-7.815	1.50521e-05	-3.29399	-3.29516	0.000177274
162801	0.0480948	0.0502788	3.04589e-06	0.0718604	0.0751235	0.445633	-7.88685	-7.89013	0.448576	-7.81499	-7.815	1.5049e-05	-3.28	-3.29514	0.000177627
163001	0.0537159	0.0502794	3.04728e-06	0.080259	0.0751244	0.445836	-7.89528	-7.89013	0.448773	-7.81502	-7.815	1.50099e-05	-3.32289	-3.29514	0.000177762
163201	0.0480776	0.0502798	3.04684e-06	0.0718346	0.0751251	0.445772	-7.88683	-7.89013	0.448707	-7.81499	-7.815	1.49808e-05	-3.27986	-3.29515	0.000177786
163401	0.0489975	0.0502792	3.05258e-06	0.0732092	0.0751242	0.446612	-7.88822	-7.89013	0.449545	-7.81501	-7.815	1.49472e-05	-3.28319	-3.29514	0.000178183
163601	0.0533687	0.0502791	3.0562e-06	0.0797403	0.075124	0.447141	-7.89476	-7.89013	0.450071	-7.81502	-7.815	1.49188e-05	-3.31886	-3.29514	0.00017841
163801	0.0507558	0.0502804	3.06259e-06	0.0758363	0.0751261	0.448076	-7.89084	-7.89013	0.451007	-7.81501	-7.815	1.49022e-05	-3.30099	-3.29515	0.000178873
164001	0.0464983	0.0502814	3.07077e-06	0.069475	0.0751274	0.449273	-7.88447	-7.89013	0.452206	-7.81499	-7.815	1.48767e-05	-3.26427	-3.29516	0.000179387
164201	0.049413	0.05028	3.07719e-06	0.0738299	0.0751253	0.450212	-7.88884	-7.89013	0.453145	-7.81501	-7.815	1.48442e-05	-3.28696	-3.29514	0.00017989
164401	0.0510985	0.0502804	3.06899e-06	0.0763484	0.075126	0.449012	-7.89137	-7.89013	0.451939	-7.81502	-7.815	1.48391e-05	-3.30245	-3.29514	0.000179418
164601	0.0486834	0.0502801	3.06123e-06	0.0727399	0.0751255	0.447877	-7.88774	-7.89013	0.450797	-7.815	-7.815	1.48075e-05	-3.28363	-3.29514	0.000178956
164801	0.0470362	0.0502803	3.06406e-06	0.0702787	0.0751259	0.448291	-7.88527	-7.89013	0.451211	-7.81499	-7.815	1.47726e-05	-3.27177	-3.29514	0.000179102
165001	0.0505256	0.0502822	3.06773e-06	0.0754923	0.0751287	0.448828	-7.89049	-7.89013	0.451751	-7.815	-7.815	1.47473e-05	-3.29675	-3.29516	0.000179227
165201	0.0529371	0.0502799	3.07278e-06	0.0790954	0.0751253	0.449567	-7.8941	-7.89013	0.452496	-7.81501	-7.815	1.47326e-05	-3.31481	-3.29515	0.000179434
165401	0.0508077	0.0502782	3.07403e-06	0.0759139	0.0751226	0.449749	-7.89091	-7.89013	0.45268	-7.815	-7.815	1.47115e-05	-3.30026	-3.29514	0.000179421
165601	0.0495936	0.0502802	3.06711e-06	0.0740999	0.0751257	0.448738	-7.88911	-7.89013	0.451662	-7.81501	-7.815	1.4682e-05	-3.28962	-3.29515	0.000179056
165801	0.0470368	0.0502811	3.06727e-06	0.0702795	0.0751271	0.448761	-7.88527	-7.89013	0.451686	-7.81499	-7.815	1.46623e-05	-3.27203	-3.29516	0.000179061
166001	0.0506239	0.0502807	3.06747e-06	0.0756392	0.0751264	0.44879	-7.89065	-7.89013	0.451713	-7.81501	-7.815	1.46349e-05	-3.2965	-3.29516	0.000179041
166201	0.051184	0.0502794	3.06359e-06	0.0764761	0.0751244	0.448222	-7.89148	-7.89013	0.451142	-7.815	-7.815	1.46001e-05	-3.30216	-3.29515	0.000178789
166401	0.0492015	0.050281	3.05725e-06	0.0735139	0.0751269	0.447295	-7.88851	-7.89013	0.450209	-7.81499	-7.815	1.45649e-05	-3.28799	-3.29517	0.000178448
166601	0.0504014	0.0502788	3.05029e-06	0.0753068	0.0751237	0.446276	-7.89031	-7.89013	0.449185	-7.815	-7.815	1.45382e-05	-3.29638	-3.29515	0.000178023
166801	0.0531492	0.0502801	3.05161e-06	0.0794124	0.0751255	0.446469	-7.89443	-7.89013	0.449375	-7.81501	-7.815	1.45048e-05	-3.31781	-3.29516	0.000178143
167001	0.0533791	0.0502795	3.07278e-06	0.0797559	0.0751246	0.449567	-7.89476	-7.89013	0.452484	-7.81501	-7.815	1.44918e-05	-3.32145	-3.29516	0.000179595
167201	0.0493607	0.0502797	3.07037e-06	0.0737518	0.075125	0.449214	-7.88875	-7.89013	0.452128	-7.81499	-7.815	1.44623e-05	-3.28923	-3.29516	0.000179483
167401	0.0480473	0.0502792	3.0708e-06	0.0717894	0.0751242	0.449278	-7.88678	-7.89013	0.452189	-7.81499	-7.815	1.4429e-05	-3.27744	-3.29516	0.000179507
167601	0.0475129	0.0502805	3.07253e-06	0.0709909	0.0751261	0.44953	-7.88598	-7.89013	0.452441	-7.81499	-7.815	1.43991e-05	-3.27615	-3.29517	0.000179564
167801	0.0499126	0.0502808	3.07097e-06	0.0745764	0.0751266	0.449303	-7.88958	-7.89013	0.452213	-7.81501	-7.815	1.43739e-05	-3.29218	-3.29517	0.000179392
168001	0.0508718	0.05028	3.06266e-06	0.0760097	0.0751254	0.448087	-7.89101	-7.89013	0.450989	-7.815	-7.815	1.43319e-05	-3.30042	-3.29517	0.000178894
168201	0.0510742	0.0502807	3.05633e-06	0.0763121	0.0751265	0.44716	-7.89132	-7.89013	0.450056	-7.81501	-7.815	1.42944e-05	-3.30135	-3.29518	0.000178542
168401	0.0511729	0.0502802	3.04859e-06	0.0764595	0.0751257	0.446028	-7.89146	-7.89013	0.448917	-7.815	-7.815	1.42562e-05	-3.30238	-3.29518	0.000178086
168601	0.0506851	0.050281	3.04183e-06	0.0757306	0.0751269	0.445038	-7.89073	-7.89013	0.447919	-7.815	-7.815	1.42161e-05	-3.2992	-3.29518	0.000177744
168801	0.0503031	0.0502807	3.03595e-06	0.0751599	0.0751265	0.444178	-7.89016	-7.89013	0.447052	-7.815	-7.815	1.41784e-05	-3.29583	-3.29518	0.000177437
169001	0.0499071	0.0502808	3.02724e-06	0.0745682	0.0751265	0.442904	-7.88956	-7.89013	0.44577	-7.81499	-7.815	1.41486e-05	-3.29328	-3.29518	0.000176927
169201	0.0527358	0.0502812	3.02788e-06	0.0787946	0.0751272	0.442998	-7.89381	-7.89013	0.445867	-7.81501	-7.815	1.41298e-05	-3.31633	-3.29518	0.000177001
169401	0.0519368	0.0502813	3.0268e-06	0.0776009	0.0751273	0.442839	-7.8926	-7.89013	0.445703	-7.815	-7.815	1.40978e-05	-3.30821	-3.29519	0.000176977
169601	0.0495078	0.0502806	3.02361e-06	0.0739715	0.0751263	0.442374	-7.88897	-7.89013	0.445232	-7.815	-7.815	1.4067e-05	-3.28907	-3.29519	0.000176813
169801	0.0510519	0.0502823	3.02155e-06	0.0762786	0.0751288	0.442071	-7.89129	-7.89013	0.444931	-7.81501	-7.815	1.40538e-05	-3.30108	-3.2952	0.000176689
170001	0.0514481	0.0502804	3.01908e-06	0.0768707	0.075126	0.44171	-7.89187	-7.89013	0.444572	-7.81499	-7.815	1.40586e-05	-3.30421	-3.29519	0.000176517
170201	0.0527154	0.0502813	3.01477e-06	0.0787642	0.0751273	0.441079	-7.89377	-7.89013	0.443934	-7.81501	-7.815	1.40246e-05	-3.31372	-3.29519	0.000176266
170401	0.0502083	0.0502801	3.01094e-06	0.0750183	0.0751256	0.440519	-7.89002	-7.89013	0.443371	-7.815	-7.815	1.40078e-05	-3.29452	-3.29519	0.00017599
170601	0.0517817	0.0502817	3.00422e-06	0.0773692	0.075128	0.439536	-7.89237	-7.89013	0.442382	-7.81501	-7.815	1.39715e-05	-3.30838	-3.2952	0.000175629
170801	0.0518701	0.05028	3.003e-06	0.0775012	0.0751254	0.439358	-7.89251	-7.89013	0.442205	-7.81501	-7.815	1.39595e-05	-3.30565	-3.29519	0.000175486
171001	0.0510617	0.0502812	2.9982e-06	0.0762934	0.0751272	0.438656	-7.8913	-7.89013	0.441498	-7.815	-7.815	1.39247e-05	-3.30075	-3.2952	0.000175158
171201	0.0485146	0.05028	2.99879e-06	0.0724876	0.0751253	0.438741	-7.88747	-7.89013	0.441588	-7.81498	-7.815	1.39313e-05	-3.28125	-3.2952	0.000175245
171401	0.0505702	0.0502805	2.99324e-06	0.075559	0.0751262	0.43793	-7.89056	-7.89013	0.440769	-7.815	-7.815	1.39022e-05	-3.29832	-3.2952	0.000174947
171601	0.0502189	0.0502822	2.98717e-06	0.0750341	0.0751287	0.437042	-7.89004	-7.89013	0.439875	-7.815	-7.815	1.38704e-05	-3.29628	-3.29521	0.000174589
171801	0.0512915	0.0502801	2.98253e-06	0.0766368	0.0751256	0.436363	-7.89163	-7.89013	0.439195	-7.815	-7.815	1.38598e-05	-3.30229	-3.2952	0.000174291
172001	0.0496115	0.0502797	2.9795e-06	0.0741265	0.075125	0.435919	-7.88913	-7.89013	0.438745	-7.815	-7.815	1.38253e-05	-3.29086	-3.2952	0.000174088
172201	0.0489883	0.0502812	2.97926e-06	0.0731954	0.0751272	0.435884	-7.88819	-7.89013	0.43871	-7.81499	-7.815	1.37988e-05	-3.28813	-3.29521	0.000174069
172401	0.052389	0.0502814	2.97506e-06	0.0782765	0.0751275	0.43527	-7.89329	-7.89013	0.438091	-7.81501	-7.815	1.37692e-05	-3.3127	-3.29522	0.000173852
172601	0.0476869	0.0502808	2.97092e-06	0.071251	0.0751266	0.434664	-7.88624	-7.89013	0.437481	-7.81499	-7.815	1.37427e-05	-3.27485	-3.29521	0.00017363
172801	0.0527616	0.0502816	2.96735e-06	0.0788332	0.0751278	0.434142	-7.89385	-7.89013	0.436956	-7.81502	-7.815	1.37266e-05	-3.31335	-3.29522	0.000173431
173001	0.0517152	0.0502819	2.97133e-06	0.0772698	0.0751282	0.434724	-7.89227	-7.89013	0.437537	-7.815	-7.815	1.37008e-05	-3.30853	-3.29522	0.000173714
173201	0.0490191	0.0502828	2.97993e-06	0.0732414	0.0751296	0.435983	-7.88824	-7.89013	0.438796	-7.815	-7.815	1.36703e-05	-3.28648	-3.29523	0.000174271
173401	0.0497633	0.0502831	2.99534e-06	0.0743533	0.07513	0.438236	-7.88936	-7.89013	0.441057	-7.815	-7.815	1.36532e-05	-3.2903	-3.29523	0.00017506
173601	0.0525768	0.0502821	2.99211e-06	0.0785571	0.0751286	0.437765	-7.89356	-7.89013	0.440581	-7.815	-7.815	1.36282e-05	-3.31312	-3.29523	0.000174845
173801	0.0516116	0.0502813	2.99306e-06	0.077115	0.0751273	0.437903	-7.89212	-7.89013	0.440718	-7.815	-7.815	1.36101e-05	-3.30516	-3.29522	0.000174895
174001	0.053023	0.050282	2.98897e-06	0.0792238	0.0751284	0.437304	-7.89423	-7.89013	0.440114	-7.81501	-7.815	1.35777e-05	-3.31647	-3.29523	0.000174646
174201	0.052924	0.0502808	2.99584e-06	0.0790759	0.0751266	0.43831	-7.89407	-7.89013	0.441126	-7.815	-7.815	1.35805e-05	-3.31667	-3.29522	0.000175072
174401	0.0519049	0.0502822	2.99665e-06	0.0775532	0.0751287	0.438428	-7.89256	-7.89013	0.441239	-7.815	-7.815	1.35499e-05	-3.30823	-3.29523	0.000175192
174601	0.0508691	0.0502828	2.99869e-06	0.0760056	0.0751295	0.438726	-7.89101	-7.89013	0.441537	-7.81501	-7.815	1.35237e-05	-3.29942	-3.29524	0.000175426
174801	0.049617	0.0502815	2.99305e-06	0.0741348	0.0751276	0.437902	-7.88913	-7.89013	0.440706	-7.81499	-7.815	1.34958e-05	-3.29039	-3.29523	0.000175125
175001	0.0500919	0.0502803	2.98873e-06	0.0748443	0.0751258	0.43727	-7.88985	-7.89013	0.440069	-7.815	-7.815	1.34744e-05	-3.29146	-3.29522	0.000174885
175201	0.0492267	0.0502813	2.98336e-06	0.0735516	0.0751274	0.436484	-7.88855	-7.89013	0.439279	-7.815	-7.815	1.34464e-05	-3.2876	-3.29523	0.000174544
175401	0.0487174	0.0502814	2.98058e-06	0.0727906	0.0751274	0.436078	-7.88779	-7.89013	0.438868	-7.815	-7.815	1.34171e-05	-3.28438	-3.29523	0.000174365
175601	0.0484255	0.0502806	2.98621e-06	0.0723545	0.0751263	0.436901	-7.88734	-7.89013	0.439696	-7.81498	-7.815	1.34108e-05	-3.28069	-3.29522	0.000174759
175801	0.051888	0.0502813	2.98098e-06	0.0775279	0.0751274	0.436137	-7.89255	-7.89013	0.438925	-7.81502	-7.815	1.33918e-05	-3.30551	-3.29523	0.000174469
176001	0.0498502	0.0502817	2.98802e-06	0.0744832	0.0751279	0.437166	-7.88947	-7.89013	0.439965	-7.81499	-7.815	1.34003e-05	-3.29256	-3.29523	0.000174856
176201	0.0508193	0.0502821	2.98157e-06	0.0759312	0.0751286	0.436222	-7.89094	-7.89013	0.439014	-7.81501	-7.815	1.33741e-05	-3.30052	-3.29524	0.000174493
176401	0.0479806	0.0502824	2.9767e-06	0.0716898	0.075129	0.43551	-7.88669	-7.89013	0.438297	-7.815	-7.815	1.33466e-05	-3.27693	-3.29524	0.00017423
176601	0.047682	0.0502838	2.98242e-06	0.0712436	0.0751311	0.436347	-7.88623	-7.89013	0.439137	-7.81498	-7.815	1.33265e-05	-3.27372	-3.29525	0.000174616
176801	0.0524257	0.0502807	2.98173e-06	0.0783314	0.0751265	0.436246	-7.89333	-7.89013	0.439045	-7.815	-7.815	1.33832e-05	-3.31287	-3.29523	0.000174544
177001	0.0496904	0.0502826	2.97835e-06	0.0742445	0.0751292	0.435751	-7.88924	-7.89013	0.438545	-7.815	-7.815	1.3353e-05	-3.29239	-3.29525	0.000174381
177201	0.0490111	0.0502822	2.97667e-06	0.0732294	0.0751287	0.435505	-7.88823	-7.89013	0.438294	-7.815	-7.815	1.33214e-05	-3.28587	-3.29524	0.000174236
177401	0.0524327	0.0502821	2.97184e-06	0.0783419	0.0751286	0.434799	-7.89336	-7.89013	0.437584	-7.81501	-7.815	1.3295e-05	-3.31163	-3.29524	0.000173944
177601	0.0521648	0.0502831	2.96918e-06	0.0779416	0.07513	0.43441	-7.89294	-7.89013	0.43719	-7.815	-7.815	1.32675e-05	-3.31035	-3.29525	0.000173835
177801	0.0524974	0.0502825	2.97506e-06	0.0784385	0.0751291	0.43527	-7.89345	-7.89013	0.438054	-7.81502	-7.815	1.32519e-05	-3.31156	-3.29524	0.000174179
178001	0.0493565	0.0502795	2.9865e-06	0.0737455	0.0751247	0.436944	-7.88874	-7.89013	0.439745	-7.81499	-7.815	1.32803e-05	-3.28907	-3.29522	0.000174831
178201	0.0532776	0.0502843	2.99075e-06	0.0796042	0.0751318	0.437565	-7.89462	-7.89013	0.440375	-7.81501	-7.815	1.32995e-05	-3.31921	-3.29526	0.000175094
178401	0.0520363	0.050281	3.00526e-06	0.0777495	0.0751269	0.439689	-7.89276	-7.89013	0.442517	-7.81501	-7.815	1.33284e-05	-3.30772	-3.29524	0.000175872
178601	0.0505929	0.0502829	2.99957e-06	0.0755929	0.0751297	0.438855	-7.8906	-7.89013	0.441679	-7.81501	-7.815	1.33087e-05	-3.29764	-3.29525	0.000175549
178801	0.0533183	0.0502825	2.99816e-06	0.079665	0.0751291	0.43865	-7.89468	-7.89013	0.441471	-7.81502	-7.815	1.32837e-05	-3.31844	-3.29525	0.000175494
179001	0.0502527	0.0502827	2.9978e-06	0.0750846	0.0751294	0.438597	-7.89008	-7.89013	0.441415	-7.81499	-7.815	1.32629e-05	-3.29602	-3.29525	0.000175505
179201	0.0522933	0.0502843	3.00925e-06	0.0781336	0.0751319	0.440272	-7.89315	-7.89013	0.443104	-7.81502	-7.815	1.32719e-05	-3.30977	-3.29526	0.000176192
179401	0.0528727	0.0502815	3.01166e-06	0.0789993	0.0751276	0.440624	-7.89401	-7.89013	0.44346	-7.81501	-7.815	1.32589e-05	-3.31438	-3.29524	0.000176331
179601	0.0525583	0.050282	3.01853e-06	0.0785296	0.0751283	0.44163	-7.89354	-7.89013	0.444466	-7.81501	-7.815	1.32439e-05	-3.31162	-3.29524	0.000176755
179801	0.0507428	0.0502845	3.02037e-06	0.0758168	0.0751322	0.441898	-7.89083	-7.89013	0.444735	-7.81501	-7.815	1.32398e-05	-3.29741	-3.29525	0.000176862
180001	0.0512233	0.0502827	3.01743e-06	0.0765348	0.0751294	0.441469	-7.89155	-7.89013	0.4443	-7.81501	-7.815	1.32111e-05	-3.30203	-3.29524	0.000176788
180201	0.0496863	0.0502836	3.01123e-06	0.0742382	0.0751307	0.440562	-7.88924	-7.89013	0.443389	-7.81501	-7.815	1.31983e-05	-3.29049	-3.29524	0.000176399
180401	0.0518425	0.050283	3.00528e-06	0.07746	0.0751299	0.439692	-7.89248	-7.89013	0.442512	-7.81502	-7.815	1.31707e-05	-3.30501	-3.29523	0.000176039
180601	0.0478559	0.0502832	3.00087e-06	0.0715034	0.0751301	0.439046	-7.8865	-7.89013	0.441863	-7.81499	-7.815	1.31497e-05	-3.27461	-3.29523	0.000175792
180801	0.0495061	0.0502829	2.9985e-06	0.073969	0.0751297	0.438699	-7.88898	-7.89013	0.441511	-7.81501	-7.815	1.31255e-05	-3.28727	-3.29523	0.000175717
181001	0.0483291	0.0502838	2.99678e-06	0.0722105	0.075131	0.438448	-7.88719	-7.89013	0.441261	-7.81498	-7.815	1.31238e-05	-3.27996	-3.29523	0.000175571
181201	0.0493256	0.0502828	2.99842e-06	0.0736994	0.0751296	0.438687	-7.88872	-7.89013	0.441505	-7.81502	-7.815	1.31279e-05	-3.28411	-3.29523	0.00017571
181401	0.0487647	0.0502825	3.00855e-06	0.0728613	0.0751291	0.440169	-7.88786	-7.89013	0.442993	-7.815	-7.815	1.31305e-05	-3.28149	-3.29522	0.000176347
181601	0.0510155	0.0502847	3.00528e-06	0.0762243	0.0751324	0.439691	-7.89122	-7.89013	0.44251	-7.815	-7.815	1.31032e-05	-3.30228	-3.29524	0.000176142
181801	0.0504762	0.0502835	3.01534e-06	0.0754186	0.0751306	0.441163	-7.89044	-7.89013	0.44399	-7.81502	-7.815	1.31023e-05	-3.29257	-3.29522	0.0001766
182001	0.0479398	0.0502832	3.01425e-06	0.0716288	0.0751302	0.441004	-7.88663	-7.89013	0.443828	-7.815	-7.815	1.31167e-05	-3.2755	-3.29522	0.00017658
182201	0.0512096	0.0502839	3.00898e-06	0.0765144	0.0751312	0.440233	-7.89153	-7.89013	0.443053	-7.81502	-7.815	1.31059e-05	-3.30046	-3.29522	0.000176274
182401	0.0494022	0.0502824	3.00549e-06	0.0738139	0.075129	0.439721	-7.88882	-7.89013	0.442536	-7.815	-7.815	1.30809e-05	-3.28805	-3.29521	0.000176075
182601	0.0485221	0.0502842	3.00127e-06	0.0724989	0.0751317	0.439104	-7.8875	-7.89013	0.441918	-7.815	-7.815	1.30774e-05	-3.28224	-3.29522	0.000175754
182801	0.0502186	0.0502842	3.00257e-06	0.0750336	0.0751317	0.439295	-7.89005	-7.89013	0.44211	-7.81501	-7.815	1.30701e-05	-3.29331	-3.29521	0.000175789
183001	0.0511624	0.0502837	2.9956e-06	0.0764438	0.0751309	0.438276	-7.89146	-7.89013	0.441083	-7.81501	-7.815	1.30464e-05	-3.30044	-3.29521	0.000175382
183201	0.0520567	0.050283	2.99422e-06	0.07778	0.0751299	0.438073	-7.89279	-7.89013	0.440877	-7.81501	-7.815	1.30225e-05	-3.30907	-3.2952	0.000175355
183401	0.0505778	0.0502827	3.00364e-06	0.0755703	0.0751294	0.439452	-7.89057	-7.89013	0.44226	-7.815	-7.815	1.30061e-05	-3.29756	-3.2952	0.000175975
183601	0.0498066	0.0502843	2.99817e-06	0.0744181	0.0751318	0.43865	-7.88942	-7.89013	0.441454	-7.815	-7.815	1.29812e-05	-3.29173	-3.29521	0.000175627
183801	0.0499982	0.0502837	2.99204e-06	0.0747043	0.0751309	0.437754	-7.88971	-7.89013	0.440552	-7.81501	-7.815	1.29547e-05	-3.29199	-3.2952	0.000175262
184001	0.0505603	0.0502836	2.98725e-06	0.0755442	0.0751307	0.437053	-7.89054	-7.89013	0.439847	-7.81499	-7.815	1.293e-05	-3.29818	-3.2952	0.000174966
184201	0.0510808	0.0502843	2.98369e-06	0.076322	0.0751319	0.436532	-7.89132	-7.89013	0.439321	-7.815	-7.815	1.29064e-05	-3.30057	-3.29521	0.000174736
184401	0.0506908	0.0502829	2.97837e-06	0.0757392	0.0751297	0.435755	-7.89075	-7.89013	0.43854	-7.81501	-7.815	1.28845e-05	-3.29682	-3.2952	0.000174411
184601	0.0518935	0.0502844	2.97373e-06	0.0775361	0.075132	0.435076	-7.89254	-7.89013	0.437856	-7.815	-7.815	1.28624e-05	-3.30854	-3.29521	0.000174135
184801	0.0523075	0.0502831	2.97424e-06	0.0781548	0.0751301	0.43515	-7.89316	-7.89013	0.437932	-7.81501	-7.815	1.28517e-05	-3.31074	-3.2952	0.000174232
185001	0.0491115	0.0502846	2.96944e-06	0.0733795	0.0751322	0.434448	-7.88837	-7.89013	0.437224	-7.81499	-7.815	1.28271e-05	-3.28745	-3.29521	0.00017396
185201	0.0516622	0.0502842	2.97062e-06	0.0771906	0.0751316	0.43462	-7.89221	-7.89013	0.437401	-7.81502	-7.815	1.28195e-05	-3.30589	-3.2952	0.000174062
185401	0.0498811	0.0502863	2.96927e-06	0.0745294	0.0751348	0.434422	-7.88951	-7.89014	0.437196	-7.81498	-7.815	1.28019e-05	-3.29271	-3.29522	0.00017396
185601	0.0542873	0.050282	2.98421e-06	0.0811129	0.0751283	0.436609	-7.89613	-7.89013	0.439419	-7.81502	-7.815	1.29271e-05	-3.32543	-3.29519	0.000174723
185801	0.0525314	0.050283	3.00449e-06	0.0784892	0.0751299	0.439576	-7.89349	-7.89013	0.442403	-7.815	-7.815	1.29352e-05	-3.31449	-3.2952	0.000175978
186001	0.0478665	0.0502835	3.01222e-06	0.0715193	0.0751307	0.440707	-7.88648	-7.89013	0.443543	-7.81496	-7.815	1.29988e-05	-3.27911	-3.2952	0.000176455
186201	0.0493379	0.0502841	3.0182e-06	0.0737177	0.0751315	0.441582	-7.88872	-7.89013	0.444425	-7.815	-7.815	1.30208e-05	-3.28873	-3.29521	0.000176843
186401	0.0490159	0.0502828	3.01422e-06	0.0732367	0.0751296	0.441	-7.88823	-7.89013	0.443838	-7.815	-7.815	1.29952e-05	-3.28518	-3.2952	0.000176638
186601	0.0477785	0.0502826	3.02395e-06	0.0713877	0.0751292	0.442423	-7.88636	-7.89013	0.445271	-7.81497	-7.815	1.30127e-05	-3.27731	-3.2952	0.000177307
186801	0.0489267	0.0502829	3.02034e-06	0.0731033	0.0751297	0.441895	-7.88811	-7.89013	0.444739	-7.81501	-7.815	1.30052e-05	-3.2827	-3.2952	0.000177088
187001	0.0491881	0.0502844	3.02021e-06	0.0734939	0.075132	0.441876	-7.88849	-7.89013	0.44472	-7.81499	-7.815	1.29972e-05	-3.28563	-3.29521	0.000177066
187201	0.0509634	0.0502839	3.01996e-06	0.0761465	0.0751312	0.44184	-7.89114	-7.89013	0.444683	-7.815	-7.815	1.29856e-05	-3.29913	-3.2952	0.00017706
187401	0.0523755	0.0502827	3.02122e-06	0.0782563	0.0751294	0.442024	-7.89328	-7.89013	0.444871	-7.81502	-7.815	1.29816e-05	-3.30814	-3.29519	0.000177107
187601	0.0496486	0.050284	3.01587e-06	0.074182	0.0751314	0.441241	-7.88919	-7.89013	0.444086	-7.81501	-7.815	1.29952e-05	-3.2878	-3.29519	0.00017676
187801	0.0493474	0.0502838	3.00924e-06	0.0737319	0.075131	0.440271	-7.88872	-7.89013	0.443111	-7.81499	-7.815	1.29764e-05	-3.28755	-3.29519	0.000176392
188001	0.0511382	0.0502845	3.0202e-06	0.0764076	0.0751322	0.441874	-7.89143	-7.89013	0.444728	-7.81502	-7.815	1.29917e-05	-3.29961	-3.29519	0.000176949
188201	0.049781	0.0502838	3.02008e-06	0.0743798	0.075131	0.441856	-7.88939	-7.89013	0.444706	-7.81501	-7.815	1.29688e-05	-3.28789	-3.29518	0.00017693
188401	0.051138	0.0502829	3.01472e-06	0.0764074	0.0751297	0.441073	-7.8914	-7.89013	0.443917	-7.815	-7.815	1.29438e-05	-3.2998	-3.29517	0.000176655
188601	0.0535257	0.0502835	3.02031e-06	0.079975	0.0751307	0.441891	-7.895	-7.89013	0.444738	-7.81502	-7.815	1.29391e-05	-3.3174	-3.29517	0.000176986
188801	0.0504904	0.0502837	3.0198e-06	0.0754397	0.0751309	0.441815	-7.89046	-7.89013	0.44466	-7.81502	-7.815	1.29365e-05	-3.292	-3.29516	0.000176937
189001	0.0505862	0.0502818	3.02568e-06	0.0755828	0.0751282	0.442676	-7.89058	-7.89013	0.445527	-7.81499	-7.815	1.29337e-05	-3.2949	-3.29514	0.000177373
189201	0.0577718	0.0502829	3.04527e-06	0.0863192	0.0751297	0.445541	-7.90136	-7.89013	0.448399	-7.81504	-7.815	1.29506e-05	-3.3508	-3.29515	0.000178599
189401	0.0499123	0.0502836	3.0688e-06	0.0745759	0.0751307	0.448984	-7.88958	-7.89013	0.451858	-7.815	-7.815	1.29788e-05	-3.2903	-3.29515	0.000179992
189601	0.044469	0.0502834	3.08842e-06	0.066443	0.0751304	0.451856	-7.88143	-7.89013	0.454737	-7.81499	-7.815	1.29655e-05	-3.24767	-3.29514	0.000181239
189801	0.0536442	0.0502832	3.09291e-06	0.080152	0.0751301	0.452512	-7.89519	-7.89013	0.455395	-7.81503	-7.815	1.29753e-05	-3.31849	-3.29513	0.000181556
190001	0.0520879	0.0502823	3.10905e-06	0.0778267	0.0751288	0.454873	-7.89284	-7.89013	0.457768	-7.81501	-7.815	1.29857e-05	-3.30889	-3.29512	0.000182543
190201	0.0473312	0.050283	3.10864e-06	0.0707195	0.0751299	0.454813	-7.88572	-7.89013	0.457707	-7.815	-7.815	1.29693e-05	-3.27099	-3.29512	0.000182482
190401	0.0500791	0.0502818	3.11794e-06	0.0748252	0.0751281	0.456174	-7.88984	-7.89013	0.459067	-7.81501	-7.815	1.29438e-05	-3.29026	-3.29511	0.000183128
190601	0.0502075	0.0502838	3.12073e-06	0.0750171	0.075131	0.456582	-7.89002	-7.89013	0.45948	-7.815	-7.815	1.29514e-05	-3.29626	-3.29512	0.000183195
190801	0.0488438	0.050284	3.11622e-06	0.0729795	0.0751314	0.455922	-7.88797	-7.89013	0.458815	-7.815	-7.815	1.29251e-05	-3.28532	-3.29512	0.000182945
191001	0.0493416	0.0502827	3.11257e-06	0.0737233	0.0751295	0.455389	-7.88874	-7.89013	0.458277	-7.81501	-7.815	1.29001e-05	-3.28542	-3.29511	0.000182739
191201	0.0467966	0.0502847	3.11378e-06	0.0699207	0.0751324	0.455566	-7.88491	-7.89013	0.45846	-7.81499	-7.815	1.29182e-05	-3.26663	-3.29512	0.000182759
191401	0.0482547	0.0502831	3.12359e-06	0.0720994	0.07513	0.457001	-7.88711	-7.89013	0.459899	-7.81501	-7.815	1.2905e-05	-3.27902	-3.29511	0.000183404
191601	0.0499455	0.0502833	3.12058e-06	0.0746257	0.0751303	0.456561	-7.88964	-7.89013	0.459455	-7.81501	-7.815	1.28941e-05	-3.2911	-3.29511	0.000183229
191801	0.0481594	0.0502842	3.11839e-06	0.0719569	0.0751316	0.45624	-7.88695	-7.89013	0.459135	-7.81499	-7.815	1.28904e-05	-3.27814	-3.29511	0.000183056
192001	0.0503638	0.0502839	3.11375e-06	0.0752506	0.0751312	0.455561	-7.89025	-7.89013	0.458452	-7.815	-7.815	1.28729e-05	-3.29579	-3.29511	0.000182798
192201	0.0502387	0.0502837	3.11037e-06	0.0750636	0.075131	0.455066	-7.89007	-7.89013	0.457954	-7.81501	-7.815	1.28502e-05	-3.29252	-3.29511	0.000182615
192401	0.049955	0.0502845	3.10661e-06	0.0746399	0.0751321	0.454516	-7.88964	-7.89013	0.457399	-7.815	-7.815	1.28291e-05	-3.29174	-3.29511	0.000182357
192601	0.0533212	0.0502839	3.11142e-06	0.0796694	0.0751313	0.455221	-7.89469	-7.89013	0.45811	-7.81502	-7.815	1.28241e-05	-3.31641	-3.2951	0.000182506
192801	0.0507745	0.0502831	3.11118e-06	0.0758642	0.07513	0.455186	-7.89088	-7.89013	0.458072	-7.81501	-7.815	1.28028e-05	-3.2984	-3.2951	0.000182514
193001	0.0492288	0.0502838	3.10534e-06	0.0735547	0.075131	0.454331	-7.88855	-7.89013	0.457213	-7.815	-7.815	1.27874e-05	-3.28742	-3.2951	0.000182153
193201	0.0529084	0.050283	3.10274e-06	0.0790526	0.0751298	0.45395	-7.89408	-7.89013	0.456831	-7.81502	-7.815	1.27748e-05	-3.31184	-3.29509	0.000181954
193401	0.0512941	0.0502845	3.09921e-06	0.0766406	0.0751321	0.453434	-7.89166	-7.89013	0.456315	-7.81502	-7.815	1.27935e-05	-3.29932	-3.2951	0.000181692
193601	0.0482868	0.0502839	3.0949e-06	0.0721472	0.0751312	0.452803	-7.88714	-7.89013	0.455678	-7.815	-7.815	1.27742e-05	-3.2776	-3.29509	0.000181494
193801	0.0532895	0.0502825	3.0954e-06	0.079622	0.0751291	0.452877	-7.89465	-7.89013	0.455747	-7.81503	-7.815	1.27549e-05	-3.31541	-3.29508	0.000181597
194001	0.0511104	0.0502844	3.10123e-06	0.0763662	0.075132	0.453729	-7.89137	-7.89013	0.456605	-7.81501	-7.815	1.27669e-05	-3.30098	-3.29509	0.000181892
194201	0.051609	0.0502848	3.10324e-06	0.0771111	0.0751326	0.454024	-7.89212	-7.89014	0.456899	-7.81501	-7.815	1.27485e-05	-3.30211	-3.29509	0.000181988
194401	0.0515375	0.0502825	3.10208e-06	0.0770043	0.0751291	0.453853	-7.89202	-7.89013	0.45673	-7.81501	-7.815	1.27397e-05	-3.30279	-3.29507	0.000181913
194601	0.0497149	0.0502834	3.10314e-06	0.0742811	0.0751305	0.454009	-7.8893	-7.89013	0.456888	-7.81501	-7.815	1.2756e-05	-3.28935	-3.29507	0.000181896
194801	0.048477	0.0502841	3.10033e-06	0.0724315	0.0751316	0.453598	-7.88744	-7.89013	0.456475	-7.81501	-7.815	1.27677e-05	-3.2795	-3.29507	0.000181717
195001	0.0482056	0.0502832	3.1013e-06	0.0720259	0.0751302	0.453739	-7.88703	-7.89013	0.456613	-7.815	-7.815	1.27463e-05	-3.2775	-3.29506	0.000181798
195201	0.0526891	0.0502843	3.09944e-06	0.078725	0.0751318	0.453467	-7.89375	-7.89013	0.45634	-7.81503	-7.815	1.27571e-05	-3.31213	-3.29507	0.00018167
195401	0.051031	0.0502837	3.09722e-06	0.0762475	0.0751309	0.453143	-7.89126	-7.89013	0.456012	-7.81501	-7.815	1.27468e-05	-3.29957	-3.29506	0.000181583
195601	0.0449519	0.0502842	3.10201e-06	0.0671645	0.0751317	0.453844	-7.88215	-7.89013	0.456717	-7.81498	-7.815	1.27411e-05	-3.25452	-3.29506	0.00018179
195801	0.0504162	0.0502843	3.10924e-06	0.0753289	0.0751318	0.454902	-7.89036	-7.89013	0.457786	-7.81503	-7.815	1.27666e-05	-3.29321	-3.29505	0.000182111
196001	0.0500204	0.0502839	3.103e-06	0.0747375	0.0751311	0.453989	-7.88975	-7.89013	0.456866	-7.81501	-7.815	1.27671e-05	-3.29133	-3.29505	0.000181757
196201	0.0480787	0.0502847	3.09989e-06	0.0718364	0.0751324	0.453533	-7.88683	-7.89014	0.456408	-7.81499	-7.815	1.27548e-05	-3.27699	-3.29505	0.000181548
196401	0.0500518	0.050283	3.09654e-06	0.0747845	0.0751298	0.453044	-7.88981	-7.89013	0.455915	-7.81502	-7.815	1.27451e-05	-3.29002	-3.29503	0.000181372
196601	0.0474512	0.0502845	3.09869e-06	0.0708987	0.0751321	0.453358	-7.88589	-7.89013	0.456239	-7.81499	-7.815	1.2791e-05	-3.27229	-3.29504	0.000181463
196801	0.0508624	0.0502849	3.10111e-06	0.0759956	0.0751327	0.453711	-7.89101	-7.89014	0.456596	-7.81501	-7.815	1.27828e-05	-3.29769	-3.29504	0.000181556
197001	0.051276	0.0502836	3.09875e-06	0.0766136	0.0751307	0.453367	-7.89164	-7.89013	0.456248	-7.81502	-7.815	1.27673e-05	-3.29802	-3.29503	0.000181401
197201	0.0477504	0.0502838	3.09465e-06	0.0713458	0.0751311	0.452767	-7.88635	-7.89013	0.455644	-7.81501	-7.815	1.27802e-05	-3.27432	-3.29503	0.000181176
197401	0.0476409	0.0502842	3.10002e-06	0.0711822	0.0751317	0.453553	-7.88618	-7.89013	0.456433	-7.81499	-7.815	1.27811e-05	-3.27336	-3.29503	0.000181505
197601	0.05391	0.0502844	3.10863e-06	0.0805492	0.075132	0.454811	-7.89559	-7.89013	0.457707	-7.81504	-7.815	1.28313e-05	-3.3201	-3.29502	0.000181924
197801	0.0503366	0.0502851	3.1091e-06	0.0752099	0.0751331	0.454881	-7.89022	-7.89014	0.457775	-7.81501	-7.815	1.2893e-05	-3.29389	-3.29503	0.000181944
198001	0.0489768	0.0502841	3.10712e-06	0.0731782	0.0751315	0.454591	-7.88818	-7.89013	0.45748	-7.81501	-7.815	1.28695e-05	-3.28466	-3.29502	0.000181874
198201	0.0518503	0.0502833	3.10403e-06	0.0774717	0.0751304	0.454138	-7.8925	-7.89013	0.457021	-7.81502	-7.815	1.286e-05	-3.30365	-3.29501	0.00018172
198401	0.0498899	0.0502839	3.10199e-06	0.0745425	0.0751313	0.45384	-7.88955	-7.89013	0.456723	-7.815	-7.815	1.28673e-05	-3.29388	-3.29501	0.000181537
198601	0.0520497	0.0502847	3.09838e-06	0.0777695	0.0751324	0.453312	-7.89279	-7.89014	0.456193	-7.81502	-7.815	1.2859e-05	-3.30662	-3.29501	0.000181306
198801	0.0529641	0.0502829	3.10054e-06	0.0791358	0.0751298	0.453628	-7.89417	-7.89013	0.456509	-7.81503	-7.815	1.28552e-05	-3.31213	-3.29499	0.000181415
199001	0.0508763	0.0502836	3.10535e-06	0.0760163	0.0751307	0.454333	-7.89103	-7.89013	0.457221	-7.81501	-7.815	1.2886e-05	-3.30076	-3.29499	0.00018163
199201	0.0505349	0.0502846	3.10029e-06	0.0755063	0.0751323	0.453592	-7.89052	-7.89014	0.456478	-7.81501	-7.815	1.28844e-05	-3.29631	-3.295	0.00018132
199401	0.0504809	0.0502828	3.09633e-06	0.0754255	0.0751295	0.453012	-7.89045	-7.89013	0.455893	-7.81502	-7.815	1.28654e-05	-3.29411	-3.29498	0.000181105
199601	0.0493242	0.050284	3.09867e-06	0.0736972	0.0751313	0.453355	-7.8887	-7.89013	0.456242	-7.815	-7.815	1.28998e-05	-3.28778	-3.29499	0.000181209
199801	0.0507316	0.0502838	3.09365e-06	0.0758002	0.0751311	0.45262	-7.89082	-7.89013	0.455502	-7.81502	-7.815	1.28793e-05	-3.29568	-3.29498	0.000180917
