timestep            	T              	T_{ave}             	T_{var}           	K/N            	K_{ave}/N           	K_{var}           	U/N            	U_{ave}/N           	U_{var}           	E/N            	E_{ave}/N           	E_{var}           	P              	P_{ave}             	P_{var}
100001	0.145865	0.145865	0	0.217942	0.217942	0	-7.73366	-7.73366	0	-7.51572	-7.51572	0	-2.3197	-2.3197	0
100201	0.146419	0.152246	1.69014e-05	0.218771	0.227477	2.47278	-7.7345	-7.74321	2.48218	-7.51573	-7.51573	1.05297e-05	-2.31827	-2.36233	0.000872724
100401	0.150511	0.151534	1.50983e-05	0.224885	0.226414	2.20897	-7.74062	-7.74214	2.21462	-7.51573	-7.51573	6.96607e-06	-2.3572	-2.35675	0.000755398
100601	0.15231	0.152017	1.16333e-05	0.227573	0.227134	1.70203	-7.7433	-7.74287	1.70713	-7.51573	-7.51573	6.84117e-06	-2.36669	-2.3625	0.000620283
100801	0.15475	0.152267	1.02367e-05	0.231218	0.227508	1.4977	-7.74697	-7.74324	1.50259	-7.51575	-7.51573	8.33325e-06	-2.38662	-2.36438	0.00056563
101001	0.152022	0.152293	8.27785e-06	0.227143	0.227547	1.2111	-7.74287	-7.74328	1.21511	-7.51573	-7.51573	7.1647e-06	-2.35726	-2.36411	0.000461267
101201	0.151275	0.152185	8.59126e-06	0.226026	0.227386	1.25696	-7.74176	-7.74312	1.26153	-7.51574	-7.51573	8.02817e-06	-2.34733	-2.36194	0.000489364
101401	0.157555	0.15217	8.87909e-06	0.23541	0.227364	1.29907	-7.75118	-7.7431	1.30413	-7.51577	-7.51574	1.08865e-05	-2.40553	-2.36183	0.000515177
101601	0.154158	0.152236	9.41116e-06	0.230334	0.227462	1.37691	-7.7461	-7.7432	1.38248	-7.51576	-7.51574	1.22823e-05	-2.3802	-2.36292	0.000542494
101801	0.151752	0.152401	8.6816e-06	0.226739	0.227708	1.27017	-7.74246	-7.74345	1.27543	-7.51572	-7.51574	1.33291e-05	-2.35747	-2.36458	0.000510739
102001	0.15459	0.15226	1.13773e-05	0.230979	0.227498	1.66457	-7.74672	-7.74324	1.67187	-7.51575	-7.51574	1.63365e-05	-2.38341	-2.36354	0.000674548
102201	0.151755	0.152298	1.17235e-05	0.226744	0.227555	1.71522	-7.74248	-7.74329	1.72241	-7.51574	-7.51574	1.52888e-05	-2.36005	-2.36385	0.000670126
102401	0.154764	0.152087	1.20473e-05	0.231239	0.227239	1.7626	-7.74697	-7.74297	1.77043	-7.51573	-7.51574	1.72033e-05	-2.38108	-2.3624	0.000690977
102601	0.160963	0.152254	1.22781e-05	0.240502	0.22749	1.79636	-7.75627	-7.74323	1.80448	-7.51577	-7.51574	1.99255e-05	-2.4319	-2.36368	0.000709762
102801	0.158196	0.152298	1.48013e-05	0.236367	0.227554	2.16552	-7.75214	-7.74329	2.17474	-7.51577	-7.51574	2.16018e-05	-2.41203	-2.36402	0.000862537
103001	0.164173	0.152267	1.66569e-05	0.245298	0.227508	2.437	-7.76107	-7.74325	2.44716	-7.51577	-7.51574	2.18921e-05	-2.45231	-2.36367	0.000978419
103201	0.151062	0.152244	1.75851e-05	0.225708	0.227474	2.5728	-7.74145	-7.74321	2.58287	-7.51574	-7.51574	2.10769e-05	-2.34979	-2.36346	0.0010227
103401	0.151595	0.152224	1.68141e-05	0.226505	0.227444	2.46001	-7.74225	-7.74318	2.4696	-7.51575	-7.51574	2.02262e-05	-2.37079	-2.36348	0.000979782
103601	0.156201	0.152313	1.6651e-05	0.233387	0.227577	2.43614	-7.74914	-7.74332	2.44563	-7.51576	-7.51574	1.97417e-05	-2.4006	-2.3643	0.00098071
103801	0.155695	0.152245	1.70915e-05	0.232631	0.227475	2.50059	-7.7484	-7.74322	2.51066	-7.51577	-7.51574	2.03602e-05	-2.39226	-2.36407	0.00100304
104001	0.148046	0.152254	1.77178e-05	0.221202	0.227488	2.59222	-7.73692	-7.74323	2.60288	-7.51572	-7.51574	2.15249e-05	-2.33054	-2.36412	0.00104012
104201	0.159897	0.15222	1.75605e-05	0.238909	0.227438	2.56921	-7.75468	-7.74318	2.57962	-7.51577	-7.51574	2.09515e-05	-2.41906	-2.36397	0.00102785
104401	0.149517	0.152317	1.81175e-05	0.2234	0.227582	2.6507	-7.73916	-7.74332	2.66148	-7.51576	-7.51574	2.33141e-05	-2.34259	-2.36468	0.00105285
104601	0.149521	0.152269	1.82947e-05	0.223406	0.227512	2.67663	-7.73916	-7.74325	2.68706	-7.51575	-7.51574	2.30231e-05	-2.34901	-2.36436	0.0010526
104801	0.141536	0.152323	1.86732e-05	0.211475	0.227593	2.73201	-7.7272	-7.74334	2.74293	-7.51572	-7.51574	2.38882e-05	-2.2795	-2.36463	0.00106887
105001	0.145997	0.152283	1.89616e-05	0.21814	0.227533	2.7742	-7.73389	-7.74328	2.78515	-7.51575	-7.51574	2.3457e-05	-2.3148	-2.36417	0.00108674
105201	0.149431	0.152317	1.97371e-05	0.223272	0.227583	2.88766	-7.73905	-7.74333	2.8993	-7.51577	-7.51575	2.75961e-05	-2.33712	-2.36439	0.00113066
105401	0.155319	0.152331	1.91994e-05	0.232068	0.227604	2.80899	-7.74787	-7.74335	2.82052	-7.5158	-7.51575	2.91631e-05	-2.39097	-2.36444	0.0011025
105601	0.151275	0.15239	1.92235e-05	0.226026	0.227691	2.81252	-7.7418	-7.74344	2.82433	-7.51577	-7.51575	3.38209e-05	-2.35624	-2.36477	0.00110047
105801	0.155211	0.152269	1.91372e-05	0.231908	0.227512	2.79989	-7.7477	-7.74326	2.81157	-7.51579	-7.51575	3.36193e-05	-2.38542	-2.36374	0.00110249
106001	0.151622	0.152333	1.91938e-05	0.226544	0.227607	2.80817	-7.74229	-7.74336	2.82055	-7.51575	-7.51575	3.71764e-05	-2.35574	-2.36403	0.00111094
106201	0.159896	0.152315	1.94378e-05	0.238906	0.22758	2.84387	-7.75471	-7.74333	2.85655	-7.5158	-7.51575	3.72059e-05	-2.42147	-2.36385	0.00112703
106401	0.15189	0.152227	2.06417e-05	0.226944	0.227448	3.02002	-7.74271	-7.7432	3.03367	-7.51577	-7.51575	3.83574e-05	-2.35263	-2.36314	0.00119283
106601	0.149953	0.152345	2.10741e-05	0.224052	0.227624	3.08327	-7.73983	-7.74338	3.09802	-7.51578	-7.51575	4.3443e-05	-2.34531	-2.36382	0.00120213
106801	0.156767	0.152324	2.07711e-05	0.234233	0.227593	3.03893	-7.75	-7.74334	3.05338	-7.51577	-7.51575	4.25071e-05	-2.38994	-2.36362	0.00118412
107001	0.147688	0.152303	2.03195e-05	0.220667	0.227562	2.97287	-7.7364	-7.74331	2.9871	-7.51573	-7.51575	4.19188e-05	-2.32105	-2.36336	0.00115913
107201	0.151944	0.152368	2.07991e-05	0.227025	0.227659	3.04304	-7.74278	-7.74341	3.05778	-7.51575	-7.51575	4.23232e-05	-2.3591	-2.36375	0.00118813
107401	0.160287	0.152312	2.21888e-05	0.239491	0.227576	3.24636	-7.75531	-7.74333	3.26223	-7.51582	-7.51575	4.3424e-05	-2.41637	-2.3633	0.00125829
107601	0.150419	0.152287	2.22859e-05	0.224747	0.227538	3.26056	-7.74048	-7.74329	3.27684	-7.51573	-7.51575	4.45919e-05	-2.34632	-2.36308	0.00125411
107801	0.166966	0.152416	2.39616e-05	0.249471	0.227732	3.50573	-7.76531	-7.74349	3.52509	-7.51584	-7.51575	5.52005e-05	-2.46692	-2.36393	0.00134221
108001	0.152269	0.152243	2.62807e-05	0.227511	0.227473	3.84503	-7.74327	-7.74323	3.8678	-7.51576	-7.51575	6.2938e-05	-2.364	-2.36272	0.00144855
108201	0.142822	0.152361	2.84529e-05	0.213396	0.227649	4.16283	-7.7291	-7.7434	4.18801	-7.5157	-7.51575	6.70082e-05	-2.2898	-2.36361	0.00157021
108401	0.147107	0.152337	2.81265e-05	0.219798	0.227613	4.11509	-7.73553	-7.74337	4.13998	-7.51573	-7.51575	6.67583e-05	-2.32244	-2.36338	0.00155425
108601	0.146585	0.152318	2.84032e-05	0.219019	0.227585	4.15557	-7.7347	-7.74334	4.1805	-7.51568	-7.51575	6.73448e-05	-2.32897	-2.36331	0.00156653
108801	0.153278	0.152315	2.79791e-05	0.229019	0.22758	4.09352	-7.74477	-7.74333	4.11789	-7.51575	-7.51575	6.8085e-05	-2.36753	-2.36328	0.00154432
109001	0.146721	0.152333	2.77598e-05	0.219222	0.227607	4.06143	-7.73491	-7.74336	4.08574	-7.51569	-7.51575	6.82376e-05	-2.32042	-2.36334	0.00153099
109201	0.154686	0.152339	2.74633e-05	0.231122	0.227615	4.01805	-7.74686	-7.74337	4.04204	-7.51573	-7.51575	6.86011e-05	-2.38801	-2.36348	0.00151632
109401	0.145604	0.152346	2.71995e-05	0.217552	0.227626	3.97946	-7.73326	-7.74338	4.00294	-7.5157	-7.51575	6.81956e-05	-2.31905	-2.36353	0.00150211
109601	0.148792	0.15235	2.78056e-05	0.222316	0.227633	4.06814	-7.73803	-7.74338	4.0916	-7.51571	-7.51575	6.79266e-05	-2.33562	-2.36365	0.00153851
109801	0.158006	0.152345	2.76544e-05	0.236083	0.227624	4.04601	-7.75181	-7.74337	4.06924	-7.51573	-7.51575	6.90378e-05	-2.41367	-2.36362	0.00153465
110001	0.152398	0.152365	2.76891e-05	0.227703	0.227654	4.05109	-7.74344	-7.7434	4.07406	-7.51574	-7.51575	6.83339e-05	-2.36566	-2.36385	0.00154042
110201	0.144514	0.152299	2.76277e-05	0.215924	0.227556	4.0421	-7.73163	-7.7433	4.06535	-7.5157	-7.51575	7.03203e-05	-2.31084	-2.36332	0.00153828
110401	0.155121	0.152346	2.7779e-05	0.231773	0.227626	4.06424	-7.74753	-7.74337	4.08738	-7.51575	-7.51575	6.94164e-05	-2.39194	-2.36375	0.00155167
110601	0.153651	0.152341	2.75277e-05	0.229577	0.227619	4.02747	-7.7453	-7.74337	4.05036	-7.51572	-7.51575	6.87805e-05	-2.38006	-2.36378	0.00154132
110801	0.155533	0.152347	2.70715e-05	0.232389	0.227629	3.96074	-7.74815	-7.74338	3.98328	-7.51577	-7.51575	6.78549e-05	-2.38287	-2.36385	0.00151556
111001	0.150362	0.152334	2.67363e-05	0.224662	0.227608	3.91168	-7.74038	-7.74335	3.93405	-7.51572	-7.51575	6.73931e-05	-2.34655	-2.36373	0.00149464
111201	0.164397	0.152378	2.6895e-05	0.245632	0.227674	3.9349	-7.76144	-7.74342	3.95774	-7.51581	-7.51575	6.89681e-05	-2.45773	-2.36403	0.00150202
111401	0.157984	0.152319	2.7943e-05	0.23605	0.227585	4.08824	-7.75183	-7.74333	4.1119	-7.51578	-7.51575	6.9509e-05	-2.40883	-2.36361	0.00156882
111601	0.147985	0.152374	2.84234e-05	0.221111	0.227668	4.15852	-7.73683	-7.74342	4.18284	-7.51572	-7.51575	7.05077e-05	-2.33651	-2.36402	0.00159516
111801	0.154648	0.152386	2.82947e-05	0.231065	0.227687	4.13969	-7.74682	-7.74343	4.16388	-7.51576	-7.51575	6.99063e-05	-2.37749	-2.36405	0.00158289
112001	0.161058	0.152337	2.81546e-05	0.240643	0.227613	4.1192	-7.75642	-7.74336	4.14321	-7.51578	-7.51575	6.90505e-05	-2.42407	-2.36373	0.00157162
112201	0.148048	0.15238	2.84344e-05	0.221205	0.227677	4.16013	-7.73692	-7.74342	4.1842	-7.51571	-7.51575	6.88123e-05	-2.33296	-2.36401	0.00158406
112401	0.148106	0.152403	2.94045e-05	0.221291	0.227712	4.30207	-7.73703	-7.74346	4.32658	-7.51574	-7.51575	6.86542e-05	-2.3273	-2.36415	0.00163188
112601	0.152858	0.152295	3.0261e-05	0.228392	0.22755	4.42737	-7.74412	-7.7433	4.45314	-7.51573	-7.51575	7.2553e-05	-2.3673	-2.36335	0.00168
112801	0.144551	0.152368	3.07226e-05	0.215979	0.227659	4.49491	-7.73169	-7.74341	4.52133	-7.51571	-7.51575	7.36001e-05	-2.31617	-2.36386	0.00169649
113001	0.162357	0.152358	3.08602e-05	0.242584	0.227644	4.51504	-7.7584	-7.74339	4.54189	-7.51582	-7.51575	7.46341e-05	-2.43657	-2.36376	0.00169675
113201	0.147583	0.15235	3.07518e-05	0.22051	0.227632	4.49918	-7.73621	-7.74338	4.5261	-7.5157	-7.51575	7.50406e-05	-2.32421	-2.36375	0.00169028
113401	0.142086	0.152397	3.24673e-05	0.212297	0.227703	4.75017	-7.72803	-7.74345	4.77835	-7.51573	-7.51575	7.63254e-05	-2.28727	-2.36407	0.00179647
113601	0.153798	0.152349	3.29713e-05	0.229796	0.22763	4.8239	-7.74557	-7.74338	4.85232	-7.51577	-7.51575	7.61022e-05	-2.36514	-2.36366	0.00182837
113801	0.152576	0.152318	3.28786e-05	0.22797	0.227584	4.81035	-7.74374	-7.74333	4.83847	-7.51577	-7.51575	7.52871e-05	-2.36737	-2.36343	0.00182255
114001	0.149692	0.152361	3.26899e-05	0.22366	0.227649	4.78274	-7.7394	-7.7434	4.81092	-7.51574	-7.51575	7.56824e-05	-2.35353	-2.36379	0.00181144
114201	0.155198	0.152394	3.32297e-05	0.231887	0.227698	4.86171	-7.74768	-7.74345	4.89049	-7.51579	-7.51575	7.73933e-05	-2.38201	-2.36404	0.00183818
114401	0.156247	0.152354	3.31472e-05	0.233454	0.227638	4.84964	-7.74918	-7.74339	4.87824	-7.51573	-7.51575	7.70035e-05	-2.3916	-2.3637	0.00183672
114601	0.159624	0.152347	3.31207e-05	0.238501	0.227628	4.84577	-7.7543	-7.74338	4.87425	-7.5158	-7.51575	7.66114e-05	-2.42126	-2.3636	0.00183904
114801	0.150214	0.152357	3.2797e-05	0.224441	0.227643	4.79841	-7.74017	-7.74339	4.82669	-7.51573	-7.51575	7.63651e-05	-2.34122	-2.36364	0.00182246
115001	0.152548	0.152331	3.25833e-05	0.227929	0.227604	4.76714	-7.74367	-7.74335	4.79517	-7.51574	-7.51575	7.55166e-05	-2.35996	-2.36337	0.00181246
115201	0.147379	0.15236	3.22788e-05	0.220204	0.227647	4.72259	-7.73596	-7.7434	4.75041	-7.51575	-7.51575	7.50481e-05	-2.31729	-2.3635	0.00179383
115401	0.15628	0.152342	3.19576e-05	0.233505	0.227621	4.67559	-7.74926	-7.74337	4.70308	-7.51575	-7.51575	7.41081e-05	-2.39027	-2.36335	0.00177804
115601	0.154099	0.152321	3.18117e-05	0.230246	0.227589	4.65425	-7.74602	-7.74334	4.6816	-7.51577	-7.51575	7.35805e-05	-2.37072	-2.36315	0.00176967
115801	0.153618	0.152328	3.18894e-05	0.229527	0.227599	4.66562	-7.74529	-7.74335	4.69287	-7.51577	-7.51575	7.31911e-05	-2.37396	-2.36315	0.00177027
116001	0.149016	0.152352	3.159e-05	0.222652	0.227635	4.62181	-7.73839	-7.74338	4.64882	-7.51574	-7.51575	7.25479e-05	-2.34327	-2.3633	0.00175364
116201	0.141111	0.152349	3.15023e-05	0.210839	0.227632	4.60898	-7.72654	-7.74338	4.6358	-7.5157	-7.51575	7.19369e-05	-2.28668	-2.36332	0.0017474
116401	0.152235	0.152351	3.16505e-05	0.227461	0.227634	4.63066	-7.74323	-7.74338	4.65762	-7.51577	-7.51575	7.19511e-05	-2.35643	-2.3633	0.00175022
116601	0.147017	0.152316	3.1554e-05	0.219664	0.227582	4.61655	-7.73538	-7.74333	4.64348	-7.51571	-7.51575	7.18436e-05	-2.31562	-2.363	0.00174912
116801	0.147708	0.152318	3.15304e-05	0.220696	0.227584	4.6131	-7.73643	-7.74333	4.63989	-7.51573	-7.51575	7.12212e-05	-2.33371	-2.36297	0.00174758
117001	0.153061	0.152376	3.16507e-05	0.228694	0.227671	4.6307	-7.74444	-7.74342	4.65769	-7.51575	-7.51575	7.1526e-05	-2.36675	-2.36337	0.00175051
117201	0.145708	0.152316	3.17495e-05	0.217708	0.227582	4.64515	-7.73341	-7.74333	4.6726	-7.5157	-7.51575	7.41863e-05	-2.30709	-2.36289	0.00176007
117401	0.14571	0.152354	3.21631e-05	0.217711	0.227638	4.70567	-7.73343	-7.74339	4.73347	-7.51571	-7.51575	7.43469e-05	-2.31558	-2.36312	0.0017814
117601	0.162562	0.152338	3.23635e-05	0.24289	0.227614	4.73498	-7.75867	-7.74336	4.76299	-7.51578	-7.51575	7.44399e-05	-2.4358	-2.36302	0.00178743
117801	0.153678	0.152334	3.26862e-05	0.229617	0.227608	4.78219	-7.74533	-7.74336	4.81035	-7.51571	-7.51575	7.50948e-05	-2.37026	-2.36302	0.00179916
118001	0.147627	0.152329	3.23592e-05	0.220575	0.227601	4.73435	-7.7363	-7.74335	4.76222	-7.51573	-7.51575	7.46709e-05	-2.3284	-2.36299	0.00178099
118201	0.149604	0.152355	3.23962e-05	0.22353	0.22764	4.73977	-7.73929	-7.74339	4.76774	-7.51576	-7.51575	7.47749e-05	-2.33504	-2.36317	0.0017823
118401	0.148955	0.152345	3.21008e-05	0.22256	0.227625	4.69655	-7.73829	-7.74337	4.72422	-7.51573	-7.51575	7.40874e-05	-2.32763	-2.36306	0.00176712
118601	0.154829	0.152348	3.18278e-05	0.231336	0.227629	4.65661	-7.7471	-7.74338	4.68406	-7.51576	-7.51575	7.35699e-05	-2.37795	-2.36305	0.0017527
118801	0.159851	0.152355	3.17056e-05	0.238839	0.22764	4.63873	-7.75462	-7.74339	4.66598	-7.51578	-7.51575	7.30406e-05	-2.40861	-2.36303	0.00174527
119001	0.153252	0.152345	3.15555e-05	0.228981	0.227626	4.61676	-7.74475	-7.74337	4.64381	-7.51577	-7.51575	7.2382e-05	-2.35744	-2.36293	0.00173628
119201	0.154899	0.152338	3.16335e-05	0.231441	0.227614	4.62818	-7.74721	-7.74336	4.65505	-7.51577	-7.51575	7.18476e-05	-2.37838	-2.36287	0.00174051
119401	0.160365	0.152366	3.15235e-05	0.239608	0.227656	4.61209	-7.75537	-7.7434	4.63884	-7.51576	-7.51575	7.15125e-05	-2.42741	-2.36306	0.00173434
119601	0.151866	0.152347	3.14538e-05	0.226909	0.227627	4.60189	-7.74263	-7.74337	4.62869	-7.51572	-7.51575	7.20291e-05	-2.35947	-2.3629	0.0017331
119801	0.150681	0.152354	3.12039e-05	0.225139	0.227639	4.56532	-7.74088	-7.74339	4.59187	-7.51574	-7.51575	7.14306e-05	-2.34808	-2.36296	0.00171964
120001	0.154354	0.152368	3.10091e-05	0.230627	0.227659	4.53682	-7.74637	-7.74341	4.56313	-7.51574	-7.51575	7.07668e-05	-2.37442	-2.36306	0.0017085
120201	0.157147	0.152344	3.08419e-05	0.2348	0.227623	4.51236	-7.75054	-7.74337	4.53869	-7.51574	-7.51575	7.12116e-05	-2.3994	-2.3629	0.00169864
120401	0.159037	0.152346	3.07583e-05	0.237623	0.227626	4.50013	-7.75339	-7.74337	4.52628	-7.51576	-7.51575	7.06078e-05	-2.40714	-2.36291	0.0016941
120601	0.152773	0.152352	3.06683e-05	0.228265	0.227635	4.48697	-7.744	-7.74338	4.51301	-7.51573	-7.51575	7.0212e-05	-2.36758	-2.36291	0.00168806
120801	0.154662	0.15235	3.03895e-05	0.231086	0.227633	4.44617	-7.74686	-7.74338	4.47197	-7.51578	-7.51575	6.96734e-05	-2.38425	-2.36287	0.00167312
121001	0.157908	0.152368	3.0292e-05	0.235937	0.22766	4.4319	-7.7517	-7.74341	4.45758	-7.51577	-7.51575	6.9225e-05	-2.40343	-2.36298	0.00166842
121201	0.154009	0.152352	3.01273e-05	0.230111	0.227635	4.40781	-7.74585	-7.74338	4.43331	-7.51574	-7.51575	6.88191e-05	-2.37445	-2.36285	0.0016598
121401	0.149043	0.152346	3.00259e-05	0.222691	0.227626	4.39298	-7.73839	-7.74337	4.4184	-7.5157	-7.51575	6.91213e-05	-2.3302	-2.36277	0.00165526
121601	0.146895	0.152341	3.00959e-05	0.219482	0.227619	4.40322	-7.73519	-7.74337	4.4286	-7.51571	-7.51575	6.90033e-05	-2.32008	-2.3627	0.00166124
121801	0.16188	0.152341	3.0033e-05	0.241871	0.227619	4.39402	-7.75765	-7.74337	4.41927	-7.51578	-7.51575	6.87252e-05	-2.43563	-2.36271	0.00165905
122001	0.147678	0.152337	2.99242e-05	0.220652	0.227614	4.37809	-7.73643	-7.74336	4.40314	-7.51577	-7.51575	6.82977e-05	-2.32808	-2.36265	0.00165401
122201	0.145658	0.15235	3.02694e-05	0.217633	0.227632	4.4286	-7.73335	-7.74338	4.4539	-7.51572	-7.51575	6.85699e-05	-2.31401	-2.36276	0.00167417
122401	0.158303	0.152361	3.00942e-05	0.236526	0.227649	4.40297	-7.75232	-7.7434	4.42822	-7.5158	-7.51575	6.86184e-05	-2.40026	-2.36282	0.00166306
122601	0.146906	0.152349	3.00247e-05	0.219498	0.227631	4.3928	-7.7352	-7.74338	4.41809	-7.5157	-7.51575	6.87471e-05	-2.32686	-2.36273	0.00165733
122801	0.156748	0.152355	2.98428e-05	0.234204	0.227639	4.36619	-7.74995	-7.74339	4.39125	-7.51574	-7.51575	6.85719e-05	-2.3977	-2.36279	0.00164797
123001	0.156297	0.152368	3.02478e-05	0.23353	0.227659	4.42545	-7.74935	-7.74341	4.45089	-7.51582	-7.51575	6.94067e-05	-2.38599	-2.36285	0.00167217
123201	0.142277	0.152355	3.01965e-05	0.212581	0.227639	4.41793	-7.7283	-7.74339	4.44323	-7.51572	-7.51575	6.96653e-05	-2.2872	-2.36274	0.00167034
123401	0.156808	0.152366	3.01441e-05	0.234294	0.227657	4.41027	-7.75007	-7.7434	4.43556	-7.51578	-7.51575	6.96933e-05	-2.39665	-2.3628	0.00166681
123601	0.164264	0.152376	3.04307e-05	0.245433	0.227672	4.45221	-7.76124	-7.74342	4.47764	-7.5158	-7.51575	6.99477e-05	-2.44152	-2.36287	0.00167694
123801	0.156994	0.152347	3.07173e-05	0.234571	0.227627	4.49413	-7.75034	-7.74338	4.51958	-7.51576	-7.51575	6.96142e-05	-2.39529	-2.36262	0.00169372
124001	0.154879	0.152372	3.07884e-05	0.231412	0.227666	4.50454	-7.74722	-7.74341	4.53017	-7.5158	-7.51575	7.0657e-05	-2.37748	-2.36277	0.00169691
124201	0.151221	0.152356	3.06032e-05	0.225945	0.227641	4.47744	-7.7417	-7.74339	4.5028	-7.51575	-7.51575	7.03129e-05	-2.34826	-2.36264	0.00168751
124401	0.149132	0.152367	3.04582e-05	0.222825	0.227657	4.45623	-7.73859	-7.74341	4.48153	-7.51576	-7.51575	7.04038e-05	-2.34286	-2.3627	0.00167939
124601	0.157943	0.15236	3.03773e-05	0.235988	0.227647	4.44438	-7.75176	-7.7434	4.46953	-7.51577	-7.51575	6.99147e-05	-2.40013	-2.36265	0.0016754
124801	0.152956	0.152365	3.01912e-05	0.228538	0.227655	4.41716	-7.7443	-7.7434	4.44213	-7.51577	-7.51575	6.95351e-05	-2.35958	-2.36269	0.00166444
125001	0.159746	0.152353	3.0045e-05	0.238684	0.227637	4.39577	-7.75448	-7.74339	4.42055	-7.5158	-7.51575	6.9272e-05	-2.40892	-2.36256	0.00165764
125201	0.145284	0.152343	3.03792e-05	0.217075	0.227622	4.44467	-7.73279	-7.74337	4.46973	-7.51572	-7.51575	6.95839e-05	-2.30311	-2.36246	0.00167613
125401	0.141495	0.152354	3.0366e-05	0.211413	0.227638	4.44274	-7.72716	-7.74339	4.46774	-7.51575	-7.51575	6.93625e-05	-2.27602	-2.36247	0.00167323
125601	0.153403	0.152353	3.03225e-05	0.229206	0.227636	4.43637	-7.74499	-7.74339	4.46124	-7.51578	-7.51575	6.90488e-05	-2.3596	-2.36242	0.00167254
125801	0.157121	0.152346	3.05003e-05	0.234761	0.227626	4.46239	-7.75052	-7.74338	4.48735	-7.51576	-7.51575	6.89205e-05	-2.39812	-2.36233	0.00168271
126001	0.158771	0.152369	3.04005e-05	0.237226	0.22766	4.44778	-7.75304	-7.74341	4.47285	-7.51582	-7.51575	7.0085e-05	-2.40661	-2.36246	0.0016759
126201	0.14729	0.152363	3.03435e-05	0.220072	0.227652	4.43945	-7.73581	-7.7434	4.46434	-7.51574	-7.51575	6.99211e-05	-2.32141	-2.36242	0.00167317
126401	0.151868	0.152352	3.01972e-05	0.226912	0.227636	4.41804	-7.74265	-7.74339	4.4428	-7.51574	-7.51575	6.94929e-05	-2.35125	-2.3623	0.00166675
126601	0.158374	0.152352	3.00717e-05	0.236633	0.227636	4.39967	-7.75246	-7.74339	4.42432	-7.51583	-7.51575	6.96248e-05	-2.40805	-2.36226	0.0016604
126801	0.151337	0.152358	3.01721e-05	0.226119	0.227645	4.41436	-7.74185	-7.74339	4.4392	-7.51574	-7.51575	7.01288e-05	-2.3533	-2.36228	0.00166946
127001	0.161266	0.152356	3.00593e-05	0.240955	0.227641	4.39786	-7.75675	-7.74339	4.42262	-7.5158	-7.51575	6.98723e-05	-2.43256	-2.36225	0.00166516
127201	0.149237	0.152356	2.99473e-05	0.222981	0.227641	4.38147	-7.73874	-7.74339	4.40616	-7.51575	-7.51575	6.96976e-05	-2.32789	-2.36223	0.00166036
127401	0.152882	0.152365	2.97837e-05	0.228428	0.227654	4.35754	-7.74419	-7.7434	4.3821	-7.51576	-7.51575	6.94286e-05	-2.36096	-2.36224	0.00165135
127601	0.151159	0.152357	2.96078e-05	0.225852	0.227643	4.3318	-7.74163	-7.74339	4.35619	-7.51577	-7.51575	6.898e-05	-2.35179	-2.36218	0.00164145
127801	0.147924	0.152362	2.94588e-05	0.221019	0.22765	4.31	-7.73677	-7.7434	4.33429	-7.51576	-7.51575	6.89848e-05	-2.32592	-2.36218	0.00163266
128001	0.16107	0.152357	2.93136e-05	0.240661	0.227643	4.28877	-7.75647	-7.74339	4.31287	-7.51581	-7.51575	6.91278e-05	-2.42169	-2.36211	0.00162524
128201	0.144389	0.152373	2.94104e-05	0.215737	0.227666	4.30293	-7.73145	-7.74342	4.32706	-7.51572	-7.51575	6.91478e-05	-2.3002	-2.36222	0.00162932
128401	0.156382	0.152372	2.96308e-05	0.233657	0.227665	4.33517	-7.74945	-7.74342	4.35952	-7.51579	-7.51575	6.93125e-05	-2.38962	-2.36218	0.00164364
128601	0.159203	0.152368	2.9573e-05	0.237872	0.22766	4.32671	-7.75367	-7.74341	4.35099	-7.5158	-7.51575	6.92544e-05	-2.41396	-2.36213	0.00164024
128801	0.1502	0.152365	2.94315e-05	0.22442	0.227654	4.30601	-7.74017	-7.74341	4.33018	-7.51575	-7.51575	6.89558e-05	-2.35214	-2.36212	0.00163252
129001	0.159493	0.152375	2.92916e-05	0.238305	0.22767	4.28554	-7.75411	-7.74342	4.30967	-7.51581	-7.51575	6.94062e-05	-2.40658	-2.36217	0.00162377
129201	0.151272	0.152374	2.92239e-05	0.226021	0.227669	4.27564	-7.74181	-7.74342	4.29965	-7.51579	-7.51575	6.94033e-05	-2.34477	-2.36213	0.00162038
129401	0.150515	0.152379	2.91963e-05	0.224891	0.227675	4.27161	-7.74067	-7.74343	4.29558	-7.51578	-7.51575	6.99913e-05	-2.33903	-2.36211	0.00161944
129601	0.160096	0.152379	2.91661e-05	0.239206	0.227676	4.26718	-7.75501	-7.74343	4.2911	-7.5158	-7.51575	6.99527e-05	-2.41453	-2.36204	0.0016194
129801	0.149709	0.152367	2.91147e-05	0.223687	0.227658	4.25966	-7.73947	-7.74341	4.28347	-7.51578	-7.51575	6.96714e-05	-2.33047	-2.36192	0.00161803
130001	0.14543	0.152363	2.91903e-05	0.217292	0.227652	4.27072	-7.73309	-7.7434	4.29442	-7.51579	-7.51575	6.99808e-05	-2.30615	-2.36185	0.00162122
130201	0.146747	0.152372	2.97675e-05	0.21926	0.227665	4.35518	-7.735	-7.74342	4.37936	-7.51574	-7.51575	7.12618e-05	-2.32815	-2.36188	0.00164997
130401	0.159616	0.152389	2.97477e-05	0.238488	0.227691	4.35227	-7.7543	-7.74344	4.3765	-7.51582	-7.51575	7.16986e-05	-2.41869	-2.36199	0.00164962
130601	0.149199	0.152379	2.96332e-05	0.222925	0.227675	4.33552	-7.73869	-7.74343	4.35959	-7.51577	-7.51575	7.14216e-05	-2.33912	-2.36194	0.0016429
130801	0.147415	0.152398	2.95907e-05	0.220258	0.227704	4.3293	-7.73599	-7.74346	4.35345	-7.51573	-7.51575	7.17316e-05	-2.32757	-2.36207	0.00164004
131001	0.16564	0.152388	2.9775e-05	0.24749	0.22769	4.35627	-7.76332	-7.74344	4.38064	-7.51583	-7.51575	7.20821e-05	-2.44539	-2.36198	0.00164639
131201	0.151987	0.152376	2.99007e-05	0.22709	0.227671	4.37465	-7.74285	-7.74342	4.39912	-7.51576	-7.51575	7.21108e-05	-2.35148	-2.36185	0.00165202
131401	0.14355	0.152386	2.99647e-05	0.214484	0.227686	4.38402	-7.73019	-7.74344	4.4086	-7.51571	-7.51575	7.21391e-05	-2.29756	-2.36189	0.00165391
131601	0.157141	0.152381	2.98592e-05	0.234791	0.227679	4.36858	-7.75056	-7.74343	4.39307	-7.51577	-7.51575	7.19048e-05	-2.39783	-2.36184	0.00164823
131801	0.149057	0.152386	2.97204e-05	0.222712	0.227686	4.34829	-7.73848	-7.74344	4.37264	-7.51577	-7.51575	7.16114e-05	-2.34386	-2.36185	0.00164033
132001	0.154516	0.152396	2.9611e-05	0.230869	0.227701	4.33227	-7.74663	-7.74345	4.35653	-7.51576	-7.51575	7.12765e-05	-2.3695	-2.36186	0.00163358
132201	0.152173	0.152391	2.94955e-05	0.227368	0.227693	4.31538	-7.74312	-7.74345	4.33952	-7.51575	-7.51575	7.09616e-05	-2.35185	-2.36182	0.0016265
132401	0.147297	0.152381	2.94297e-05	0.220082	0.227679	4.30574	-7.73582	-7.74343	4.32982	-7.51574	-7.51575	7.06725e-05	-2.32651	-2.36174	0.00162312
132601	0.155018	0.152395	2.93478e-05	0.231618	0.227699	4.29376	-7.74739	-7.74345	4.31777	-7.51577	-7.51575	7.05277e-05	-2.37481	-2.36183	0.00161927
132801	0.15799	0.152393	2.92632e-05	0.23606	0.227697	4.2814	-7.75179	-7.74345	4.30531	-7.51573	-7.51575	7.0299e-05	-2.39311	-2.3618	0.00161425
133001	0.15371	0.1524	2.92108e-05	0.229665	0.227707	4.27372	-7.74542	-7.74346	4.29758	-7.51576	-7.51575	7.005e-05	-2.36479	-2.36182	0.00161324
133201	0.153659	0.152383	2.91129e-05	0.229589	0.227682	4.2594	-7.74534	-7.74344	4.28323	-7.51575	-7.51575	7.00576e-05	-2.37394	-2.36167	0.0016088
133401	0.157742	0.152393	2.91598e-05	0.235688	0.227696	4.26626	-7.75143	-7.74345	4.29006	-7.51574	-7.51575	6.97787e-05	-2.39735	-2.36174	0.00161193
133601	0.148	0.152396	2.91296e-05	0.221133	0.227701	4.26184	-7.73688	-7.74345	4.28555	-7.51575	-7.51575	6.94789e-05	-2.32646	-2.36174	0.00161253
133801	0.14586	0.152398	2.91697e-05	0.217935	0.227703	4.2677	-7.73367	-7.74346	4.29139	-7.51574	-7.51575	6.92279e-05	-2.31294	-2.36172	0.0016149
134001	0.148905	0.152383	2.9133e-05	0.222485	0.227681	4.26233	-7.73821	-7.74343	4.286	-7.51572	-7.51575	6.91479e-05	-2.34317	-2.36161	0.00161246
134201	0.147929	0.152394	2.90929e-05	0.221027	0.227699	4.25647	-7.73673	-7.74345	4.2801	-7.51571	-7.51575	6.89631e-05	-2.32561	-2.36168	0.00160968
134401	0.154562	0.152402	2.93608e-05	0.230937	0.22771	4.29566	-7.74674	-7.74346	4.3196	-7.5158	-7.51575	6.94034e-05	-2.37122	-2.36172	0.00162554
134601	0.158801	0.152389	2.92863e-05	0.23727	0.227691	4.28477	-7.75306	-7.74344	4.30863	-7.51579	-7.51575	6.91844e-05	-2.40872	-2.36163	0.00162038
134801	0.159552	0.152398	2.93014e-05	0.238392	0.227704	4.28697	-7.75417	-7.74346	4.31079	-7.51578	-7.51575	6.90536e-05	-2.42003	-2.36169	0.00162192
135001	0.153672	0.152387	2.93028e-05	0.229607	0.227688	4.28718	-7.74536	-7.74344	4.31101	-7.51575	-7.51575	6.89172e-05	-2.36763	-2.36157	0.001625
135201	0.146179	0.152387	2.93289e-05	0.218413	0.227688	4.291	-7.73412	-7.74344	4.31487	-7.51571	-7.51575	6.89948e-05	-2.31935	-2.36157	0.00162548
135401	0.151899	0.152408	2.94631e-05	0.226958	0.227719	4.31063	-7.74271	-7.74347	4.33464	-7.51575	-7.51575	6.90598e-05	-2.36382	-2.36173	0.00163108
135601	0.162296	0.152394	2.96874e-05	0.242493	0.227698	4.34345	-7.7583	-7.74345	4.36762	-7.51581	-7.51575	6.90977e-05	-2.43451	-2.36164	0.00164061
135801	0.161163	0.152397	2.98881e-05	0.240799	0.227703	4.37282	-7.75657	-7.74346	4.39707	-7.51577	-7.51575	6.90126e-05	-2.43129	-2.36166	0.00165218
136001	0.162413	0.152389	3.0125e-05	0.242668	0.227691	4.40747	-7.75846	-7.74344	4.43184	-7.51579	-7.51575	6.8987e-05	-2.42985	-2.3616	0.00166567
136201	0.147703	0.152394	3.00501e-05	0.220688	0.227699	4.39652	-7.73645	-7.74345	4.42082	-7.51576	-7.51575	6.88999e-05	-2.31672	-2.36163	0.00166117
136401	0.145324	0.152396	3.00879e-05	0.217134	0.227701	4.40204	-7.7329	-7.74345	4.42634	-7.51576	-7.51575	6.90462e-05	-2.3034	-2.36161	0.00166474
136601	0.155486	0.152392	3.00939e-05	0.232319	0.227695	4.40293	-7.74809	-7.74345	4.42716	-7.51577	-7.51575	6.87464e-05	-2.38131	-2.36155	0.00166661
136801	0.155826	0.152405	2.99961e-05	0.232826	0.227715	4.38862	-7.74861	-7.74347	4.41283	-7.51578	-7.51575	6.89726e-05	-2.38168	-2.36161	0.0016601
137001	0.150235	0.152398	2.99526e-05	0.224471	0.227704	4.38225	-7.74021	-7.74346	4.40636	-7.51574	-7.51575	6.86633e-05	-2.34372	-2.36153	0.00165867
137201	0.152554	0.152395	2.98201e-05	0.227938	0.2277	4.36287	-7.74371	-7.74345	4.38689	-7.51577	-7.51575	6.83842e-05	-2.36035	-2.36151	0.00165179
137401	0.16026	0.152401	2.97418e-05	0.239452	0.227708	4.35141	-7.7552	-7.74346	4.37532	-7.51575	-7.51575	6.81078e-05	-2.41587	-2.36153	0.00164713
137601	0.161057	0.152396	2.9911e-05	0.240641	0.227701	4.37616	-7.75642	-7.74345	4.40014	-7.51578	-7.51575	6.79832e-05	-2.42805	-2.36148	0.00165851
137801	0.155462	0.152396	2.97996e-05	0.232282	0.227702	4.35987	-7.74806	-7.74346	4.38373	-7.51578	-7.51575	6.77496e-05	-2.38155	-2.36145	0.00165327
138001	0.149774	0.152394	2.97506e-05	0.223783	0.227699	4.3527	-7.73951	-7.74345	4.37654	-7.51573	-7.51575	6.76195e-05	-2.34128	-2.36143	0.00165025
138201	0.152162	0.152393	2.96781e-05	0.227351	0.227696	4.3421	-7.74309	-7.74345	4.36585	-7.51574	-7.51575	6.7462e-05	-2.36291	-2.36142	0.00164669
138401	0.157201	0.152406	2.98098e-05	0.23488	0.227716	4.36136	-7.7507	-7.74347	4.38531	-7.51582	-7.51575	6.78496e-05	-2.39517	-2.36151	0.00165516
138601	0.151728	0.152389	2.98081e-05	0.226703	0.227691	4.36111	-7.74247	-7.74344	4.38499	-7.51577	-7.51575	6.77576e-05	-2.34702	-2.36135	0.00165732
138801	0.16285	0.15241	2.97979e-05	0.243321	0.227723	4.35961	-7.75915	-7.74348	4.38367	-7.51583	-7.51575	6.88799e-05	-2.43405	-2.36151	0.00165629
139001	0.153828	0.152401	2.97603e-05	0.229841	0.227709	4.35411	-7.74563	-7.74346	4.37806	-7.51579	-7.51575	6.89355e-05	-2.36224	-2.36141	0.00165505
139201	0.149379	0.152399	2.97414e-05	0.223194	0.227706	4.35135	-7.73895	-7.74346	4.37527	-7.51575	-7.51575	6.88337e-05	-2.33192	-2.36136	0.00165359
139401	0.144886	0.152403	3.00457e-05	0.21648	0.227711	4.39587	-7.73224	-7.74347	4.41991	-7.51576	-7.51575	6.9223e-05	-2.29046	-2.36133	0.00167259
139601	0.159123	0.152396	3.02051e-05	0.237752	0.2277	4.4192	-7.75354	-7.74346	4.44323	-7.51579	-7.51575	6.89766e-05	-2.40541	-2.36125	0.00168274
139801	0.151564	0.152409	3.01233e-05	0.226458	0.22772	4.40723	-7.74222	-7.74348	4.43122	-7.51576	-7.51576	6.88866e-05	-2.34776	-2.36132	0.00167748
140001	0.143883	0.152406	3.0225e-05	0.214981	0.227717	4.42211	-7.73073	-7.74347	4.44607	-7.51574	-7.51576	6.86912e-05	-2.29458	-2.36127	0.00168505
140201	0.152533	0.152402	3.02063e-05	0.227905	0.227709	4.41937	-7.7437	-7.74346	4.44326	-7.5158	-7.51576	6.85857e-05	-2.35542	-2.36122	0.00168474
140401	0.146457	0.152407	3.01469e-05	0.218827	0.227717	4.41068	-7.73457	-7.74347	4.43459	-7.51574	-7.51576	6.87351e-05	-2.31949	-2.36125	0.00168065
140601	0.146084	0.15241	3.01946e-05	0.218271	0.227721	4.41766	-7.73402	-7.74348	4.44158	-7.51575	-7.51576	6.86481e-05	-2.30402	-2.36127	0.00168446
140801	0.157792	0.1524	3.02261e-05	0.235763	0.227707	4.42227	-7.75152	-7.74346	4.44622	-7.51575	-7.51576	6.87422e-05	-2.40193	-2.36119	0.00168578
141001	0.149138	0.15241	3.01403e-05	0.222834	0.227722	4.40972	-7.73859	-7.74348	4.4336	-7.51576	-7.51576	6.85215e-05	-2.34253	-2.36126	0.00168069
141201	0.148307	0.15241	3.00351e-05	0.221592	0.227722	4.39432	-7.73731	-7.74348	4.41809	-7.51572	-7.51576	6.8277e-05	-2.33426	-2.36127	0.0016747
141401	0.157508	0.152409	2.99625e-05	0.235339	0.227721	4.3837	-7.75112	-7.74348	4.40743	-7.51578	-7.51576	6.82189e-05	-2.39759	-2.36127	0.00166978
141601	0.152539	0.152418	2.9843e-05	0.227914	0.227733	4.36622	-7.74362	-7.74349	4.38987	-7.51571	-7.51576	6.81272e-05	-2.36502	-2.36132	0.00166303
141801	0.157839	0.152396	2.9941e-05	0.235834	0.227702	4.38056	-7.75162	-7.74346	4.40451	-7.51578	-7.51575	6.91438e-05	-2.39661	-2.36115	0.00166978
142001	0.150528	0.152409	2.98625e-05	0.22491	0.227721	4.36908	-7.74068	-7.74348	4.39302	-7.51577	-7.51576	6.92718e-05	-2.34265	-2.36122	0.00166486
142201	0.151828	0.15241	2.97336e-05	0.226852	0.227722	4.35022	-7.74261	-7.74348	4.37406	-7.51576	-7.51576	6.9057e-05	-2.35598	-2.36123	0.00165791
142401	0.158838	0.152416	2.97668e-05	0.237326	0.227731	4.35507	-7.75311	-7.74349	4.37893	-7.51579	-7.51576	6.88837e-05	-2.41507	-2.36126	0.00166171
142601	0.150912	0.15241	2.96654e-05	0.225483	0.227722	4.34024	-7.74121	-7.74348	4.36401	-7.51572	-7.51576	6.87204e-05	-2.3509	-2.36125	0.00165584
142801	0.154728	0.152405	2.9625e-05	0.231185	0.227714	4.33432	-7.74693	-7.74347	4.35802	-7.51574	-7.51576	6.85266e-05	-2.37933	-2.36119	0.00165392
143001	0.151387	0.152413	2.95409e-05	0.226194	0.227726	4.32202	-7.7419	-7.74348	4.34563	-7.51571	-7.51576	6.8375e-05	-2.35536	-2.36127	0.00165037
143201	0.152542	0.152402	2.94437e-05	0.22792	0.22771	4.3078	-7.74364	-7.74346	4.33142	-7.51572	-7.51575	6.89741e-05	-2.36196	-2.36121	0.00164418
143401	0.151869	0.152412	2.93487e-05	0.226914	0.227725	4.2939	-7.74266	-7.74348	4.31742	-7.51574	-7.51575	6.86983e-05	-2.35649	-2.36129	0.00163879
143601	0.147969	0.152403	2.93064e-05	0.221086	0.227712	4.28771	-7.73681	-7.74347	4.31119	-7.51572	-7.51575	6.86911e-05	-2.3339	-2.36123	0.001636
143801	0.14965	0.152407	2.92424e-05	0.223598	0.227718	4.27834	-7.7393	-7.74347	4.30174	-7.5157	-7.51575	6.86483e-05	-2.3391	-2.36127	0.00163381
144001	0.161962	0.152407	2.9186e-05	0.241994	0.227718	4.27009	-7.75775	-7.74347	4.29344	-7.51575	-7.51575	6.88314e-05	-2.43242	-2.36128	0.00163045
144201	0.151673	0.152401	2.91711e-05	0.22662	0.227708	4.26791	-7.74236	-7.74346	4.29126	-7.51574	-7.51575	6.88845e-05	-2.35952	-2.36124	0.00162995
144401	0.152011	0.152407	2.90492e-05	0.227127	0.227717	4.25009	-7.74287	-7.74347	4.27333	-7.51575	-7.51575	6.85918e-05	-2.36276	-2.3613	0.0016235
144601	0.160375	0.152406	2.89787e-05	0.239622	0.227716	4.23977	-7.7554	-7.74347	4.26294	-7.51578	-7.51575	6.84005e-05	-2.41156	-2.3613	0.00161894
144801	0.142361	0.152397	2.90338e-05	0.212707	0.227703	4.24783	-7.72839	-7.74346	4.27119	-7.51568	-7.51575	6.93744e-05	-2.29615	-2.36125	0.00161879
145001	0.155782	0.15241	2.90623e-05	0.232761	0.227722	4.252	-7.74853	-7.74348	4.27543	-7.51577	-7.51575	6.94761e-05	-2.39415	-2.36136	0.00161967
145201	0.154332	0.152402	2.89678e-05	0.230593	0.227709	4.23817	-7.74635	-7.74346	4.26154	-7.51576	-7.51575	6.9287e-05	-2.37896	-2.3613	0.00161458
145401	0.149366	0.152406	2.88776e-05	0.223173	0.227717	4.22497	-7.7389	-7.74347	4.24827	-7.51572	-7.51575	6.90572e-05	-2.33979	-2.36134	0.00160954
145601	0.153631	0.152406	2.8768e-05	0.229546	0.227716	4.20894	-7.7453	-7.74347	4.23217	-7.51576	-7.51575	6.88358e-05	-2.37652	-2.36135	0.00160372
145801	0.153091	0.152408	2.86589e-05	0.22874	0.227718	4.19297	-7.74451	-7.74347	4.21611	-7.51577	-7.51575	6.86046e-05	-2.36171	-2.36136	0.00159765
146001	0.147699	0.152404	2.8642e-05	0.220683	0.227712	4.1905	-7.73641	-7.74347	4.2136	-7.51573	-7.51575	6.84091e-05	-2.3203	-2.36132	0.00159764
146201	0.150763	0.152402	2.86776e-05	0.225261	0.22771	4.19572	-7.74098	-7.74346	4.21881	-7.51571	-7.51575	6.83816e-05	-2.34727	-2.3613	0.00159977
146401	0.152244	0.15241	2.86145e-05	0.227474	0.227722	4.18649	-7.74325	-7.74348	4.20955	-7.51577	-7.51575	6.8291e-05	-2.3579	-2.36136	0.00159598
146601	0.15195	0.152407	2.84939e-05	0.227034	0.227718	4.16884	-7.74277	-7.74347	4.19181	-7.51573	-7.51575	6.80911e-05	-2.36488	-2.36135	0.00158927
146801	0.140223	0.152411	2.8522e-05	0.209514	0.227724	4.17295	-7.72519	-7.74348	4.19587	-7.51567	-7.51575	6.81014e-05	-2.27626	-2.3614	0.00159042
147001	0.153999	0.152407	2.86271e-05	0.230096	0.227718	4.18832	-7.74584	-7.74347	4.21137	-7.51575	-7.51575	6.85096e-05	-2.36777	-2.36138	0.00159511
147201	0.158504	0.152401	2.85795e-05	0.236828	0.227709	4.18136	-7.7526	-7.74346	4.20436	-7.51577	-7.51575	6.8309e-05	-2.40532	-2.36135	0.00159127
147401	0.151955	0.152405	2.85674e-05	0.227042	0.227714	4.17958	-7.74275	-7.74347	4.20257	-7.51571	-7.51575	6.81936e-05	-2.35895	-2.36138	0.00159068
147601	0.166335	0.152398	2.85497e-05	0.248528	0.227705	4.177	-7.76432	-7.74346	4.20002	-7.51579	-7.51575	6.84026e-05	-2.4636	-2.36135	0.00158912
147801	0.144839	0.152396	2.87884e-05	0.21641	0.2277	4.21193	-7.73209	-7.74345	4.2352	-7.51568	-7.51575	6.89363e-05	-2.31688	-2.36135	0.00159884
148001	0.146501	0.152398	2.87523e-05	0.218893	0.227704	4.20664	-7.73463	-7.74346	4.22984	-7.51574	-7.51575	6.88505e-05	-2.31593	-2.36137	0.00159648
148201	0.159591	0.152402	2.86979e-05	0.238451	0.22771	4.19868	-7.75424	-7.74346	4.22182	-7.51579	-7.51575	6.87294e-05	-2.41656	-2.3614	0.0015936
148401	0.146738	0.152396	2.88117e-05	0.219248	0.227701	4.21533	-7.73496	-7.74345	4.23856	-7.51571	-7.51575	6.87803e-05	-2.32235	-2.36135	0.00160027
148601	0.145805	0.1524	2.88298e-05	0.217853	0.227707	4.21798	-7.7336	-7.74346	4.24119	-7.51575	-7.51575	6.86022e-05	-2.31431	-2.36138	0.00160138
148801	0.152132	0.152392	2.88791e-05	0.227307	0.227696	4.22519	-7.74306	-7.74345	4.24837	-7.51576	-7.51575	6.83943e-05	-2.36244	-2.36134	0.00160381
149001	0.146817	0.152402	2.88751e-05	0.219365	0.227709	4.2246	-7.73507	-7.74346	4.24779	-7.5157	-7.51575	6.83411e-05	-2.31734	-2.36141	0.00160341
149201	0.147125	0.1524	2.90491e-05	0.219825	0.227708	4.25007	-7.73557	-7.74346	4.27334	-7.51574	-7.51575	6.83238e-05	-2.32091	-2.3614	0.0016141
149401	0.158104	0.152403	2.90371e-05	0.236229	0.227712	4.24831	-7.75199	-7.74346	4.27155	-7.51576	-7.51575	6.81142e-05	-2.40155	-2.36142	0.00161343
149601	0.148559	0.152392	2.89877e-05	0.221969	0.227695	4.24109	-7.73769	-7.74345	4.26435	-7.51572	-7.51575	6.82825e-05	-2.32689	-2.36135	0.00161028
149801	0.155785	0.152387	2.89656e-05	0.232764	0.227688	4.23785	-7.74855	-7.74344	4.26103	-7.51578	-7.51575	6.8101e-05	-2.38928	-2.36131	0.00160945
150001	0.143496	0.152405	2.89985e-05	0.214403	0.227715	4.24267	-7.73013	-7.74347	4.26597	-7.51573	-7.51575	6.84681e-05	-2.29604	-2.36144	0.00161113
150201	0.142703	0.1524	2.92136e-05	0.213219	0.227707	4.27413	-7.72891	-7.74346	4.29748	-7.51569	-7.51575	6.84089e-05	-2.28561	-2.3614	0.00162615
150401	0.150034	0.152397	2.92756e-05	0.224171	0.227703	4.2832	-7.73993	-7.74346	4.30658	-7.51576	-7.51575	6.84277e-05	-2.35056	-2.36138	0.00163123
150601	0.162155	0.152402	2.92458e-05	0.242282	0.22771	4.27884	-7.75804	-7.74346	4.30215	-7.51575	-7.51575	6.81646e-05	-2.43893	-2.36144	0.00162979
150801	0.158339	0.152397	2.92845e-05	0.236581	0.227703	4.28451	-7.7523	-7.74346	4.30782	-7.51572	-7.51575	6.82921e-05	-2.40096	-2.36141	0.00163165
151001	0.142604	0.15239	2.9267e-05	0.213071	0.227692	4.28195	-7.72875	-7.74344	4.30532	-7.51568	-7.51575	6.92307e-05	-2.28758	-2.36138	0.00163007
151201	0.150386	0.152396	2.9316e-05	0.224697	0.2277	4.28911	-7.74043	-7.74345	4.31246	-7.51573	-7.51575	6.91538e-05	-2.35191	-2.36145	0.00163484
151401	0.153316	0.152386	2.93712e-05	0.229076	0.227686	4.29719	-7.74479	-7.74344	4.32063	-7.51571	-7.51575	6.95476e-05	-2.37342	-2.3614	0.00163748
151601	0.150237	0.152387	2.94722e-05	0.224476	0.227688	4.31197	-7.74017	-7.74344	4.33544	-7.5157	-7.51575	6.9813e-05	-2.35334	-2.36143	0.00164247
151801	0.155001	0.1524	2.94291e-05	0.231593	0.227707	4.30567	-7.74731	-7.74346	4.32901	-7.51572	-7.51575	6.96421e-05	-2.38973	-2.36154	0.00164092
152001	0.152412	0.152388	2.95279e-05	0.227725	0.227689	4.32012	-7.7435	-7.74344	4.34361	-7.51577	-7.51575	6.99451e-05	-2.36166	-2.36147	0.00164392
152201	0.1428	0.152386	2.95897e-05	0.213363	0.227687	4.32916	-7.72907	-7.74344	4.35271	-7.51571	-7.51575	6.99618e-05	-2.30093	-2.36148	0.0016473
152401	0.157996	0.152394	2.96235e-05	0.236069	0.227699	4.3341	-7.75181	-7.74345	4.35761	-7.51574	-7.51575	6.97536e-05	-2.40922	-2.36155	0.00165067
152601	0.158909	0.152392	2.96952e-05	0.237432	0.227695	4.3446	-7.75322	-7.74345	4.36816	-7.51578	-7.51575	6.97517e-05	-2.40729	-2.36155	0.00165358
152801	0.143978	0.152392	2.96472e-05	0.215123	0.227696	4.33756	-7.7308	-7.74345	4.36113	-7.51568	-7.51575	6.98208e-05	-2.30192	-2.36158	0.00165081
153001	0.158413	0.152395	2.9681e-05	0.236691	0.2277	4.34252	-7.75245	-7.74345	4.36613	-7.51576	-7.51575	6.98877e-05	-2.41138	-2.36161	0.00165384
153201	0.160312	0.152387	2.96704e-05	0.239529	0.227687	4.34097	-7.75533	-7.74344	4.3646	-7.51581	-7.51575	6.98365e-05	-2.41904	-2.36157	0.00165233
153401	0.143595	0.152397	2.96735e-05	0.214551	0.227703	4.34141	-7.73028	-7.74345	4.36505	-7.51573	-7.51575	6.98854e-05	-2.30308	-2.36165	0.00165255
153601	0.151719	0.152402	2.99229e-05	0.226689	0.22771	4.3779	-7.74247	-7.74346	4.40175	-7.51579	-7.51575	7.01301e-05	-2.34988	-2.36168	0.0016648
153801	0.159116	0.152392	2.99446e-05	0.237742	0.227696	4.38108	-7.75357	-7.74345	4.40488	-7.51583	-7.51575	7.02913e-05	-2.40608	-2.36159	0.00166631
154001	0.141907	0.152398	2.99336e-05	0.212029	0.227704	4.37948	-7.72774	-7.74346	4.40335	-7.51571	-7.51575	7.06054e-05	-2.28278	-2.36163	0.00166543
154201	0.159228	0.152393	2.98956e-05	0.237908	0.227696	4.37392	-7.75369	-7.74345	4.39777	-7.51578	-7.51575	7.04798e-05	-2.4072	-2.36158	0.00166327
154401	0.161049	0.152386	3.00482e-05	0.24063	0.227687	4.39624	-7.75642	-7.74344	4.42014	-7.51579	-7.51575	7.03515e-05	-2.42264	-2.36154	0.00167113
154601	0.139102	0.152389	3.02476e-05	0.207838	0.227691	4.42541	-7.72351	-7.74344	4.44953	-7.51567	-7.51575	7.07097e-05	-2.26004	-2.36155	0.00168174
154801	0.153824	0.152394	3.0356e-05	0.229835	0.227699	4.44128	-7.7456	-7.74345	4.46547	-7.51576	-7.51575	7.07494e-05	-2.36486	-2.36156	0.0016873
155001	0.151207	0.152386	3.02873e-05	0.225925	0.227686	4.43123	-7.74168	-7.74344	4.45536	-7.51576	-7.51575	7.05353e-05	-2.34485	-2.36149	0.0016844
155201	0.146344	0.152396	3.02454e-05	0.218659	0.227701	4.42508	-7.73436	-7.74345	4.44919	-7.5157	-7.51575	7.0415e-05	-2.31885	-2.36156	0.00168185
155401	0.152065	0.152382	3.0262e-05	0.227206	0.22768	4.42753	-7.74292	-7.74343	4.45172	-7.51572	-7.51575	7.08918e-05	-2.35919	-2.36146	0.00168238
155601	0.153123	0.152384	3.02927e-05	0.228788	0.227683	4.43201	-7.74453	-7.74343	4.45615	-7.51574	-7.51575	7.07462e-05	-2.36515	-2.36149	0.00168415
155801	0.148532	0.152388	3.0284e-05	0.221928	0.227689	4.43073	-7.73764	-7.74344	4.45485	-7.51571	-7.51575	7.06263e-05	-2.33691	-2.36152	0.00168272
156001	0.155423	0.152394	3.021e-05	0.232224	0.227698	4.41991	-7.74801	-7.74345	4.44399	-7.51578	-7.51575	7.05306e-05	-2.37776	-2.36156	0.0016784
156201	0.149872	0.152388	3.01432e-05	0.22393	0.227689	4.41014	-7.73966	-7.74344	4.43418	-7.51573	-7.51575	7.03945e-05	-2.33976	-2.36149	0.00167479
156401	0.15223	0.152389	3.00649e-05	0.227454	0.227691	4.39868	-7.74325	-7.74344	4.42265	-7.5158	-7.51575	7.03032e-05	-2.35647	-2.36149	0.0016705
156601	0.145015	0.152394	3.00086e-05	0.216672	0.227698	4.39044	-7.7324	-7.74345	4.41442	-7.51573	-7.51575	7.05783e-05	-2.30295	-2.36149	0.00166668
156801	0.153954	0.152395	2.99903e-05	0.230028	0.227699	4.38777	-7.7458	-7.74345	4.41173	-7.51577	-7.51575	7.04395e-05	-2.36428	-2.36149	0.00166494
157001	0.159522	0.152388	3.00177e-05	0.238348	0.227689	4.39178	-7.75414	-7.74344	4.41573	-7.5158	-7.51575	7.02889e-05	-2.41131	-2.36143	0.00166669
157201	0.156026	0.152401	2.9968e-05	0.233125	0.227708	4.38451	-7.74887	-7.74346	4.40846	-7.51575	-7.51575	7.04174e-05	-2.38699	-2.36151	0.00166364
157401	0.150583	0.152391	2.99734e-05	0.224992	0.227693	4.3853	-7.74073	-7.74344	4.40928	-7.51574	-7.51575	7.04314e-05	-2.33553	-2.36142	0.00166521
157601	0.150723	0.152392	2.98843e-05	0.225202	0.227695	4.37227	-7.74098	-7.74345	4.39617	-7.51578	-7.51575	7.024e-05	-2.34895	-2.36142	0.00166083
157801	0.146169	0.152393	2.99186e-05	0.218397	0.227697	4.37727	-7.73412	-7.74345	4.4012	-7.51572	-7.51575	7.02002e-05	-2.31027	-2.3614	0.00166398
158001	0.151249	0.15239	2.98287e-05	0.225987	0.227692	4.36413	-7.74175	-7.74344	4.38798	-7.51577	-7.51575	7.00213e-05	-2.34832	-2.36137	0.00165915
158201	0.150179	0.152394	2.98286e-05	0.224389	0.227698	4.36411	-7.74011	-7.74345	4.38795	-7.51572	-7.51575	6.99186e-05	-2.3359	-2.36138	0.00165901
158401	0.147002	0.152402	3.01173e-05	0.219642	0.22771	4.40635	-7.73541	-7.74346	4.43045	-7.51577	-7.51575	7.02769e-05	-2.32539	-2.36143	0.00167493
158601	0.154588	0.152395	3.01266e-05	0.230976	0.2277	4.40771	-7.74677	-7.74345	4.43176	-7.51579	-7.51575	7.01433e-05	-2.36279	-2.36136	0.00167462
158801	0.149335	0.152395	3.00466e-05	0.223128	0.227699	4.39601	-7.73888	-7.74345	4.41997	-7.51575	-7.51575	7.00311e-05	-2.33865	-2.36134	0.0016705
159001	0.154544	0.152393	2.99743e-05	0.23091	0.227697	4.38543	-7.74665	-7.74345	4.40933	-7.51574	-7.51575	6.9831e-05	-2.37498	-2.36132	0.00166691
159201	0.149983	0.152387	2.99071e-05	0.224096	0.227688	4.37559	-7.73986	-7.74344	4.39943	-7.51576	-7.51575	6.96641e-05	-2.33774	-2.36126	0.00166413
159401	0.1509	0.152396	2.98723e-05	0.225465	0.227702	4.37051	-7.7412	-7.74345	4.39435	-7.51573	-7.51575	6.961e-05	-2.35733	-2.36132	0.00166149
159601	0.15555	0.1524	2.98519e-05	0.232414	0.227707	4.36752	-7.74812	-7.74346	4.39126	-7.51571	-7.51575	6.94918e-05	-2.37877	-2.36134	0.00166002
159801	0.160821	0.152391	3.00662e-05	0.240289	0.227693	4.39888	-7.75607	-7.74345	4.42284	-7.51578	-7.51575	6.99393e-05	-2.42157	-2.36127	0.00167071
160001	0.15483	0.152394	3.00321e-05	0.231338	0.227698	4.39388	-7.74709	-7.74345	4.4178	-7.51575	-7.51575	6.97373e-05	-2.37298	-2.36129	0.00166851
160201	0.151783	0.152391	2.99525e-05	0.226786	0.227694	4.38224	-7.74254	-7.74345	4.40608	-7.51576	-7.51575	6.95094e-05	-2.36074	-2.36127	0.00166402
160401	0.155429	0.152392	2.99531e-05	0.232232	0.227696	4.38233	-7.74798	-7.74345	4.40613	-7.51575	-7.51575	6.93224e-05	-2.38352	-2.36127	0.00166517
160601	0.160922	0.152398	2.99282e-05	0.24044	0.227703	4.37868	-7.75621	-7.74346	4.40244	-7.51577	-7.51575	6.91464e-05	-2.42243	-2.36131	0.0016638
160801	0.157115	0.152393	3.00095e-05	0.234752	0.227697	4.39057	-7.75049	-7.74345	4.41436	-7.51574	-7.51575	6.92093e-05	-2.38551	-2.36126	0.00166785
161001	0.148146	0.152386	2.9965e-05	0.221351	0.227686	4.38407	-7.73709	-7.74344	4.40781	-7.51574	-7.51575	6.90852e-05	-2.33562	-2.3612	0.00166543
161201	0.153889	0.15239	3.00303e-05	0.229932	0.227692	4.39363	-7.74569	-7.74344	4.41733	-7.51576	-7.51575	6.88865e-05	-2.3745	-2.36124	0.00167075
161401	0.151475	0.152394	2.99584e-05	0.226324	0.227698	4.3831	-7.74205	-7.74345	4.40676	-7.51572	-7.51575	6.87695e-05	-2.36725	-2.36129	0.00166686
161601	0.154634	0.152392	2.98838e-05	0.231044	0.227696	4.37218	-7.74678	-7.74345	4.39578	-7.51573	-7.51575	6.86859e-05	-2.37644	-2.36128	0.00166301
161801	0.153217	0.152394	2.97901e-05	0.228928	0.227698	4.35848	-7.7447	-7.74345	4.382	-7.51577	-7.51575	6.84824e-05	-2.36433	-2.36129	0.00165781
162001	0.154293	0.152391	2.98065e-05	0.230535	0.227694	4.36087	-7.74628	-7.74345	4.38439	-7.51575	-7.51575	6.83791e-05	-2.37346	-2.36127	0.00165887
162201	0.146451	0.152395	2.97947e-05	0.218819	0.227699	4.35915	-7.73453	-7.74345	4.38267	-7.51571	-7.51575	6.8291e-05	-2.3189	-2.3613	0.00165838
162401	0.151046	0.152394	2.97332e-05	0.225684	0.227698	4.35015	-7.74145	-7.74345	4.37361	-7.51577	-7.51575	6.81191e-05	-2.34571	-2.36129	0.00165489
162601	0.150235	0.152395	2.97947e-05	0.224472	0.2277	4.35915	-7.74022	-7.74345	4.38262	-7.51575	-7.51575	6.80417e-05	-2.3363	-2.36129	0.00165897
162801	0.15185	0.152394	2.97426e-05	0.226886	0.227698	4.35153	-7.74263	-7.74345	4.37496	-7.51574	-7.51575	6.79288e-05	-2.36151	-2.36126	0.00165594
163001	0.149015	0.152397	2.96845e-05	0.22265	0.227703	4.34303	-7.73842	-7.74345	4.36643	-7.51577	-7.51575	6.79572e-05	-2.3308	-2.36128	0.00165225
163201	0.1531	0.152398	2.96415e-05	0.228752	0.227704	4.33674	-7.74456	-7.74346	4.36011	-7.51581	-7.51575	6.80365e-05	-2.36054	-2.36127	0.00164972
163401	0.153942	0.152395	2.9604e-05	0.23001	0.227699	4.33125	-7.74576	-7.74345	4.35458	-7.51575	-7.51575	6.80316e-05	-2.36956	-2.36123	0.00164785
163601	0.1487	0.152397	2.95183e-05	0.222178	0.227702	4.31872	-7.73795	-7.74345	4.34198	-7.51577	-7.51575	6.78675e-05	-2.33161	-2.36123	0.0016432
163801	0.152121	0.152399	2.94837e-05	0.22729	0.227706	4.31365	-7.74309	-7.74346	4.33691	-7.5158	-7.51575	6.81439e-05	-2.35484	-2.36125	0.0016417
164001	0.15642	0.152396	2.94174e-05	0.233714	0.227701	4.30395	-7.7495	-7.74345	4.32714	-7.51579	-7.51575	6.80468e-05	-2.38998	-2.3612	0.00163849
164201	0.149543	0.152405	2.94233e-05	0.223438	0.227714	4.30481	-7.73922	-7.74347	4.32806	-7.51578	-7.51575	6.84503e-05	-2.33849	-2.36127	0.00163828
164401	0.152982	0.1524	2.9362e-05	0.228577	0.227707	4.29584	-7.74434	-7.74346	4.31901	-7.51576	-7.51575	6.82504e-05	-2.36495	-2.36121	0.00163583
164601	0.14691	0.152396	2.92906e-05	0.219504	0.227701	4.2854	-7.73524	-7.74345	4.30851	-7.51574	-7.51575	6.8058e-05	-2.32118	-2.36116	0.00163209
164801	0.152098	0.152402	2.92508e-05	0.227256	0.22771	4.27957	-7.74303	-7.74346	4.30269	-7.51578	-7.51575	6.81419e-05	-2.35528	-2.3612	0.00162906
165001	0.144439	0.152398	2.91842e-05	0.215813	0.227704	4.26983	-7.73152	-7.74346	4.29289	-7.5157	-7.51575	6.80399e-05	-2.304	-2.36116	0.00162551
165201	0.148818	0.152399	2.91838e-05	0.222355	0.227705	4.26978	-7.73811	-7.74346	4.29282	-7.51575	-7.51575	6.79221e-05	-2.33596	-2.36116	0.00162502
165401	0.152632	0.152401	2.91156e-05	0.228054	0.227708	4.25979	-7.74381	-7.74346	4.28278	-7.51576	-7.51575	6.77489e-05	-2.36035	-2.36117	0.00162117
165601	0.149062	0.152404	2.90459e-05	0.22272	0.227713	4.24959	-7.73842	-7.74347	4.27251	-7.5157	-7.51575	6.76105e-05	-2.34278	-2.36121	0.00161777
165801	0.155505	0.152399	2.89983e-05	0.232346	0.227706	4.24264	-7.74811	-7.74346	4.26556	-7.51577	-7.51575	6.77139e-05	-2.38042	-2.36118	0.0016151
166001	0.146145	0.152399	2.89729e-05	0.218361	0.227705	4.23892	-7.73409	-7.74346	4.26182	-7.51573	-7.51575	6.75588e-05	-2.31286	-2.36118	0.00161362
166201	0.144922	0.152405	2.89856e-05	0.216533	0.227714	4.24078	-7.73221	-7.74347	4.26367	-7.51567	-7.51575	6.75917e-05	-2.31059	-2.36121	0.00161354
166401	0.152675	0.152402	2.91213e-05	0.228118	0.22771	4.26063	-7.74387	-7.74346	4.28365	-7.51575	-7.51575	6.79331e-05	-2.35436	-2.36119	0.00161839
166601	0.151651	0.152397	2.90494e-05	0.226588	0.227703	4.25011	-7.74232	-7.74345	4.2731	-7.51574	-7.51575	6.78861e-05	-2.35575	-2.36115	0.00161435
166801	0.154638	0.152406	2.90099e-05	0.231051	0.227716	4.24433	-7.7468	-7.74347	4.26729	-7.51575	-7.51575	6.77679e-05	-2.3838	-2.36121	0.00161204
167001	0.157365	0.152395	2.90246e-05	0.235125	0.227699	4.24647	-7.7509	-7.74345	4.26949	-7.51577	-7.51575	6.79506e-05	-2.39565	-2.36113	0.00161306
167201	0.147116	0.152409	2.9044e-05	0.219812	0.227721	4.24933	-7.73554	-7.74347	4.27244	-7.51573	-7.51575	6.81745e-05	-2.31624	-2.36124	0.00161439
167401	0.151633	0.152408	2.92516e-05	0.226561	0.227719	4.27969	-7.7423	-7.74347	4.3029	-7.51574	-7.51575	6.81373e-05	-2.35248	-2.36122	0.00162687
167601	0.161906	0.152399	2.93214e-05	0.24191	0.227706	4.2899	-7.75769	-7.74346	4.3132	-7.51577	-7.51575	6.83515e-05	-2.43482	-2.36116	0.00163098
167801	0.154963	0.152406	2.92943e-05	0.231536	0.227715	4.28594	-7.74729	-7.74347	4.3092	-7.51575	-7.51575	6.81735e-05	-2.38477	-2.36121	0.00162993
168001	0.152558	0.152402	2.92294e-05	0.227943	0.227711	4.27645	-7.74364	-7.74346	4.29968	-7.5157	-7.51575	6.82919e-05	-2.36641	-2.36119	0.00162622
168201	0.146656	0.152404	2.91843e-05	0.219124	0.227713	4.26984	-7.73484	-7.74347	4.293	-7.51572	-7.51575	6.84861e-05	-2.32159	-2.36122	0.00162416
168401	0.14785	0.152406	2.91582e-05	0.220909	0.227717	4.26603	-7.73662	-7.74347	4.28913	-7.51571	-7.51575	6.83795e-05	-2.33212	-2.36124	0.00162321
168601	0.150559	0.152404	2.91107e-05	0.224957	0.227713	4.25907	-7.74067	-7.74346	4.28214	-7.51571	-7.51575	6.84264e-05	-2.35054	-2.36123	0.00162027
168801	0.154361	0.152402	2.90407e-05	0.230637	0.22771	4.24884	-7.74637	-7.74346	4.27186	-7.51573	-7.51575	6.84896e-05	-2.37364	-2.36122	0.00161621
169001	0.152888	0.152409	2.91271e-05	0.228437	0.227721	4.26147	-7.7442	-7.74347	4.28454	-7.51576	-7.51575	6.84293e-05	-2.36673	-2.36127	0.00162145
169201	0.159699	0.152403	2.90953e-05	0.238613	0.227712	4.25682	-7.75439	-7.74346	4.27987	-7.51577	-7.51575	6.83379e-05	-2.41777	-2.36123	0.00161923
169401	0.158166	0.152402	2.91588e-05	0.236323	0.22771	4.26611	-7.75207	-7.74346	4.28918	-7.51575	-7.51575	6.82442e-05	-2.40064	-2.36121	0.001624
169601	0.145476	0.1524	2.91327e-05	0.217361	0.227707	4.2623	-7.73308	-7.74346	4.28533	-7.51572	-7.51575	6.81605e-05	-2.31402	-2.36121	0.00162219
169801	0.155254	0.152406	2.91126e-05	0.231971	0.227715	4.25935	-7.74773	-7.74347	4.28236	-7.51576	-7.51575	6.80041e-05	-2.38756	-2.36126	0.00162129
170001	0.155492	0.152411	2.91435e-05	0.232327	0.227724	4.26388	-7.74809	-7.74348	4.28687	-7.51576	-7.51575	6.78666e-05	-2.38659	-2.36131	0.00162306
170201	0.158446	0.152403	2.91191e-05	0.23674	0.227711	4.26031	-7.75248	-7.74346	4.28329	-7.51574	-7.51575	6.77863e-05	-2.40114	-2.36124	0.00162135
170401	0.151054	0.152402	2.90923e-05	0.225696	0.22771	4.25639	-7.74146	-7.74346	4.27933	-7.51577	-7.51575	6.7652e-05	-2.35593	-2.36124	0.00161943
170601	0.148542	0.152406	2.91122e-05	0.221943	0.227715	4.2593	-7.73766	-7.74347	4.28226	-7.51571	-7.51575	6.76117e-05	-2.3335	-2.36128	0.00162105
170801	0.155378	0.152404	2.90526e-05	0.232157	0.227713	4.25058	-7.74792	-7.74346	4.27348	-7.51576	-7.51575	6.74937e-05	-2.39043	-2.36128	0.00161771
171001	0.148888	0.152405	2.89969e-05	0.222459	0.227715	4.24242	-7.73819	-7.74347	4.26528	-7.51573	-7.51575	6.73486e-05	-2.3374	-2.3613	0.00161505
171201	0.157857	0.152407	2.89466e-05	0.235861	0.227718	4.23506	-7.75158	-7.74347	4.25787	-7.51572	-7.51575	6.7221e-05	-2.40561	-2.36132	0.00161247
171401	0.157061	0.152395	2.91888e-05	0.234671	0.2277	4.2705	-7.75041	-7.74345	4.29354	-7.51574	-7.51575	6.80514e-05	-2.40294	-2.36124	0.001625
171601	0.139691	0.152403	2.9414e-05	0.208717	0.227712	4.30345	-7.7244	-7.74346	4.32664	-7.51568	-7.51575	6.81594e-05	-2.27704	-2.36133	0.00163756
171801	0.147706	0.152414	2.96324e-05	0.220693	0.227728	4.3354	-7.73642	-7.74348	4.35874	-7.51573	-7.51575	6.82641e-05	-2.3313	-2.36142	0.00164938
172001	0.153856	0.152409	2.97997e-05	0.229883	0.22772	4.35988	-7.74563	-7.74347	4.38332	-7.51574	-7.51575	6.83029e-05	-2.36954	-2.36139	0.00165671
172201	0.146179	0.152399	2.97833e-05	0.218412	0.227706	4.35748	-7.73408	-7.74346	4.38102	-7.51567	-7.51575	6.90903e-05	-2.31486	-2.36134	0.00165467
172401	0.157704	0.152404	2.97401e-05	0.235632	0.227712	4.35116	-7.75139	-7.74346	4.37469	-7.51576	-7.51575	6.91319e-05	-2.40413	-2.36137	0.00165301
172601	0.154754	0.152399	2.96887e-05	0.231224	0.227706	4.34365	-7.74702	-7.74346	4.36713	-7.5158	-7.51575	6.90056e-05	-2.37834	-2.36135	0.0016498
172801	0.135301	0.152403	2.99656e-05	0.202159	0.227712	4.38415	-7.71783	-7.74346	4.40793	-7.51567	-7.51575	6.95265e-05	-2.23003	-2.36138	0.0016661
173001	0.148332	0.152403	3.01427e-05	0.221628	0.227712	4.41007	-7.73738	-7.74346	4.43396	-7.51576	-7.51575	6.96008e-05	-2.33269	-2.36138	0.00167628
173201	0.159757	0.152403	3.01701e-05	0.238699	0.227712	4.41407	-7.75446	-7.74346	4.43795	-7.51577	-7.51575	6.94525e-05	-2.42171	-2.36139	0.0016784
173401	0.142204	0.152404	3.01297e-05	0.212473	0.227712	4.40816	-7.72817	-7.74346	4.43199	-7.5157	-7.51575	6.9346e-05	-2.28992	-2.3614	0.0016763
173601	0.152144	0.152404	3.01567e-05	0.227324	0.227713	4.41212	-7.74308	-7.74346	4.43596	-7.51576	-7.51575	6.92641e-05	-2.3587	-2.3614	0.00167779
173801	0.153063	0.152404	3.01425e-05	0.228698	0.227713	4.41004	-7.74449	-7.74346	4.43388	-7.51579	-7.51575	6.9376e-05	-2.36649	-2.3614	0.00167672
174001	0.151899	0.152402	3.00694e-05	0.226958	0.22771	4.39934	-7.74271	-7.74346	4.42312	-7.51575	-7.51575	6.92486e-05	-2.35781	-2.36139	0.00167269
174201	0.153999	0.1524	3.00172e-05	0.230096	0.227707	4.3917	-7.74585	-7.74346	4.41543	-7.51575	-7.51575	6.90809e-05	-2.37182	-2.36137	0.00167
174401	0.1553	0.152398	2.99841e-05	0.23204	0.227704	4.38687	-7.74782	-7.74346	4.41056	-7.51578	-7.51575	6.89185e-05	-2.38431	-2.36135	0.0016683
174601	0.151345	0.152409	2.99549e-05	0.22613	0.22772	4.3826	-7.74186	-7.74347	4.40633	-7.51573	-7.51575	6.91499e-05	-2.35471	-2.36144	0.001667
174801	0.158502	0.152398	2.99405e-05	0.236825	0.227704	4.38049	-7.75261	-7.74346	4.40427	-7.51578	-7.51575	6.93356e-05	-2.40762	-2.36136	0.00166579
175001	0.152285	0.152403	2.9937e-05	0.227535	0.227712	4.37996	-7.74328	-7.74346	4.40376	-7.51574	-7.51575	6.92723e-05	-2.36958	-2.3614	0.00166596
175201	0.146806	0.152405	2.99846e-05	0.219349	0.227715	4.38694	-7.73511	-7.74347	4.41074	-7.51576	-7.51575	6.92123e-05	-2.32816	-2.36142	0.00166875
175401	0.149462	0.152403	2.99223e-05	0.223318	0.227711	4.37781	-7.73905	-7.74346	4.40156	-7.51573	-7.51575	6.90586e-05	-2.34521	-2.36141	0.00166501
175601	0.152494	0.152405	2.98908e-05	0.227848	0.227714	4.37322	-7.74361	-7.74347	4.39695	-7.51577	-7.51575	6.89815e-05	-2.36525	-2.36143	0.00166286
175801	0.159395	0.152402	2.98531e-05	0.238159	0.227711	4.3677	-7.75393	-7.74346	4.39139	-7.51577	-7.51575	6.88311e-05	-2.41099	-2.36142	0.00166043
176001	0.158555	0.152403	2.98072e-05	0.236904	0.227712	4.36098	-7.75268	-7.74346	4.38463	-7.51578	-7.51575	6.86883e-05	-2.41215	-2.36143	0.00165776
176201	0.148411	0.152405	2.97878e-05	0.221747	0.227714	4.35815	-7.73752	-7.74346	4.38176	-7.51578	-7.51575	6.85952e-05	-2.32716	-2.36144	0.00165657
176401	0.143403	0.152405	2.99024e-05	0.214264	0.227715	4.37491	-7.73	-7.74347	4.39855	-7.51574	-7.51575	6.86534e-05	-2.29545	-2.36144	0.00166295
176601	0.150587	0.152404	2.98476e-05	0.224999	0.227713	4.36688	-7.74076	-7.74346	4.39047	-7.51576	-7.51575	6.84939e-05	-2.35402	-2.36144	0.00165996
176801	0.156756	0.15241	2.98775e-05	0.234215	0.227722	4.37126	-7.75001	-7.74347	4.3949	-7.5158	-7.51575	6.87042e-05	-2.40021	-2.36149	0.00166134
177001	0.142767	0.152405	2.98794e-05	0.213314	0.227715	4.37154	-7.72904	-7.74347	4.39513	-7.51572	-7.51575	6.85801e-05	-2.29497	-2.36147	0.00166132
177201	0.143305	0.152407	2.99764e-05	0.214118	0.227718	4.38574	-7.72987	-7.74347	4.40939	-7.51575	-7.51575	6.86564e-05	-2.30109	-2.36149	0.00166662
177401	0.158432	0.152408	2.99453e-05	0.236719	0.227718	4.38118	-7.7525	-7.74347	4.4048	-7.51579	-7.51575	6.85869e-05	-2.40463	-2.36151	0.00166453
177601	0.153929	0.152408	2.99998e-05	0.229992	0.227718	4.38915	-7.74576	-7.74347	4.41277	-7.51577	-7.51575	6.84751e-05	-2.37042	-2.36151	0.00166669
177801	0.150799	0.152406	2.9938e-05	0.225316	0.227716	4.38011	-7.74106	-7.74347	4.40367	-7.51574	-7.51575	6.83054e-05	-2.34916	-2.3615	0.00166336
178001	0.162846	0.152403	2.99109e-05	0.243315	0.227712	4.37615	-7.7591	-7.74346	4.39969	-7.51579	-7.51575	6.81959e-05	-2.4447	-2.36149	0.00166169
178201	0.150915	0.152407	2.98825e-05	0.225488	0.227718	4.372	-7.74116	-7.74347	4.39552	-7.51567	-7.51575	6.82557e-05	-2.35602	-2.36153	0.00166078
178401	0.16064	0.152402	2.99236e-05	0.240019	0.22771	4.37801	-7.75581	-7.74346	4.40166	-7.5158	-7.51575	6.87344e-05	-2.42975	-2.36151	0.00166288
178601	0.159385	0.152404	2.99226e-05	0.238144	0.227713	4.37787	-7.75394	-7.74346	4.4015	-7.5158	-7.51575	6.87414e-05	-2.41459	-2.36154	0.00166281
178801	0.157181	0.152405	2.99274e-05	0.234851	0.227714	4.37857	-7.75059	-7.74347	4.40221	-7.51574	-7.51575	6.86728e-05	-2.39926	-2.36156	0.00166232
179001	0.152587	0.152402	2.98769e-05	0.227986	0.227709	4.37118	-7.74378	-7.74346	4.39476	-7.5158	-7.51575	6.85982e-05	-2.35912	-2.36154	0.00165935
179201	0.149703	0.152405	2.9955e-05	0.223678	0.227714	4.38261	-7.7394	-7.74347	4.40629	-7.51572	-7.51575	6.88372e-05	-2.34528	-2.36156	0.00166451
179401	0.154187	0.152408	2.99779e-05	0.230377	0.227719	4.38596	-7.74618	-7.74347	4.4097	-7.5158	-7.51575	6.89455e-05	-2.37388	-2.36159	0.00166537
179601	0.160011	0.152406	2.993e-05	0.239079	0.227715	4.37895	-7.75489	-7.74347	4.40263	-7.51581	-7.51575	6.89913e-05	-2.42851	-2.36158	0.00166318
179801	0.157001	0.152405	3.00013e-05	0.234581	0.227715	4.38938	-7.75035	-7.74347	4.41309	-7.51577	-7.51575	6.89304e-05	-2.39706	-2.36158	0.00166786
180001	0.146734	0.152406	3.00065e-05	0.219242	0.227716	4.39013	-7.735	-7.74347	4.41381	-7.51576	-7.51575	6.88419e-05	-2.31904	-2.36159	0.00166849
180201	0.153117	0.152403	2.99501e-05	0.228778	0.227712	4.38188	-7.74455	-7.74346	4.40551	-7.51577	-7.51575	6.86861e-05	-2.3694	-2.36159	0.00166518
180401	0.152052	0.152412	2.99307e-05	0.227187	0.227725	4.37905	-7.74293	-7.74348	4.40271	-7.51575	-7.51575	6.89051e-05	-2.36527	-2.36165	0.00166395
180601	0.161261	0.152397	3.00148e-05	0.240946	0.227703	4.39135	-7.75671	-7.74345	4.41517	-7.51576	-7.51575	6.93302e-05	-2.43524	-2.36155	0.00166808
180801	0.153566	0.152403	3.00912e-05	0.229449	0.227712	4.40254	-7.74524	-7.74346	4.42637	-7.51579	-7.51575	6.93059e-05	-2.37276	-2.36161	0.0016726
181001	0.133468	0.152409	3.02829e-05	0.19942	0.22772	4.43057	-7.71509	-7.74347	4.45458	-7.51567	-7.51575	6.95778e-05	-2.22768	-2.36166	0.00168318
181201	0.155217	0.152405	3.03085e-05	0.231916	0.227715	4.43432	-7.74768	-7.74347	4.45835	-7.51576	-7.51575	6.97617e-05	-2.38921	-2.36164	0.0016842
181401	0.149824	0.15241	3.0292e-05	0.223858	0.227721	4.43192	-7.7396	-7.74347	4.45592	-7.51575	-7.51575	6.96242e-05	-2.34621	-2.36168	0.00168379
181601	0.154927	0.15241	3.03198e-05	0.231483	0.227722	4.43598	-7.74725	-7.74347	4.46	-7.51577	-7.51575	6.95471e-05	-2.3797	-2.36169	0.00168548
181801	0.153692	0.152405	3.02791e-05	0.229637	0.227714	4.43002	-7.74539	-7.74347	4.45404	-7.51575	-7.51575	6.95943e-05	-2.37608	-2.36167	0.00168251
182001	0.158532	0.152407	3.02184e-05	0.236869	0.227717	4.42114	-7.75265	-7.74347	4.44511	-7.51578	-7.51575	6.94513e-05	-2.41233	-2.36169	0.00167934
182201	0.150644	0.152408	3.01672e-05	0.225084	0.227719	4.41364	-7.7408	-7.74347	4.43757	-7.51572	-7.51575	6.93402e-05	-2.35051	-2.3617	0.00167657
182401	0.153764	0.152398	3.01758e-05	0.229745	0.227705	4.4149	-7.74548	-7.74346	4.43888	-7.51574	-7.51575	6.95521e-05	-2.37091	-2.36164	0.00167717
182601	0.16001	0.152404	3.02953e-05	0.239078	0.227713	4.43239	-7.75483	-7.74346	4.45638	-7.51575	-7.51575	6.94375e-05	-2.42336	-2.36169	0.00168395
182801	0.151991	0.152403	3.02539e-05	0.227096	0.227712	4.42633	-7.74288	-7.74346	4.45026	-7.51578	-7.51575	6.9289e-05	-2.36109	-2.36169	0.00168179
183001	0.146782	0.152401	3.04792e-05	0.219313	0.227709	4.4593	-7.73498	-7.74346	4.48346	-7.51567	-7.51575	6.97502e-05	-2.32969	-2.36168	0.001693
183201	0.151119	0.152404	3.04162e-05	0.225793	0.227714	4.45008	-7.74153	-7.74346	4.47416	-7.51573	-7.51575	6.98618e-05	-2.35951	-2.36172	0.00168981
183401	0.163307	0.152407	3.03967e-05	0.244003	0.227718	4.44722	-7.75979	-7.74347	4.47129	-7.51579	-7.51575	6.97776e-05	-2.44556	-2.36175	0.00168906
183601	0.151185	0.152403	3.04177e-05	0.225892	0.227712	4.45029	-7.74157	-7.74346	4.47445	-7.51568	-7.51575	7.02594e-05	-2.35669	-2.36173	0.00168908
183801	0.155529	0.152403	3.03631e-05	0.232382	0.227711	4.44231	-7.74814	-7.74346	4.46643	-7.51575	-7.51575	7.03899e-05	-2.38113	-2.36173	0.00168603
184001	0.149667	0.152402	3.03187e-05	0.223624	0.22771	4.43582	-7.73939	-7.74346	4.4599	-7.51576	-7.51575	7.02314e-05	-2.33777	-2.36172	0.00168375
184201	0.145656	0.152402	3.03372e-05	0.21763	0.22771	4.43852	-7.73331	-7.74346	4.46262	-7.51568	-7.51575	7.03352e-05	-2.30719	-2.36172	0.00168554
184401	0.155522	0.152404	3.03097e-05	0.232372	0.227712	4.4345	-7.74815	-7.74346	4.45861	-7.51578	-7.51575	7.03732e-05	-2.38566	-2.36172	0.00168389
184601	0.15666	0.152401	3.02613e-05	0.234072	0.227709	4.42742	-7.74986	-7.74346	4.45148	-7.51579	-7.51575	7.0258e-05	-2.38911	-2.36169	0.00168189
184801	0.143146	0.152399	3.02933e-05	0.21388	0.227706	4.4321	-7.72957	-7.74346	4.45623	-7.51569	-7.51575	7.04413e-05	-2.2895	-2.36167	0.0016838
185001	0.146691	0.152401	3.03137e-05	0.219176	0.227708	4.43509	-7.73495	-7.74346	4.45922	-7.51577	-7.51575	7.04187e-05	-2.31611	-2.36168	0.00168494
185201	0.153703	0.152405	3.02645e-05	0.229654	0.227714	4.42788	-7.7454	-7.74347	4.45198	-7.51574	-7.51575	7.03534e-05	-2.37252	-2.3617	0.00168204
185401	0.15319	0.1524	3.02118e-05	0.228887	0.227708	4.42018	-7.74461	-7.74346	4.44425	-7.51573	-7.51575	7.03344e-05	-2.37404	-2.36167	0.00167937
185601	0.151124	0.152402	3.01729e-05	0.225801	0.22771	4.41449	-7.7416	-7.74346	4.43853	-7.5158	-7.51575	7.0274e-05	-2.34884	-2.36168	0.00167717
185801	0.146507	0.152398	3.02795e-05	0.218902	0.227704	4.43008	-7.7346	-7.74345	4.45424	-7.5157	-7.51575	7.04601e-05	-2.32059	-2.36165	0.00168268
186001	0.144631	0.152409	3.03356e-05	0.216099	0.22772	4.43829	-7.73177	-7.74347	4.46248	-7.51568	-7.51575	7.05088e-05	-2.30817	-2.36174	0.00168546
186201	0.149969	0.152399	3.04103e-05	0.224075	0.227705	4.44922	-7.73985	-7.74346	4.47357	-7.51577	-7.51575	7.10149e-05	-2.34009	-2.36167	0.00168864
186401	0.149092	0.152406	3.04324e-05	0.222765	0.227716	4.45245	-7.73848	-7.74347	4.47685	-7.51572	-7.51575	7.11355e-05	-2.33875	-2.36173	0.00169032
186601	0.15044	0.152402	3.03765e-05	0.224778	0.22771	4.44427	-7.74044	-7.74346	4.46869	-7.51566	-7.51575	7.18081e-05	-2.35142	-2.36171	0.00168685
186801	0.151608	0.152401	3.03408e-05	0.226524	0.227709	4.43905	-7.74228	-7.74346	4.46347	-7.51575	-7.51575	7.20875e-05	-2.35354	-2.36172	0.00168495
187001	0.153213	0.152409	3.03212e-05	0.228921	0.22772	4.43618	-7.74466	-7.74347	4.46058	-7.51574	-7.51575	7.20226e-05	-2.36972	-2.36177	0.00168401
187201	0.1523	0.152404	3.02857e-05	0.227558	0.227712	4.43098	-7.74324	-7.74346	4.45537	-7.51568	-7.51575	7.22295e-05	-2.35935	-2.36174	0.00168169
187401	0.15196	0.152401	3.02269e-05	0.227049	0.227709	4.42238	-7.74275	-7.74346	4.44674	-7.5157	-7.51575	7.26863e-05	-2.36115	-2.36173	0.00167809
187601	0.161617	0.152402	3.01968e-05	0.241478	0.22771	4.41798	-7.75724	-7.74346	4.44231	-7.51577	-7.51575	7.26837e-05	-2.44239	-2.36175	0.00167698
187801	0.153323	0.152402	3.01801e-05	0.229086	0.227711	4.41554	-7.74478	-7.74346	4.43987	-7.5157	-7.51575	7.27483e-05	-2.37757	-2.36176	0.00167628
188001	0.150255	0.152401	3.0123e-05	0.224502	0.227709	4.40718	-7.7402	-7.74346	4.43148	-7.5157	-7.51575	7.31273e-05	-2.3544	-2.36177	0.00167328
188201	0.158982	0.152409	3.02772e-05	0.237541	0.22772	4.42974	-7.75333	-7.74347	4.45418	-7.51579	-7.51575	7.33065e-05	-2.40961	-2.36183	0.00168154
188401	0.156658	0.152403	3.02846e-05	0.234069	0.227711	4.43082	-7.74981	-7.74346	4.45527	-7.51574	-7.51575	7.33004e-05	-2.39247	-2.3618	0.00168165
188601	0.1483	0.152402	3.02316e-05	0.221582	0.22771	4.42307	-7.73731	-7.74346	4.44747	-7.51573	-7.51575	7.32219e-05	-2.33372	-2.3618	0.00167879
188801	0.154715	0.152403	3.02068e-05	0.231167	0.227712	4.41945	-7.74694	-7.74346	4.44382	-7.51577	-7.51575	7.31554e-05	-2.37867	-2.3618	0.00167737
189001	0.154282	0.152402	3.01804e-05	0.230519	0.22771	4.41559	-7.74628	-7.74346	4.43993	-7.51576	-7.51575	7.3018e-05	-2.37121	-2.36178	0.00167641
189201	0.148235	0.152405	3.0135e-05	0.221484	0.227715	4.40894	-7.7372	-7.74347	4.43325	-7.51572	-7.51575	7.29142e-05	-2.3339	-2.3618	0.00167343
189401	0.161245	0.152409	3.02058e-05	0.240922	0.22772	4.4193	-7.75674	-7.74347	4.44373	-7.51582	-7.51575	7.31786e-05	-2.41569	-2.36181	0.00167676
189601	0.156487	0.152406	3.02337e-05	0.233814	0.227715	4.42338	-7.7496	-7.74347	4.44781	-7.51579	-7.51575	7.31419e-05	-2.39475	-2.36177	0.00167961
189801	0.137274	0.152404	3.02591e-05	0.205107	0.227713	4.42709	-7.72073	-7.74346	4.45161	-7.51563	-7.51575	7.34807e-05	-2.25617	-2.36176	0.00168018
190001	0.161583	0.152412	3.05072e-05	0.241428	0.227724	4.46339	-7.75725	-7.74347	4.48828	-7.51582	-7.51575	7.43602e-05	-2.42452	-2.36182	0.00169242
190201	0.148762	0.152401	3.05198e-05	0.222271	0.227708	4.46524	-7.738	-7.74346	4.49017	-7.51573	-7.51575	7.44829e-05	-2.33174	-2.36174	0.00169274
190401	0.151685	0.152407	3.04778e-05	0.226639	0.227718	4.45909	-7.74236	-7.74347	4.48398	-7.51572	-7.51575	7.43459e-05	-2.36386	-2.36179	0.00169036
190601	0.158541	0.152403	3.04408e-05	0.236882	0.227712	4.45368	-7.75265	-7.74346	4.47857	-7.51577	-7.51575	7.43997e-05	-2.3955	-2.36176	0.00168774
190801	0.146661	0.152404	3.04308e-05	0.219132	0.227712	4.45222	-7.73486	-7.74346	4.47709	-7.51573	-7.51575	7.4326e-05	-2.3223	-2.36177	0.00168668
191001	0.151596	0.152411	3.04741e-05	0.226506	0.227723	4.45855	-7.74216	-7.74347	4.48345	-7.51566	-7.51575	7.44558e-05	-2.36486	-2.36183	0.00168854
191201	0.152348	0.152405	3.04957e-05	0.227629	0.227715	4.46171	-7.74334	-7.74346	4.48672	-7.51572	-7.51575	7.52977e-05	-2.35747	-2.36179	0.00168891
191401	0.14874	0.152404	3.04753e-05	0.222238	0.227713	4.45872	-7.73795	-7.74346	4.48369	-7.51571	-7.51575	7.54743e-05	-2.34052	-2.3618	0.00168775
191601	0.145471	0.152408	3.04321e-05	0.217354	0.227718	4.45241	-7.73301	-7.74347	4.47731	-7.51566	-7.51575	7.55936e-05	-2.31913	-2.36183	0.00168527
191801	0.156678	0.152407	3.04237e-05	0.234099	0.227717	4.45118	-7.74985	-7.74347	4.47611	-7.51575	-7.51575	7.58298e-05	-2.38018	-2.36182	0.00168381
192001	0.157571	0.152401	3.04603e-05	0.235433	0.227709	4.45653	-7.75115	-7.74346	4.48156	-7.51572	-7.51575	7.62943e-05	-2.40849	-2.36178	0.00168593
192201	0.145314	0.152408	3.04491e-05	0.21712	0.227719	4.4549	-7.73282	-7.74347	4.47989	-7.5157	-7.51575	7.618e-05	-2.30713	-2.36182	0.00168497
192401	0.16788	0.152403	3.04898e-05	0.250837	0.227711	4.46085	-7.76665	-7.74346	4.4859	-7.51581	-7.51575	7.63518e-05	-2.47154	-2.36177	0.00168728
192601	0.149611	0.152403	3.0599e-05	0.22354	0.227712	4.47682	-7.73927	-7.74346	4.50197	-7.51573	-7.51575	7.64106e-05	-2.34446	-2.36177	0.00169261
192801	0.149954	0.152407	3.05622e-05	0.224053	0.227718	4.47144	-7.73979	-7.74347	4.49656	-7.51574	-7.51575	7.62814e-05	-2.35059	-2.3618	0.00169019
193001	0.16249	0.152405	3.05246e-05	0.242783	0.227715	4.46594	-7.75858	-7.74346	4.49102	-7.5158	-7.51575	7.62019e-05	-2.43417	-2.36178	0.00168864
193201	0.151902	0.152406	3.06563e-05	0.226963	0.227716	4.4852	-7.74267	-7.74347	4.51039	-7.5157	-7.51575	7.63564e-05	-2.36537	-2.36178	0.00169586
193401	0.150893	0.152409	3.06005e-05	0.225455	0.227721	4.47704	-7.74117	-7.74347	4.50217	-7.51572	-7.51575	7.62901e-05	-2.34465	-2.3618	0.00169274
193601	0.150177	0.152406	3.05798e-05	0.224385	0.227715	4.47401	-7.74016	-7.74346	4.49912	-7.51578	-7.51575	7.62535e-05	-2.3336	-2.36178	0.00169181
193801	0.143792	0.152405	3.07222e-05	0.214846	0.227715	4.49484	-7.73053	-7.74346	4.52008	-7.51568	-7.51575	7.64667e-05	-2.29901	-2.36177	0.00169963
194001	0.15476	0.152408	3.06915e-05	0.231233	0.227719	4.49036	-7.74695	-7.74347	4.51554	-7.51571	-7.51575	7.64788e-05	-2.38372	-2.36179	0.00169808
194201	0.16518	0.152409	3.06987e-05	0.246801	0.227721	4.49141	-7.7626	-7.74347	4.5166	-7.5158	-7.51575	7.64688e-05	-2.44728	-2.3618	0.00169754
194401	0.157861	0.152409	3.07154e-05	0.235867	0.227721	4.49385	-7.75155	-7.74347	4.51908	-7.51569	-7.51575	7.66957e-05	-2.40192	-2.3618	0.00169758
194601	0.145815	0.152408	3.06898e-05	0.217868	0.227719	4.49011	-7.73355	-7.74347	4.51531	-7.51568	-7.51575	7.71435e-05	-2.31316	-2.36179	0.00169627
194801	0.150128	0.152408	3.06508e-05	0.224313	0.22772	4.4844	-7.74003	-7.74347	4.50957	-7.51571	-7.51575	7.71271e-05	-2.33996	-2.36179	0.00169404
195001	0.154262	0.152409	3.06374e-05	0.230489	0.227721	4.48245	-7.74624	-7.74347	4.5076	-7.51575	-7.51575	7.70568e-05	-2.37115	-2.36179	0.00169329
195201	0.157417	0.152408	3.05909e-05	0.235204	0.227719	4.47563	-7.75092	-7.74347	4.50075	-7.51571	-7.51575	7.70277e-05	-2.3968	-2.36177	0.00169087
195401	0.157543	0.152406	3.06115e-05	0.235391	0.227716	4.47866	-7.75118	-7.74346	4.50379	-7.51579	-7.51575	7.70538e-05	-2.39373	-2.36175	0.00169275
195601	0.149062	0.152408	3.05862e-05	0.22272	0.227719	4.47495	-7.73847	-7.74347	4.50006	-7.51575	-7.51575	7.70133e-05	-2.32462	-2.36175	0.00169199
195801	0.154099	0.152412	3.0537e-05	0.230246	0.227725	4.46775	-7.74596	-7.74347	4.4928	-7.51571	-7.51575	7.68721e-05	-2.36896	-2.36177	0.00168906
196001	0.155051	0.152405	3.0547e-05	0.231668	0.227714	4.46922	-7.74743	-7.74346	4.49433	-7.51576	-7.51575	7.70404e-05	-2.37433	-2.36171	0.00169039
196201	0.158711	0.152411	3.0504e-05	0.237137	0.227723	4.46293	-7.75293	-7.74347	4.48804	-7.51579	-7.51575	7.72284e-05	-2.40723	-2.36174	0.00168762
196401	0.163328	0.152407	3.06196e-05	0.244035	0.227717	4.47983	-7.75975	-7.74347	4.50501	-7.51571	-7.51575	7.73302e-05	-2.43576	-2.3617	0.00169481
196601	0.152852	0.152405	3.06712e-05	0.228382	0.227714	4.48738	-7.74414	-7.74346	4.51257	-7.51576	-7.51575	7.74651e-05	-2.36666	-2.36169	0.00169774
196801	0.147775	0.152412	3.07034e-05	0.220796	0.227725	4.4921	-7.73653	-7.74347	4.51735	-7.51573	-7.51575	7.75992e-05	-2.33523	-2.36174	0.00169866
197001	0.155205	0.152409	3.06679e-05	0.231899	0.22772	4.4869	-7.74764	-7.74347	4.51214	-7.51574	-7.51575	7.76007e-05	-2.38188	-2.36171	0.00169625
197201	0.15546	0.152405	3.06469e-05	0.232279	0.227715	4.48383	-7.74802	-7.74346	4.50907	-7.51574	-7.51575	7.76857e-05	-2.38846	-2.36169	0.0016953
197401	0.150136	0.15241	3.06042e-05	0.224324	0.227722	4.47759	-7.74005	-7.74347	4.50279	-7.51573	-7.51575	7.75687e-05	-2.34513	-2.36172	0.00169282
197601	0.148045	0.152409	3.05873e-05	0.2212	0.227721	4.47511	-7.73691	-7.74347	4.50029	-7.51571	-7.51575	7.74671e-05	-2.32781	-2.36171	0.00169178
197801	0.152827	0.152407	3.05292e-05	0.228345	0.227718	4.46662	-7.74406	-7.74347	4.49175	-7.51571	-7.51575	7.7565e-05	-2.36856	-2.3617	0.00168854
198001	0.15407	0.152408	3.04763e-05	0.230203	0.227718	4.45887	-7.74592	-7.74347	4.48396	-7.51572	-7.51575	7.75087e-05	-2.38129	-2.3617	0.00168556
198201	0.156997	0.15241	3.04261e-05	0.234576	0.227722	4.45153	-7.75031	-7.74347	4.47656	-7.51574	-7.51575	7.7438e-05	-2.39918	-2.36173	0.00168291
198401	0.153009	0.152406	3.0402e-05	0.228616	0.227716	4.448	-7.74434	-7.74346	4.47303	-7.51572	-7.51575	7.75022e-05	-2.36853	-2.3617	0.00168183
198601	0.149623	0.152415	3.04156e-05	0.223558	0.22773	4.44999	-7.73929	-7.74348	4.47504	-7.51573	-7.51575	7.74678e-05	-2.33919	-2.36177	0.0016824
198801	0.155684	0.152413	3.04946e-05	0.232614	0.227727	4.46154	-7.74834	-7.74348	4.48662	-7.51572	-7.51575	7.7455e-05	-2.38442	-2.36175	0.00168707
199001	0.153839	0.152402	3.05475e-05	0.229857	0.227711	4.46928	-7.74557	-7.74346	4.49451	-7.51572	-7.51575	7.80531e-05	-2.37128	-2.36167	0.00168956
199201	0.14764	0.152412	3.05714e-05	0.220594	0.227725	4.47279	-7.73635	-7.74347	4.49803	-7.51576	-7.51575	7.80681e-05	-2.32321	-2.36175	0.00169119
199401	0.153507	0.15241	3.05734e-05	0.229361	0.227722	4.47309	-7.74509	-7.74347	4.49829	-7.51573	-7.51575	7.79511e-05	-2.3716	-2.36173	0.00169131
199601	0.148018	0.152406	3.06341e-05	0.22116	0.227716	4.48195	-7.73685	-7.74346	4.50724	-7.51569	-7.51575	7.83099e-05	-2.33397	-2.36171	0.00169441
199801	0.145111	0.152415	3.06763e-05	0.216816	0.227729	4.48813	-7.73256	-7.74348	4.51346	-7.51574	-7.51575	7.8325e-05	-2.29954	-2.36177	0.00169638
