timestep            	T              	T_{ave}             	T_{var}           	K/N            	K_{ave}/N           	K_{var}           	U/N            	U_{ave}/N           	U_{var}           	E/N            	E_{ave}/N           	E_{var}           	P              	P_{ave}             	P_{var}
100001	0.263483	0.263483	0	0.393681	0.393681	0	-7.61028	-7.61028	0	-7.2166	-7.2166	0	-1.49372	-1.49372	0
100201	0.257127	0.25695	9.20037e-06	0.384185	0.38392	1.34607	-7.60075	-7.60051	1.3539	-7.21657	-7.21659	2.11835e-05	-1.46497	-1.45428	0.000352559
100401	0.251624	0.256221	9.03047e-06	0.375962	0.38283	1.32121	-7.59247	-7.5994	1.33536	-7.21651	-7.21657	6.5497e-05	-1.41931	-1.44729	0.000365614
100601	0.257271	0.255699	2.04319e-05	0.384399	0.38205	2.98932	-7.60102	-7.59862	3.00331	-7.21662	-7.21657	6.6924e-05	-1.46267	-1.44667	0.00101969
100801	0.245055	0.257504	3.6544e-05	0.366147	0.384747	5.34661	-7.58271	-7.60134	5.38804	-7.21656	-7.21659	0.000152922	-1.36414	-1.45858	0.00174418
101001	0.244161	0.256974	5.57832e-05	0.364811	0.383955	8.16142	-7.58134	-7.60053	8.20665	-7.21653	-7.21658	0.000161835	-1.34624	-1.4549	0.00303605
101201	0.257702	0.256307	5.27865e-05	0.385043	0.382959	7.723	-7.60162	-7.59953	7.76691	-7.21658	-7.21657	0.000148032	-1.46343	-1.44847	0.0030354
101401	0.262311	0.256723	4.69069e-05	0.391929	0.38358	6.86277	-7.60853	-7.60016	6.90159	-7.2166	-7.21658	0.000128897	-1.49752	-1.45227	0.00271696
101601	0.244918	0.256306	6.01754e-05	0.365942	0.382957	8.80404	-7.58244	-7.59953	8.84987	-7.21649	-7.21657	0.000132033	-1.36453	-1.44897	0.00335827
101801	0.253967	0.256452	5.54116e-05	0.379462	0.383175	8.10706	-7.59603	-7.59975	8.14776	-7.21657	-7.21657	0.000123257	-1.42992	-1.45003	0.00309457
102001	0.267669	0.256814	5.31342e-05	0.399935	0.383716	7.77386	-7.61654	-7.60029	7.81211	-7.21661	-7.21657	0.000112923	-1.53275	-1.45359	0.00300696
102201	0.260734	0.25624	6.54637e-05	0.389574	0.382858	9.57775	-7.60607	-7.59942	9.63478	-7.2165	-7.21656	0.000165889	-1.48507	-1.44971	0.00357598
102401	0.267656	0.256359	6.54355e-05	0.399915	0.383036	9.57363	-7.61651	-7.5996	9.62437	-7.21659	-7.21656	0.000156039	-1.53222	-1.45019	0.00355694
102601	0.239698	0.256378	6.70147e-05	0.358142	0.383065	9.80466	-7.57459	-7.59963	9.85688	-7.21644	-7.21656	0.000171384	-1.34778	-1.45076	0.00361415
102801	0.241856	0.256425	7.50683e-05	0.361367	0.383135	10.983	-7.57785	-7.59969	11.0387	-7.21648	-7.21656	0.000175958	-1.34663	-1.45164	0.00402387
103001	0.258486	0.256298	7.34738e-05	0.386215	0.382945	10.7497	-7.60274	-7.5995	10.8044	-7.21652	-7.21655	0.000175726	-1.46426	-1.45097	0.00391946
103201	0.261244	0.256294	7.46083e-05	0.390336	0.382939	10.9157	-7.60693	-7.59949	10.9701	-7.2166	-7.21655	0.000169749	-1.4911	-1.45104	0.00396796
103401	0.271085	0.256192	7.46977e-05	0.405039	0.382786	10.9287	-7.62164	-7.59934	10.9814	-7.2166	-7.21656	0.000162093	-1.56591	-1.45027	0.00399515
103601	0.242697	0.256384	7.56305e-05	0.362623	0.383074	11.0652	-7.57917	-7.59963	11.1193	-7.21654	-7.21656	0.000166787	-1.33276	-1.45169	0.00408364
103801	0.252127	0.256239	7.74605e-05	0.376713	0.382857	11.333	-7.59319	-7.59941	11.3879	-7.21648	-7.21656	0.000168343	-1.41835	-1.45061	0.00418897
104001	0.25494	0.2562	7.36575e-05	0.380916	0.382799	10.7766	-7.59747	-7.59935	10.829	-7.21655	-7.21655	0.000163955	-1.44279	-1.4501	0.00398583
104201	0.255503	0.256315	7.20163e-05	0.381758	0.382971	10.5364	-7.59832	-7.59953	10.5876	-7.21656	-7.21656	0.000158521	-1.45316	-1.45142	0.00392401
104401	0.260579	0.256172	7.52884e-05	0.389342	0.382756	11.0152	-7.60584	-7.59931	11.0694	-7.2165	-7.21655	0.000164592	-1.47978	-1.45057	0.00413306
104601	0.263015	0.256397	7.62828e-05	0.392981	0.383092	11.1606	-7.60957	-7.59965	11.2146	-7.21659	-7.21655	0.000161536	-1.49043	-1.45228	0.00417883
104801	0.252512	0.256298	7.43453e-05	0.377288	0.382945	10.8772	-7.59381	-7.5995	10.9293	-7.21652	-7.21655	0.000155887	-1.41673	-1.45158	0.00407005
105001	0.247006	0.256326	7.17504e-05	0.369062	0.382986	10.4975	-7.58545	-7.59954	10.5473	-7.21639	-7.21655	0.000168222	-1.38343	-1.45195	0.00393935
105201	0.263496	0.256195	7.56666e-05	0.3937	0.382791	11.0705	-7.61029	-7.59934	11.1277	-7.21659	-7.21655	0.00019384	-1.49981	-1.45066	0.00416053
105401	0.260587	0.256147	7.50241e-05	0.389353	0.38272	10.9765	-7.6059	-7.59927	11.0337	-7.21655	-7.21655	0.000190661	-1.49	-1.45055	0.00414378
105601	0.255299	0.256234	7.77191e-05	0.381452	0.382849	11.3708	-7.59793	-7.5994	11.4289	-7.21648	-7.21655	0.000190718	-1.44361	-1.45122	0.0043192
105801	0.255851	0.256213	7.53903e-05	0.382278	0.382818	11.0301	-7.59877	-7.59936	11.0866	-7.21649	-7.21654	0.000196267	-1.44751	-1.45103	0.00418848
106001	0.256172	0.256239	7.52142e-05	0.382757	0.382857	11.0043	-7.59931	-7.5994	11.0612	-7.21655	-7.21654	0.00019424	-1.44865	-1.45105	0.00416424
106201	0.266798	0.256248	7.46823e-05	0.398633	0.382871	10.9265	-7.61522	-7.59941	10.9826	-7.21658	-7.21654	0.000189225	-1.52886	-1.4513	0.00412811
106401	0.258477	0.256214	7.3989e-05	0.386201	0.382819	10.825	-7.60271	-7.59936	10.8802	-7.21651	-7.21654	0.000185063	-1.46079	-1.4509	0.00408523
106601	0.274943	0.256112	7.55466e-05	0.410804	0.382667	11.0529	-7.62743	-7.59921	11.1103	-7.21663	-7.21654	0.000187142	-1.58735	-1.45019	0.00415487
106801	0.280698	0.256269	8.09491e-05	0.419403	0.382901	11.8434	-7.63604	-7.59945	11.9035	-7.21663	-7.21654	0.000193853	-1.6264	-1.45147	0.00442779
107001	0.262746	0.256175	8.2005e-05	0.392579	0.382762	11.9978	-7.60905	-7.59931	12.0595	-7.21647	-7.21654	0.000196173	-1.51872	-1.45098	0.00446168
107201	0.249525	0.256149	8.1887e-05	0.372826	0.382723	11.9806	-7.58937	-7.59927	12.041	-7.21655	-7.21654	0.000196912	-1.40003	-1.45082	0.00447803
107401	0.251165	0.256279	8.28061e-05	0.375275	0.382916	12.1151	-7.59182	-7.59946	12.1762	-7.21654	-7.21654	0.00019608	-1.42649	-1.45165	0.00449924
107601	0.255818	0.25624	8.08223e-05	0.382228	0.382858	11.8248	-7.59876	-7.5994	11.8844	-7.21653	-7.21654	0.000191055	-1.44554	-1.45138	0.00438758
107801	0.261839	0.256248	7.96422e-05	0.391225	0.38287	11.6522	-7.60781	-7.59941	11.711	-7.21659	-7.21654	0.000187437	-1.49477	-1.4512	0.00434168
108001	0.24753	0.256305	7.80409e-05	0.369845	0.382956	11.4179	-7.58638	-7.5995	11.4759	-7.21653	-7.21654	0.000185559	-1.3911	-1.45131	0.00424286
108201	0.260376	0.25626	7.8124e-05	0.389038	0.382888	11.43	-7.60559	-7.59943	11.4875	-7.21655	-7.21654	0.000181756	-1.48886	-1.45093	0.00425346
108401	0.25518	0.256218	7.66655e-05	0.381275	0.382826	11.2166	-7.59786	-7.59937	11.2726	-7.21659	-7.21654	0.000178108	-1.44073	-1.45075	0.00417493
108601	0.257104	0.256351	7.61506e-05	0.384149	0.383024	11.1413	-7.60071	-7.59957	11.1982	-7.21656	-7.21655	0.000182963	-1.46038	-1.45159	0.00412818
108801	0.264343	0.256268	7.57224e-05	0.394965	0.382901	11.0787	-7.61156	-7.59945	11.1351	-7.2166	-7.21655	0.000179888	-1.51279	-1.45118	0.00409567
109001	0.25148	0.256294	7.43555e-05	0.375746	0.382939	10.8787	-7.59229	-7.59949	10.9342	-7.21654	-7.21655	0.00017751	-1.41409	-1.45133	0.00402365
109201	0.259776	0.25631	7.3092e-05	0.388141	0.382963	10.6938	-7.60473	-7.59951	10.7484	-7.21659	-7.21655	0.000174088	-1.48733	-1.45147	0.00396037
109401	0.24852	0.256318	7.18996e-05	0.371324	0.382976	10.5194	-7.58783	-7.59952	10.5729	-7.21651	-7.21655	0.000171356	-1.39797	-1.45163	0.00389599
109601	0.260472	0.25629	7.12331e-05	0.389182	0.382933	10.4218	-7.60572	-7.59948	10.4747	-7.21654	-7.21655	0.000168478	-1.48949	-1.45158	0.00385707
109801	0.262102	0.256299	6.99894e-05	0.391617	0.382947	10.2399	-7.60819	-7.59949	10.2917	-7.21657	-7.21655	0.000165191	-1.50066	-1.45165	0.00378779
110001	0.26951	0.256297	7.13191e-05	0.402685	0.382944	10.4344	-7.61923	-7.59949	10.4865	-7.21654	-7.21655	0.000163275	-1.53815	-1.4517	0.00386519
110201	0.245459	0.256274	7.15831e-05	0.36675	0.382909	10.4731	-7.58326	-7.59945	10.5247	-7.21651	-7.21655	0.000161326	-1.38255	-1.45145	0.00389319
110401	0.259873	0.256209	7.19299e-05	0.388287	0.382812	10.5238	-7.60483	-7.59936	10.575	-7.21655	-7.21655	0.000159198	-1.48235	-1.45088	0.00391999
110601	0.266926	0.256305	7.30069e-05	0.398825	0.382956	10.6814	-7.6154	-7.5995	10.7325	-7.21658	-7.21655	0.000157275	-1.53361	-1.4517	0.00399322
110801	0.266971	0.256254	7.27124e-05	0.398893	0.38288	10.6383	-7.61551	-7.59943	10.6888	-7.21662	-7.21655	0.000155323	-1.52472	-1.45146	0.00396071
111001	0.270102	0.256299	7.28529e-05	0.403571	0.382946	10.6588	-7.62022	-7.59949	10.7097	-7.21665	-7.21655	0.000158069	-1.55646	-1.45179	0.0039695
111201	0.250717	0.256307	7.20288e-05	0.374607	0.382959	10.5383	-7.59115	-7.59951	10.5887	-7.21654	-7.21655	0.000158305	-1.41603	-1.45188	0.00392348
111401	0.254958	0.256307	7.10055e-05	0.380943	0.382958	10.3885	-7.59753	-7.59951	10.4382	-7.21658	-7.21655	0.000156784	-1.45252	-1.45201	0.00386913
111601	0.265023	0.25632	7.09195e-05	0.395981	0.382977	10.376	-7.61263	-7.59953	10.4253	-7.21665	-7.21655	0.000157088	-1.52294	-1.45221	0.00387144
111801	0.258362	0.256365	7.03134e-05	0.386029	0.383045	10.2873	-7.60262	-7.5996	10.3369	-7.21659	-7.21655	0.000160741	-1.47466	-1.45258	0.00383534
112001	0.254445	0.256398	7.11956e-05	0.380176	0.383095	10.4164	-7.59678	-7.59965	10.4665	-7.2166	-7.21655	0.000163663	-1.43702	-1.45282	0.00387332
112201	0.261749	0.256364	7.12657e-05	0.39109	0.383043	10.4266	-7.60772	-7.5996	10.4765	-7.21663	-7.21655	0.0001637	-1.49145	-1.45243	0.00388981
112401	0.253186	0.25638	7.02102e-05	0.378296	0.383068	10.2722	-7.59485	-7.59962	10.3215	-7.21656	-7.21655	0.000163287	-1.42823	-1.45244	0.00383139
112601	0.259791	0.25636	6.94969e-05	0.388164	0.383038	10.1678	-7.60477	-7.59959	10.2167	-7.21661	-7.21655	0.000161794	-1.46891	-1.45218	0.00378752
112801	0.253974	0.256393	6.90528e-05	0.379473	0.383087	10.1029	-7.59609	-7.59964	10.1515	-7.21661	-7.21655	0.000164436	-1.41995	-1.45239	0.00376443
113001	0.267341	0.256385	6.92362e-05	0.399446	0.383076	10.1297	-7.61608	-7.59963	10.1783	-7.21663	-7.21655	0.000163314	-1.52469	-1.45216	0.00377511
113201	0.27614	0.25637	6.96279e-05	0.412592	0.383052	10.187	-7.62924	-7.59961	10.2356	-7.21665	-7.21656	0.000163693	-1.59023	-1.45186	0.00381
113401	0.239081	0.256416	7.06161e-05	0.357221	0.383121	10.3316	-7.57371	-7.59968	10.381	-7.21649	-7.21656	0.000165359	-1.31739	-1.45204	0.00385471
113601	0.251052	0.256383	7.15288e-05	0.375107	0.383072	10.4651	-7.59162	-7.59963	10.5151	-7.21651	-7.21656	0.000165061	-1.4284	-1.45172	0.00391609
113801	0.26379	0.256391	7.18238e-05	0.394139	0.383084	10.5083	-7.61082	-7.59964	10.559	-7.21668	-7.21656	0.00016678	-1.50531	-1.45186	0.00391257
114001	0.239726	0.256396	7.15832e-05	0.358185	0.383092	10.4731	-7.57469	-7.59965	10.5242	-7.21651	-7.21656	0.000170008	-1.34774	-1.45201	0.00389093
114201	0.251287	0.256434	7.22052e-05	0.375458	0.383148	10.5641	-7.59194	-7.5997	10.615	-7.21648	-7.21656	0.000169232	-1.41162	-1.45227	0.00391396
114401	0.269253	0.256431	7.44247e-05	0.402302	0.383144	10.8888	-7.61884	-7.5997	10.9406	-7.21654	-7.21656	0.000170929	-1.55422	-1.45239	0.00403537
114601	0.250807	0.256345	7.43935e-05	0.374741	0.383016	10.8842	-7.59122	-7.59957	10.9376	-7.21648	-7.21655	0.000179625	-1.41652	-1.45191	0.00401709
114801	0.254261	0.256388	7.36925e-05	0.379901	0.38308	10.7817	-7.59643	-7.59963	10.8343	-7.21653	-7.21655	0.000177966	-1.44023	-1.45232	0.00398716
115001	0.272034	0.256364	7.36502e-05	0.406458	0.383043	10.7755	-7.62313	-7.5996	10.8284	-7.21667	-7.21655	0.000178537	-1.57035	-1.45223	0.00397803
115201	0.236796	0.256394	7.43096e-05	0.353806	0.383089	10.872	-7.5703	-7.59964	10.9262	-7.21649	-7.21655	0.000181469	-1.30327	-1.45247	0.00401543
115401	0.251455	0.256431	7.58791e-05	0.375709	0.383144	11.1016	-7.59229	-7.5997	11.1567	-7.21658	-7.21655	0.000180976	-1.41086	-1.45272	0.00410409
115601	0.267282	0.25638	7.59036e-05	0.399357	0.383067	11.1052	-7.61598	-7.59962	11.16	-7.21663	-7.21655	0.000179363	-1.52298	-1.45223	0.00411042
115801	0.268785	0.256393	7.59073e-05	0.401603	0.383087	11.1057	-7.61824	-7.59964	11.1603	-7.21664	-7.21656	0.000180191	-1.52715	-1.45218	0.00410672
116001	0.261768	0.256375	7.56978e-05	0.391118	0.383061	11.0751	-7.60768	-7.59962	11.1292	-7.21656	-7.21656	0.000178855	-1.48591	-1.45195	0.00409571
116201	0.257466	0.256345	7.49694e-05	0.38469	0.383016	10.9685	-7.60126	-7.59957	11.022	-7.21657	-7.21656	0.000176997	-1.44783	-1.45163	0.00406191
116401	0.262249	0.256372	7.46939e-05	0.391837	0.383055	10.9282	-7.60845	-7.59961	10.9812	-7.21661	-7.21656	0.000175652	-1.49238	-1.45178	0.00404394
116601	0.255479	0.256377	7.40597e-05	0.381721	0.383063	10.8354	-7.59824	-7.59962	10.888	-7.21652	-7.21656	0.00017434	-1.4508	-1.45177	0.00400838
116801	0.267011	0.256361	7.36257e-05	0.398953	0.383039	10.7719	-7.61555	-7.59959	10.8243	-7.21659	-7.21656	0.000173074	-1.52793	-1.45163	0.00398639
117001	0.272932	0.25635	7.32614e-05	0.407799	0.383023	10.7186	-7.62444	-7.59958	10.7706	-7.21664	-7.21656	0.000171939	-1.57813	-1.45154	0.00396968
117201	0.260436	0.256384	7.32443e-05	0.389128	0.383073	10.7161	-7.60573	-7.59963	10.7681	-7.2166	-7.21656	0.000171477	-1.47472	-1.45173	0.00397196
117401	0.25397	0.256375	7.25887e-05	0.379467	0.38306	10.6202	-7.59601	-7.59962	10.6716	-7.21654	-7.21656	0.000169753	-1.42999	-1.45159	0.00393847
117601	0.245118	0.256358	7.21919e-05	0.36624	0.383035	10.5621	-7.58277	-7.59959	10.6131	-7.21653	-7.21656	0.000167954	-1.37575	-1.45153	0.00391354
117801	0.246089	0.256382	7.2689e-05	0.367691	0.383071	10.6348	-7.58427	-7.59963	10.686	-7.21658	-7.21656	0.00016716	-1.35318	-1.45157	0.00393225
118001	0.266413	0.256367	7.21273e-05	0.398059	0.383049	10.5527	-7.61463	-7.59961	10.6033	-7.21657	-7.21656	0.00016533	-1.5263	-1.45149	0.00390642
118201	0.261877	0.25636	7.22842e-05	0.391282	0.383038	10.5756	-7.60779	-7.59959	10.6261	-7.21651	-7.21656	0.00016513	-1.49457	-1.45148	0.00391318
118401	0.266566	0.256362	7.25626e-05	0.398287	0.383041	10.6164	-7.61489	-7.5996	10.6671	-7.21661	-7.21656	0.000165056	-1.52428	-1.45156	0.00392947
118601	0.25937	0.256341	7.22451e-05	0.387535	0.383009	10.5699	-7.60409	-7.59957	10.6204	-7.21655	-7.21656	0.000163862	-1.47783	-1.45142	0.00390981
118801	0.262389	0.256369	7.168e-05	0.392046	0.383051	10.4872	-7.6086	-7.59961	10.5373	-7.21656	-7.21656	0.000163106	-1.49582	-1.45155	0.00388048
119001	0.262186	0.256351	7.15173e-05	0.391742	0.383024	10.4634	-7.60831	-7.59958	10.5135	-7.21656	-7.21656	0.000162747	-1.49605	-1.45144	0.00387448
119201	0.249789	0.256356	7.10401e-05	0.373219	0.383032	10.3936	-7.58975	-7.59959	10.4432	-7.21653	-7.21656	0.000161128	-1.41153	-1.45145	0.00385103
119401	0.256979	0.256356	7.04467e-05	0.383962	0.383032	10.3068	-7.6005	-7.59959	10.3558	-7.21654	-7.21656	0.000159554	-1.45085	-1.4514	0.00381725
119601	0.256856	0.256362	6.98934e-05	0.383779	0.383041	10.2258	-7.60034	-7.5996	10.2744	-7.21656	-7.21656	0.000158137	-1.45099	-1.45145	0.00378726
119801	0.250355	0.256334	6.94402e-05	0.374065	0.382998	10.1595	-7.59054	-7.59955	10.2081	-7.21647	-7.21656	0.000158854	-1.41577	-1.4512	0.00376425
120001	0.256832	0.25636	6.97128e-05	0.383744	0.383038	10.1994	-7.60031	-7.59959	10.2484	-7.21657	-7.21656	0.000159028	-1.44993	-1.45144	0.00377315
120201	0.257029	0.256305	6.9962e-05	0.384037	0.382956	10.2359	-7.60059	-7.59951	10.2855	-7.21655	-7.21656	0.000160263	-1.4574	-1.45099	0.00378765
120401	0.255686	0.256333	6.96521e-05	0.382031	0.382998	10.1905	-7.59863	-7.59955	10.2398	-7.2166	-7.21656	0.000159276	-1.45531	-1.4512	0.00376922
120601	0.249776	0.256332	6.9123e-05	0.373201	0.382996	10.1131	-7.58975	-7.59955	10.162	-7.21655	-7.21656	0.000158103	-1.40536	-1.45119	0.00374195
120801	0.258086	0.256327	6.8503e-05	0.385617	0.382989	10.0224	-7.60221	-7.59955	10.0709	-7.2166	-7.21656	0.000156804	-1.4554	-1.45112	0.00370815
121001	0.256054	0.256347	6.80087e-05	0.382581	0.383018	9.95009	-7.5991	-7.59957	9.99828	-7.21652	-7.21656	0.000156043	-1.45696	-1.45119	0.00367817
121201	0.26232	0.256346	6.822e-05	0.391942	0.383017	9.98102	-7.60856	-7.59957	10.0295	-7.21662	-7.21656	0.00015589	-1.48653	-1.45116	0.00367958
121401	0.267968	0.256341	6.82005e-05	0.400382	0.383009	9.97816	-7.61698	-7.59957	10.0261	-7.21659	-7.21656	0.000155425	-1.54069	-1.45108	0.00368385
121601	0.249572	0.256341	6.77925e-05	0.372896	0.38301	9.91847	-7.58936	-7.59957	9.9663	-7.21646	-7.21656	0.000155533	-1.40048	-1.45116	0.00366133
121801	0.256381	0.256349	6.87454e-05	0.383069	0.383022	10.0579	-7.59965	-7.59958	10.1068	-7.21658	-7.21656	0.000156896	-1.44731	-1.45119	0.00371094
122001	0.260878	0.256335	6.82074e-05	0.389789	0.383001	9.97917	-7.60635	-7.59956	10.0276	-7.21656	-7.21656	0.000155575	-1.48435	-1.45106	0.00368235
122201	0.264654	0.256326	6.82159e-05	0.39543	0.382987	9.98042	-7.61202	-7.59954	10.0288	-7.21659	-7.21656	0.000154572	-1.51523	-1.45097	0.00368502
122401	0.262562	0.256327	6.77501e-05	0.392305	0.382989	9.91226	-7.60886	-7.59955	9.96021	-7.21655	-7.21656	0.000153322	-1.50609	-1.451	0.00366171
122601	0.248256	0.256323	6.73648e-05	0.37093	0.382982	9.85588	-7.58741	-7.59954	9.90365	-7.21648	-7.21656	0.000153657	-1.40829	-1.45102	0.00364041
122801	0.257188	0.256325	6.71186e-05	0.384275	0.382986	9.81987	-7.60083	-7.59954	9.86729	-7.21656	-7.21656	0.000153151	-1.45776	-1.4511	0.00363333
123001	0.265679	0.256353	6.69173e-05	0.396961	0.383027	9.79042	-7.61355	-7.59958	9.83778	-7.21658	-7.21656	0.000152539	-1.52358	-1.45134	0.00362101
123201	0.25547	0.256321	6.67191e-05	0.381708	0.38298	9.76143	-7.59823	-7.59954	9.80877	-7.21652	-7.21656	0.000152335	-1.44802	-1.4511	0.00361068
123401	0.264008	0.256302	6.66042e-05	0.394466	0.382952	9.74461	-7.61104	-7.59951	9.7919	-7.21657	-7.21656	0.000151873	-1.51437	-1.45095	0.00360888
123601	0.242047	0.256282	6.73772e-05	0.361652	0.382922	9.8577	-7.57819	-7.59948	9.90507	-7.21653	-7.21656	0.000150908	-1.33847	-1.4508	0.00365937
123801	0.24843	0.256345	6.80829e-05	0.37119	0.383015	9.96095	-7.58765	-7.59957	10.0087	-7.21646	-7.21656	0.000151046	-1.4133	-1.45132	0.00370108
124001	0.267473	0.256324	7.04905e-05	0.399643	0.382984	10.3132	-7.61623	-7.59954	10.3628	-7.21659	-7.21655	0.0001541	-1.53536	-1.45117	0.00382512
124201	0.26109	0.256296	7.01679e-05	0.390105	0.382942	10.266	-7.60668	-7.5995	10.3154	-7.21658	-7.21655	0.000153155	-1.47595	-1.45101	0.0038032
124401	0.261151	0.256309	6.98476e-05	0.390197	0.382961	10.2191	-7.60673	-7.59952	10.2682	-7.21653	-7.21655	0.000152136	-1.47627	-1.45102	0.00378304
124601	0.263273	0.256284	6.95953e-05	0.393367	0.382924	10.1822	-7.60988	-7.59948	10.2313	-7.21652	-7.21655	0.000153168	-1.50579	-1.45086	0.00376949
124801	0.258202	0.256281	6.92962e-05	0.38579	0.38292	10.1385	-7.60236	-7.59947	10.1873	-7.21657	-7.21655	0.000152846	-1.47781	-1.45085	0.00375544
125001	0.237706	0.256317	6.99211e-05	0.355167	0.382974	10.2299	-7.57165	-7.59953	10.2792	-7.21648	-7.21655	0.000153061	-1.31498	-1.45109	0.00378616
125201	0.257411	0.256265	7.08784e-05	0.384608	0.382896	10.37	-7.60111	-7.59945	10.4199	-7.2165	-7.21655	0.000154954	-1.44797	-1.45073	0.00384473
125401	0.262236	0.256258	7.12949e-05	0.391818	0.382886	10.4309	-7.60837	-7.59944	10.4807	-7.21655	-7.21655	0.000155036	-1.50438	-1.45071	0.00385929
125601	0.250214	0.256299	7.2009e-05	0.373855	0.382947	10.5354	-7.59035	-7.5995	10.5857	-7.2165	-7.21655	0.000155116	-1.41296	-1.45102	0.00389588
125801	0.237056	0.256281	7.22932e-05	0.354195	0.38292	10.577	-7.57061	-7.59947	10.6277	-7.21641	-7.21655	0.000157257	-1.30365	-1.45086	0.00391518
126001	0.252625	0.25628	7.30945e-05	0.377457	0.382918	10.6942	-7.59394	-7.59947	10.745	-7.21649	-7.21655	0.000160058	-1.41879	-1.45088	0.0039661
126201	0.251543	0.256273	7.27337e-05	0.375841	0.382909	10.6414	-7.59232	-7.59946	10.692	-7.21647	-7.21655	0.000161223	-1.40787	-1.45082	0.00395232
126401	0.264828	0.256298	7.247e-05	0.39569	0.382945	10.6028	-7.61227	-7.5995	10.6532	-7.21658	-7.21655	0.000160402	-1.50412	-1.45094	0.003935
126601	0.242368	0.256279	7.24667e-05	0.362132	0.382917	10.6023	-7.57865	-7.59947	10.6525	-7.21652	-7.21655	0.000159489	-1.33268	-1.45073	0.00394108
126801	0.260752	0.256284	7.31079e-05	0.3896	0.382925	10.6961	-7.60616	-7.59948	10.7463	-7.21656	-7.21655	0.000158491	-1.47708	-1.45065	0.00397816
127001	0.26266	0.2563	7.28113e-05	0.39245	0.382948	10.6527	-7.60901	-7.5995	10.7026	-7.21656	-7.21655	0.000157553	-1.49552	-1.45077	0.00396131
127201	0.255886	0.256291	7.27027e-05	0.38233	0.382935	10.6369	-7.59888	-7.59949	10.6866	-7.21655	-7.21655	0.000156705	-1.43424	-1.45076	0.00395043
127401	0.263132	0.25631	7.26613e-05	0.393156	0.382964	10.6308	-7.60976	-7.59952	10.6804	-7.21661	-7.21655	0.000156325	-1.49239	-1.45084	0.00394237
127601	0.262333	0.256321	7.22638e-05	0.391963	0.38298	10.5726	-7.60853	-7.59953	10.622	-7.21657	-7.21655	0.00015555	-1.50235	-1.45087	0.0039224
127801	0.263783	0.256292	7.22271e-05	0.394129	0.382937	10.5673	-7.61067	-7.59949	10.6169	-7.21654	-7.21655	0.000156517	-1.49584	-1.4507	0.00391478
128001	0.242566	0.256278	7.21999e-05	0.362428	0.382915	10.5633	-7.57896	-7.59947	10.6127	-7.21653	-7.21655	0.000155525	-1.34215	-1.45054	0.00391472
128201	0.249507	0.256316	7.33234e-05	0.372799	0.382972	10.7277	-7.58927	-7.59952	10.7778	-7.21647	-7.21655	0.000155721	-1.39646	-1.45077	0.00397332
128401	0.25016	0.256289	7.29803e-05	0.373774	0.382931	10.6775	-7.59027	-7.59948	10.7276	-7.2165	-7.21655	0.000157228	-1.39904	-1.45059	0.00395475
128601	0.264925	0.256304	7.26009e-05	0.395835	0.382954	10.622	-7.61246	-7.59951	10.6719	-7.21662	-7.21655	0.000157036	-1.52404	-1.45071	0.00393493
128801	0.258736	0.256308	7.26433e-05	0.386588	0.38296	10.6282	-7.60315	-7.59951	10.6781	-7.21656	-7.21655	0.000156876	-1.47606	-1.45072	0.00394374
129001	0.258831	0.256286	7.28946e-05	0.386731	0.382928	10.6649	-7.60326	-7.59948	10.715	-7.21653	-7.21655	0.000157017	-1.47029	-1.45059	0.00396652
129201	0.260617	0.256322	7.28659e-05	0.389399	0.382981	10.6607	-7.60601	-7.59953	10.7108	-7.21661	-7.21655	0.000157184	-1.46858	-1.45084	0.00396345
129401	0.250176	0.2563	7.26641e-05	0.373798	0.382949	10.6312	-7.59036	-7.5995	10.6809	-7.21656	-7.21655	0.000156591	-1.40879	-1.45064	0.003954
129601	0.26896	0.256325	7.28609e-05	0.401865	0.382986	10.66	-7.61851	-7.59954	10.7099	-7.21664	-7.21655	0.000157472	-1.54647	-1.45084	0.0039677
129801	0.249011	0.256319	7.2643e-05	0.372058	0.382976	10.6281	-7.58861	-7.59953	10.6777	-7.21656	-7.21655	0.000157145	-1.39529	-1.45081	0.00396118
130001	0.262095	0.256327	7.24354e-05	0.391607	0.382989	10.5978	-7.60816	-7.59954	10.6472	-7.21655	-7.21655	0.000156582	-1.47955	-1.45087	0.00395218
130201	0.270948	0.256303	7.29839e-05	0.404834	0.382953	10.678	-7.62141	-7.59951	10.7278	-7.21657	-7.21655	0.00015683	-1.56001	-1.45072	0.00397523
130401	0.252196	0.256328	7.28469e-05	0.376816	0.382991	10.658	-7.59335	-7.59954	10.7075	-7.21653	-7.21655	0.000155868	-1.42157	-1.45095	0.00396982
130601	0.253649	0.256302	7.30683e-05	0.378987	0.382951	10.6904	-7.59549	-7.5995	10.7399	-7.21651	-7.21655	0.00015554	-1.43707	-1.45078	0.00398125
130801	0.264211	0.256305	7.26426e-05	0.394768	0.382955	10.6281	-7.61131	-7.59951	10.6773	-7.21654	-7.21655	0.000154684	-1.50653	-1.45083	0.0039588
131001	0.26723	0.256281	7.26904e-05	0.399279	0.38292	10.6351	-7.61584	-7.59947	10.6844	-7.21656	-7.21655	0.00015477	-1.5233	-1.45071	0.00395214
131201	0.253426	0.25627	7.39482e-05	0.378655	0.382904	10.8191	-7.59511	-7.59946	10.8695	-7.21646	-7.21655	0.000156808	-1.44625	-1.45067	0.00401607
131401	0.257706	0.256307	7.37743e-05	0.385049	0.382959	10.7936	-7.60157	-7.59951	10.8437	-7.21652	-7.21655	0.000156228	-1.46827	-1.45101	0.00401318
131601	0.2465	0.256285	7.36721e-05	0.368305	0.382925	10.7787	-7.58481	-7.59948	10.8287	-7.21651	-7.21655	0.000156824	-1.39073	-1.4509	0.00400537
131801	0.270556	0.256302	7.34585e-05	0.404249	0.382952	10.7474	-7.62082	-7.5995	10.7973	-7.21657	-7.21655	0.000155916	-1.56498	-1.45106	0.00399489
132001	0.266269	0.256281	7.34659e-05	0.397844	0.382919	10.7485	-7.6144	-7.59947	10.7986	-7.21655	-7.21655	0.000156661	-1.53564	-1.45098	0.00399219
132201	0.248006	0.256287	7.3303e-05	0.370557	0.382928	10.7247	-7.58712	-7.59948	10.7745	-7.21656	-7.21655	0.000155786	-1.38673	-1.45106	0.00398607
132401	0.261112	0.256285	7.35112e-05	0.390138	0.382925	10.7552	-7.6067	-7.59948	10.8049	-7.21657	-7.21655	0.000155486	-1.50015	-1.45104	0.00399388
132601	0.262933	0.256298	7.33015e-05	0.392859	0.382945	10.7245	-7.60942	-7.5995	10.774	-7.21656	-7.21655	0.000154603	-1.49866	-1.45115	0.00398552
132801	0.265604	0.256294	7.31174e-05	0.39685	0.382939	10.6975	-7.61344	-7.59949	10.7469	-7.21659	-7.21655	0.000153825	-1.52334	-1.45109	0.0039784
133001	0.268287	0.256277	7.33179e-05	0.400859	0.382914	10.7269	-7.61743	-7.59946	10.7762	-7.21657	-7.21655	0.000153257	-1.5417	-1.45099	0.00398802
133201	0.274568	0.256286	7.38024e-05	0.410244	0.382927	10.7978	-7.62685	-7.59948	10.8471	-7.2166	-7.21655	0.000152693	-1.58649	-1.45104	0.00401704
133401	0.254501	0.256283	7.44315e-05	0.38026	0.382923	10.8898	-7.5968	-7.59947	10.9392	-7.21654	-7.21655	0.000152159	-1.44083	-1.45106	0.00404458
133601	0.265523	0.256283	7.416e-05	0.396728	0.382922	10.8501	-7.6133	-7.59947	10.8993	-7.21657	-7.21655	0.00015131	-1.51349	-1.45106	0.00403013
133801	0.258738	0.256283	7.39965e-05	0.386591	0.382923	10.8262	-7.60313	-7.59947	10.8751	-7.21654	-7.21655	0.000150504	-1.47722	-1.4511	0.00401916
134001	0.260469	0.256278	7.35928e-05	0.389178	0.382916	10.7671	-7.60578	-7.59947	10.8158	-7.2166	-7.21655	0.000149872	-1.47577	-1.45107	0.00399689
134201	0.250345	0.256308	7.34153e-05	0.37405	0.382961	10.7411	-7.59052	-7.59951	10.7898	-7.21647	-7.21655	0.000149605	-1.41436	-1.4513	0.00398685
134401	0.264175	0.256291	7.37898e-05	0.394715	0.382935	10.7959	-7.61129	-7.59949	10.8452	-7.21657	-7.21655	0.000151092	-1.51154	-1.45119	0.00400468
134601	0.244021	0.256288	7.36193e-05	0.364602	0.382931	10.771	-7.58106	-7.59948	10.8201	-7.21646	-7.21655	0.000150942	-1.36538	-1.45116	0.00399424
134801	0.256025	0.256284	7.32897e-05	0.382537	0.382925	10.7227	-7.59905	-7.59948	10.7717	-7.21652	-7.21655	0.000151211	-1.44973	-1.45111	0.00397545
135001	0.262682	0.256285	7.28935e-05	0.392484	0.382926	10.6648	-7.609	-7.59948	10.7135	-7.21652	-7.21655	0.000150753	-1.50345	-1.45112	0.00395426
135201	0.245798	0.256265	7.27255e-05	0.367256	0.382897	10.6402	-7.58374	-7.59945	10.689	-7.21649	-7.21655	0.00015148	-1.36853	-1.45102	0.00394339
135401	0.250267	0.256303	7.30993e-05	0.373935	0.382952	10.6949	-7.59051	-7.5995	10.7443	-7.21657	-7.21655	0.000152743	-1.4097	-1.45129	0.00396555
135601	0.2439	0.256272	7.33511e-05	0.364421	0.382906	10.7317	-7.58092	-7.59946	10.7812	-7.2165	-7.21655	0.000152725	-1.35497	-1.45108	0.00397913
135801	0.23631	0.256296	7.3402e-05	0.35308	0.382942	10.7392	-7.56958	-7.59949	10.7885	-7.2165	-7.21655	0.000152042	-1.31598	-1.45123	0.00397895
136001	0.255364	0.256304	7.40392e-05	0.38155	0.382954	10.8324	-7.59811	-7.5995	10.882	-7.21656	-7.21655	0.000151888	-1.43867	-1.45128	0.00400526
136201	0.24515	0.256294	7.44866e-05	0.366288	0.382939	10.8979	-7.58281	-7.59949	10.9474	-7.21652	-7.21655	0.000151155	-1.35952	-1.45116	0.00402905
136401	0.263034	0.256309	7.48114e-05	0.39301	0.382962	10.9454	-7.60959	-7.59951	10.9952	-7.21658	-7.21655	0.000151473	-1.49838	-1.45126	0.00404693
136601	0.262685	0.256284	7.49821e-05	0.392489	0.382925	10.9703	-7.60912	-7.59948	11.0203	-7.21663	-7.21655	0.000151191	-1.4883	-1.45106	0.00405684
136801	0.246591	0.256311	7.49734e-05	0.368441	0.382965	10.9691	-7.58493	-7.59952	11.0193	-7.21649	-7.21655	0.000152715	-1.37809	-1.45117	0.00404866
137001	0.254858	0.256288	7.53958e-05	0.380794	0.38293	11.0309	-7.59735	-7.59948	11.0816	-7.21656	-7.21655	0.000153263	-1.44074	-1.45095	0.00407359
137201	0.261883	0.256281	7.50348e-05	0.39129	0.382921	10.9781	-7.60789	-7.59947	11.0285	-7.2166	-7.21655	0.000152603	-1.4779	-1.45088	0.00405433
137401	0.259236	0.256293	7.47707e-05	0.387335	0.382937	10.9394	-7.60385	-7.59949	10.9897	-7.21652	-7.21655	0.000152112	-1.45188	-1.45093	0.00403859
137601	0.247217	0.256269	7.45907e-05	0.369377	0.382901	10.9131	-7.58587	-7.59945	10.9634	-7.21649	-7.21655	0.000152542	-1.38304	-1.45071	0.0040301
137801	0.241047	0.256278	7.46186e-05	0.360158	0.382915	10.9172	-7.57669	-7.59947	10.9675	-7.21653	-7.21655	0.000152127	-1.32399	-1.45074	0.00403073
138001	0.273571	0.256287	7.49823e-05	0.408754	0.382929	10.9704	-7.62539	-7.59948	11.021	-7.21664	-7.21655	0.00015313	-1.56468	-1.45076	0.00404803
138201	0.258349	0.25627	7.55696e-05	0.38601	0.382904	11.0563	-7.60259	-7.59945	11.1072	-7.21658	-7.21655	0.000152884	-1.46315	-1.45059	0.00408693
138401	0.244115	0.256265	7.54893e-05	0.364742	0.382896	11.0446	-7.58136	-7.59945	11.0952	-7.21662	-7.21655	0.000153527	-1.33992	-1.45049	0.00408799
138601	0.253934	0.256275	7.6684e-05	0.379414	0.382911	11.2193	-7.59589	-7.59946	11.2709	-7.21648	-7.21655	0.000155088	-1.43514	-1.45052	0.0041505
138801	0.246173	0.256285	7.64994e-05	0.367817	0.382925	11.1923	-7.58439	-7.59948	11.2438	-7.21658	-7.21655	0.000154749	-1.3719	-1.45058	0.00414084
139001	0.256466	0.256298	7.63851e-05	0.383196	0.382946	11.1756	-7.59977	-7.5995	11.227	-7.21657	-7.21655	0.000155084	-1.44855	-1.45065	0.00413315
139201	0.256326	0.256289	7.60255e-05	0.382987	0.382932	11.123	-7.59951	-7.59948	11.1742	-7.21652	-7.21655	0.000154731	-1.45561	-1.45061	0.00411291
139401	0.265065	0.256304	7.63296e-05	0.396044	0.382954	11.1675	-7.61263	-7.59951	11.2189	-7.21658	-7.21655	0.000154492	-1.52765	-1.45073	0.00413387
139601	0.260593	0.256302	7.63464e-05	0.389363	0.382951	11.17	-7.60587	-7.5995	11.2211	-7.21651	-7.21655	0.000153796	-1.4731	-1.45072	0.00413119
139801	0.245943	0.25628	7.61402e-05	0.367473	0.382919	11.1398	-7.58388	-7.59947	11.1912	-7.2164	-7.21655	0.000156715	-1.39268	-1.45059	0.00411665
140001	0.266846	0.256295	7.65239e-05	0.398706	0.38294	11.1959	-7.61525	-7.59949	11.2475	-7.21654	-7.21655	0.000158134	-1.53459	-1.45074	0.00413853
140201	0.266698	0.256273	7.65912e-05	0.398484	0.382908	11.2058	-7.6151	-7.59946	11.2575	-7.21662	-7.21655	0.000158129	-1.52646	-1.45062	0.00414048
140401	0.23607	0.256283	7.7054e-05	0.352722	0.382923	11.2735	-7.56917	-7.59947	11.3258	-7.21645	-7.21655	0.000159011	-1.29751	-1.45071	0.00417037
140601	0.244764	0.25629	7.74215e-05	0.365712	0.382933	11.3272	-7.58226	-7.59948	11.3799	-7.21655	-7.21655	0.000159027	-1.34952	-1.45072	0.00418901
140801	0.253137	0.256291	7.74434e-05	0.378223	0.382935	11.3305	-7.59474	-7.59949	11.3831	-7.21652	-7.21655	0.000158671	-1.42172	-1.45071	0.00419294
141001	0.264995	0.256288	7.74278e-05	0.39594	0.38293	11.3282	-7.61253	-7.59948	11.3808	-7.21659	-7.21655	0.000158257	-1.50636	-1.45066	0.00419232
141201	0.265455	0.256288	7.71451e-05	0.396627	0.38293	11.2868	-7.61324	-7.59948	11.3392	-7.21661	-7.21655	0.0001579	-1.51607	-1.45065	0.00417801
141401	0.260113	0.256278	7.76138e-05	0.388645	0.382916	11.3554	-7.60517	-7.59947	11.4081	-7.21652	-7.21655	0.000157985	-1.46729	-1.45053	0.00421185
141601	0.248418	0.256277	7.73646e-05	0.371172	0.382914	11.3189	-7.58773	-7.59946	11.3714	-7.21656	-7.21655	0.000157248	-1.37814	-1.45052	0.00419972
141801	0.242496	0.256278	7.84644e-05	0.362323	0.382916	11.4798	-7.57881	-7.59947	11.5329	-7.21649	-7.21655	0.000157549	-1.35276	-1.45052	0.00426434
142001	0.258243	0.25629	7.83851e-05	0.385852	0.382934	11.4682	-7.60243	-7.59948	11.5212	-7.21658	-7.21655	0.000157092	-1.46429	-1.45061	0.00426023
142201	0.262323	0.256289	7.80787e-05	0.391947	0.382932	11.4234	-7.60852	-7.59948	11.4761	-7.21657	-7.21655	0.000156542	-1.47473	-1.45056	0.00424354
142401	0.269031	0.256267	7.82591e-05	0.40197	0.382899	11.4498	-7.6185	-7.59945	11.5027	-7.21653	-7.21655	0.000156754	-1.5367	-1.45036	0.0042563
142601	0.247547	0.256285	7.83747e-05	0.36987	0.382926	11.4667	-7.5864	-7.59948	11.5194	-7.21653	-7.21655	0.000156046	-1.3904	-1.45046	0.00426077
142801	0.257902	0.256287	7.81143e-05	0.385342	0.382929	11.4286	-7.60194	-7.59948	11.4811	-7.2166	-7.21655	0.000155583	-1.45645	-1.45048	0.00424591
143001	0.243406	0.256296	7.81554e-05	0.363682	0.382942	11.4346	-7.58016	-7.59949	11.4873	-7.21647	-7.21655	0.000155831	-1.34474	-1.45051	0.00425007
143201	0.271242	0.256286	7.82342e-05	0.405273	0.382927	11.4462	-7.62182	-7.59948	11.4988	-7.21655	-7.21655	0.00015592	-1.56695	-1.4504	0.00425901
143401	0.252855	0.256288	7.80566e-05	0.377801	0.38293	11.4202	-7.59431	-7.59948	11.4726	-7.21651	-7.21655	0.000155429	-1.41773	-1.45043	0.00424974
143601	0.256896	0.256267	7.79909e-05	0.383839	0.382899	11.4106	-7.60036	-7.59945	11.463	-7.21652	-7.21655	0.000155968	-1.4439	-1.45025	0.00424841
143801	0.260093	0.256281	7.7939e-05	0.388616	0.38292	11.403	-7.60514	-7.59947	11.4552	-7.21652	-7.21655	0.000155565	-1.47748	-1.45037	0.00424361
144001	0.254312	0.256282	7.75948e-05	0.379979	0.382921	11.3526	-7.59649	-7.59947	11.4046	-7.21651	-7.21655	0.000155122	-1.4376	-1.45037	0.00422472
144201	0.267808	0.256279	7.77779e-05	0.400143	0.382916	11.3794	-7.61672	-7.59947	11.4314	-7.21657	-7.21655	0.000154753	-1.53724	-1.45032	0.0042373
144401	0.247537	0.256283	7.75537e-05	0.369856	0.382922	11.3466	-7.58635	-7.59947	11.3984	-7.21649	-7.21655	0.000154189	-1.36516	-1.45036	0.00422851
144601	0.252078	0.256265	7.73773e-05	0.376639	0.382896	11.3208	-7.59314	-7.59945	11.3727	-7.2165	-7.21655	0.000155425	-1.42414	-1.45022	0.00422096
144801	0.252972	0.256275	7.71642e-05	0.377976	0.382911	11.2896	-7.59454	-7.59946	11.3413	-7.21656	-7.21655	0.000154876	-1.41423	-1.45028	0.00420876
145001	0.247772	0.25627	7.68789e-05	0.370206	0.382904	11.2479	-7.58674	-7.59945	11.2993	-7.21654	-7.21655	0.000154216	-1.39379	-1.45022	0.00419306
145201	0.255145	0.256275	7.69702e-05	0.381223	0.382911	11.2612	-7.59778	-7.59946	11.3127	-7.21656	-7.21655	0.000153781	-1.44169	-1.45026	0.00420049
145401	0.247664	0.256275	7.68075e-05	0.370045	0.382911	11.2374	-7.58655	-7.59946	11.2888	-7.21651	-7.21655	0.000153465	-1.37125	-1.45024	0.00419183
145601	0.23626	0.256263	7.67098e-05	0.353006	0.382893	11.2231	-7.56948	-7.59944	11.2744	-7.21647	-7.21655	0.000154101	-1.28949	-1.45012	0.0041905
145801	0.268814	0.256268	7.69484e-05	0.401647	0.382901	11.258	-7.61827	-7.59945	11.3096	-7.21663	-7.21655	0.000154327	-1.54184	-1.45011	0.00420474
146001	0.255907	0.256266	7.67813e-05	0.382361	0.382898	11.2336	-7.59887	-7.59945	11.285	-7.21651	-7.21655	0.000154027	-1.43444	-1.45005	0.00419774
146201	0.253884	0.256254	7.6511e-05	0.379338	0.382879	11.194	-7.59587	-7.59943	11.2453	-7.21653	-7.21655	0.000153715	-1.41504	-1.44992	0.00418411
146401	0.26585	0.256239	7.67914e-05	0.397218	0.382857	11.2351	-7.6138	-7.59941	11.2863	-7.21658	-7.21655	0.000153308	-1.50576	-1.44978	0.00420469
146601	0.240975	0.256265	7.68188e-05	0.360051	0.382895	11.2391	-7.5766	-7.59944	11.2905	-7.21655	-7.21655	0.000154261	-1.33791	-1.44994	0.00420305
146801	0.268504	0.256254	7.67084e-05	0.401182	0.38288	11.2229	-7.61786	-7.59943	11.2742	-7.21667	-7.21655	0.000154558	-1.53495	-1.44981	0.00419882
147001	0.267369	0.256251	7.73406e-05	0.399487	0.382874	11.3154	-7.61609	-7.59942	11.3671	-7.21661	-7.21655	0.000155464	-1.53461	-1.44974	0.0042409
147201	0.241638	0.256261	7.7402e-05	0.36104	0.38289	11.3244	-7.57758	-7.59944	11.3761	-7.21654	-7.21655	0.000155506	-1.32748	-1.44977	0.00424683
147401	0.265477	0.256246	7.73246e-05	0.39666	0.382867	11.3131	-7.61333	-7.59942	11.3646	-7.21667	-7.21655	0.000155571	-1.51863	-1.44964	0.00424527
147601	0.265435	0.256258	7.81669e-05	0.396597	0.382885	11.4363	-7.61323	-7.59944	11.4885	-7.21663	-7.21655	0.000157883	-1.52073	-1.44972	0.00429138
147801	0.263173	0.256268	7.81944e-05	0.393218	0.3829	11.4403	-7.60978	-7.59945	11.4926	-7.21656	-7.21655	0.000158465	-1.49975	-1.44977	0.00429337
148001	0.245699	0.256256	7.80715e-05	0.367108	0.382882	11.4223	-7.58367	-7.59943	11.4745	-7.21656	-7.21655	0.000158099	-1.37877	-1.4497	0.00428541
148201	0.249435	0.256257	7.80339e-05	0.372691	0.382883	11.4169	-7.58926	-7.59943	11.4689	-7.21657	-7.21655	0.000158227	-1.39359	-1.44968	0.0042827
148401	0.261576	0.256287	7.81729e-05	0.390831	0.382929	11.4372	-7.60743	-7.59948	11.4896	-7.2166	-7.21655	0.000159281	-1.48752	-1.44991	0.00429028
148601	0.25834	0.256254	7.82177e-05	0.385996	0.382879	11.4437	-7.60253	-7.59943	11.4963	-7.21653	-7.21655	0.00015947	-1.45498	-1.44965	0.0042935
148801	0.259664	0.256274	7.81399e-05	0.387975	0.382909	11.4324	-7.60451	-7.59946	11.4849	-7.21654	-7.21655	0.00015901	-1.47346	-1.44981	0.00429086
149001	0.245217	0.256255	7.80357e-05	0.366389	0.382881	11.4171	-7.58288	-7.59943	11.4697	-7.2165	-7.21655	0.000159118	-1.36174	-1.44968	0.00428569
149201	0.260318	0.256253	7.82715e-05	0.388952	0.382878	11.4516	-7.60554	-7.59943	11.5042	-7.21659	-7.21655	0.000158636	-1.46644	-1.44964	0.004295
149401	0.245134	0.256274	7.86439e-05	0.366264	0.38291	11.5061	-7.58276	-7.59946	11.5593	-7.2165	-7.21655	0.000159908	-1.37378	-1.4498	0.00431305
149601	0.261655	0.256257	7.84513e-05	0.390949	0.382884	11.4779	-7.60752	-7.59943	11.531	-7.21657	-7.21655	0.000160153	-1.49055	-1.44969	0.00430175
149801	0.256061	0.256275	7.83549e-05	0.382591	0.38291	11.4638	-7.59917	-7.59946	11.5169	-7.21658	-7.21655	0.000159924	-1.46252	-1.44985	0.00429822
150001	0.238728	0.25628	7.85184e-05	0.356693	0.382919	11.4877	-7.57314	-7.59947	11.5409	-7.21645	-7.21655	0.000159848	-1.32507	-1.44991	0.0043062
150201	0.263963	0.256263	7.8411e-05	0.394398	0.382893	11.472	-7.61094	-7.59944	11.5253	-7.21654	-7.21655	0.000160491	-1.51727	-1.44982	0.00429862
150401	0.27751	0.256273	7.87373e-05	0.414638	0.382908	11.5198	-7.63127	-7.59946	11.5731	-7.21663	-7.21655	0.000160272	-1.60804	-1.4499	0.00431853
150601	0.244225	0.256279	7.87552e-05	0.364906	0.382916	11.5224	-7.58134	-7.59947	11.5757	-7.21644	-7.21655	0.000160408	-1.38084	-1.44995	0.00431962
150801	0.261688	0.256266	7.85964e-05	0.390998	0.382897	11.4991	-7.60751	-7.59945	11.5526	-7.21651	-7.21655	0.000162237	-1.50152	-1.44988	0.00430924
151001	0.241575	0.256263	7.84822e-05	0.360948	0.382893	11.4824	-7.5774	-7.59944	11.5358	-7.21645	-7.21655	0.000162549	-1.35893	-1.44988	0.00430191
151201	0.259121	0.256275	7.83878e-05	0.387164	0.382911	11.4686	-7.60364	-7.59946	11.5218	-7.21648	-7.21655	0.000162727	-1.46743	-1.44999	0.00429521
151401	0.265046	0.256274	7.95732e-05	0.396016	0.382909	11.6421	-7.6126	-7.59946	11.6961	-7.21659	-7.21655	0.000163547	-1.52676	-1.45	0.00436359
151601	0.270758	0.256259	7.95362e-05	0.404551	0.382887	11.6366	-7.6211	-7.59944	11.6906	-7.21655	-7.21655	0.000163163	-1.5471	-1.4499	0.00435923
151801	0.241322	0.256251	7.95671e-05	0.360569	0.382876	11.6412	-7.57705	-7.59942	11.6951	-7.21648	-7.21655	0.000163147	-1.34094	-1.44985	0.00435818
152001	0.252888	0.256267	7.97498e-05	0.37785	0.382898	11.6679	-7.59438	-7.59945	11.7219	-7.21653	-7.21655	0.000162827	-1.43002	-1.44996	0.00436682
152201	0.257487	0.256269	7.96226e-05	0.384722	0.382901	11.6493	-7.60129	-7.59945	11.7032	-7.21657	-7.21655	0.000162334	-1.45556	-1.44999	0.00435973
152401	0.241178	0.25626	7.96402e-05	0.360354	0.382889	11.6519	-7.57683	-7.59944	11.7057	-7.21648	-7.21655	0.000161989	-1.34574	-1.4499	0.00436153
152601	0.26755	0.256266	7.95105e-05	0.399758	0.382898	11.6329	-7.61636	-7.59945	11.6867	-7.2166	-7.21655	0.000161774	-1.52379	-1.44996	0.00435262
152801	0.254483	0.256248	7.94858e-05	0.380234	0.38287	11.6293	-7.59672	-7.59942	11.6834	-7.21648	-7.21655	0.00016278	-1.44593	-1.44986	0.00434689
153001	0.258716	0.256266	7.92976e-05	0.386558	0.382898	11.6017	-7.60306	-7.59945	11.6556	-7.2165	-7.21655	0.000162321	-1.47124	-1.44997	0.00433586
153201	0.261013	0.256252	7.93952e-05	0.389991	0.382876	11.616	-7.60648	-7.59942	11.67	-7.21649	-7.21655	0.000163275	-1.47866	-1.44987	0.00433726
153401	0.259822	0.256245	7.9148e-05	0.388211	0.382866	11.5798	-7.6047	-7.59941	11.6338	-7.21648	-7.21655	0.000164571	-1.45966	-1.44982	0.00432264
153601	0.264679	0.256248	7.89767e-05	0.395467	0.382871	11.5548	-7.61203	-7.59942	11.6086	-7.21656	-7.21655	0.000164199	-1.5088	-1.44983	0.00431243
153801	0.273773	0.256249	7.91033e-05	0.409056	0.382872	11.5733	-7.6256	-7.59942	11.6271	-7.21655	-7.21655	0.000163876	-1.56648	-1.44983	0.00431899
154001	0.251516	0.256229	7.91717e-05	0.3758	0.382843	11.5833	-7.59234	-7.59939	11.6372	-7.21654	-7.21655	0.000163934	-1.41121	-1.44966	0.00432286
154201	0.259639	0.25626	7.92651e-05	0.387938	0.382889	11.597	-7.60448	-7.59944	11.6511	-7.21654	-7.21655	0.000164279	-1.48408	-1.44985	0.00432268
154401	0.25609	0.256243	7.92579e-05	0.382634	0.382863	11.5959	-7.59912	-7.59941	11.6501	-7.21649	-7.21655	0.000164732	-1.43371	-1.44972	0.00432365
154601	0.263293	0.256252	7.96295e-05	0.393397	0.382876	11.6503	-7.61	-7.59942	11.7045	-7.2166	-7.21655	0.000164473	-1.4913	-1.44977	0.004341
154801	0.280019	0.256266	7.95669e-05	0.418388	0.382898	11.6411	-7.63499	-7.59945	11.6953	-7.2166	-7.21655	0.000164486	-1.62384	-1.44988	0.00433778
155001	0.252432	0.256234	8.07138e-05	0.377169	0.38285	11.8089	-7.59358	-7.5994	11.8646	-7.21641	-7.21655	0.000168241	-1.42442	-1.44963	0.00439983
155201	0.247655	0.256262	8.07847e-05	0.370032	0.382892	11.8193	-7.58659	-7.59944	11.8749	-7.21656	-7.21655	0.000168361	-1.37829	-1.44982	0.00440163
155401	0.247435	0.256253	8.09334e-05	0.369703	0.382879	11.8411	-7.58619	-7.59943	11.8968	-7.21649	-7.21655	0.000168267	-1.37913	-1.44972	0.00441323
155601	0.259696	0.256268	8.08047e-05	0.388022	0.3829	11.8222	-7.60454	-7.59945	11.8777	-7.21651	-7.21655	0.000167822	-1.47111	-1.44984	0.00440712
155801	0.261294	0.256252	8.08401e-05	0.39041	0.382877	11.8274	-7.60703	-7.59942	11.883	-7.21662	-7.21655	0.000167882	-1.46253	-1.4497	0.00440878
156001	0.246019	0.256265	8.09171e-05	0.367586	0.382896	11.8387	-7.58409	-7.59944	11.8944	-7.2165	-7.21655	0.000168384	-1.37417	-1.44977	0.00441327
156201	0.242083	0.25624	8.11792e-05	0.361706	0.382858	11.877	-7.57819	-7.59941	11.9331	-7.21648	-7.21655	0.000169382	-1.33815	-1.44957	0.00442927
156401	0.257408	0.256261	8.13295e-05	0.384604	0.38289	11.899	-7.60122	-7.59944	11.9553	-7.21662	-7.21655	0.000169793	-1.44621	-1.44973	0.00444078
156601	0.253306	0.256273	8.11166e-05	0.378475	0.382908	11.8679	-7.595	-7.59946	11.9241	-7.21653	-7.21655	0.000169958	-1.41705	-1.44978	0.00442763
156801	0.260667	0.256262	8.13316e-05	0.389473	0.382892	11.8993	-7.60604	-7.59944	11.9557	-7.21657	-7.21655	0.000169995	-1.48854	-1.44971	0.00444174
157001	0.254771	0.256259	8.12917e-05	0.380663	0.382887	11.8935	-7.59719	-7.59943	11.9498	-7.21653	-7.21655	0.000169552	-1.43827	-1.44967	0.00443885
157201	0.257804	0.256268	8.10717e-05	0.385195	0.3829	11.8613	-7.60177	-7.59945	11.9174	-7.21658	-7.21655	0.000169032	-1.45818	-1.44973	0.00442722
157401	0.253307	0.256263	8.08863e-05	0.378476	0.382893	11.8342	-7.59503	-7.59944	11.8901	-7.21655	-7.21655	0.00016881	-1.42631	-1.4497	0.00441758
157601	0.259262	0.256275	8.06781e-05	0.387374	0.38291	11.8037	-7.60397	-7.59946	11.8596	-7.2166	-7.21655	0.000168868	-1.47678	-1.44978	0.00440568
157801	0.257106	0.256271	8.04542e-05	0.384152	0.382905	11.771	-7.60069	-7.59945	11.8267	-7.21654	-7.21655	0.000168717	-1.44782	-1.44971	0.0043957
158001	0.258885	0.256261	8.03936e-05	0.38681	0.382891	11.7621	-7.60336	-7.59944	11.8178	-7.21654	-7.21655	0.00016849	-1.46518	-1.44962	0.00439299
158201	0.253429	0.256259	8.03866e-05	0.378658	0.382887	11.7611	-7.59519	-7.59944	11.8167	-7.21653	-7.21655	0.000168018	-1.41978	-1.44959	0.00439074
158401	0.247731	0.256257	8.056e-05	0.370145	0.382885	11.7864	-7.58664	-7.59943	11.8421	-7.2165	-7.21655	0.000167787	-1.38474	-1.44957	0.00439963
158601	0.244676	0.256257	8.04726e-05	0.365581	0.382884	11.7737	-7.58212	-7.59943	11.8292	-7.21653	-7.21655	0.000167297	-1.36945	-1.44955	0.00439258
158801	0.252517	0.256264	8.03561e-05	0.377296	0.382895	11.7566	-7.59389	-7.59944	11.8121	-7.21659	-7.21655	0.00016694	-1.40397	-1.44959	0.00438723
159001	0.265099	0.256264	8.01422e-05	0.396096	0.382895	11.7253	-7.61269	-7.59944	11.7806	-7.2166	-7.21655	0.000166589	-1.49738	-1.44957	0.00437572
159201	0.263203	0.25627	7.99657e-05	0.393263	0.382903	11.6995	-7.60982	-7.59945	11.7546	-7.21656	-7.21655	0.000166165	-1.48592	-1.44959	0.00436632
159401	0.250321	0.256267	8.0316e-05	0.374015	0.382898	11.7507	-7.59057	-7.59945	11.8059	-7.21655	-7.21655	0.00016575	-1.41547	-1.44956	0.00438815
159601	0.245361	0.25627	8.05225e-05	0.366604	0.382903	11.7809	-7.58323	-7.59945	11.8362	-7.21663	-7.21655	0.000166288	-1.37589	-1.44959	0.00439776
159801	0.243373	0.256265	8.11328e-05	0.363633	0.382895	11.8702	-7.58015	-7.59944	11.9258	-7.21651	-7.21655	0.000166713	-1.35523	-1.44956	0.00443222
160001	0.253925	0.256269	8.13958e-05	0.3794	0.382902	11.9087	-7.59589	-7.59945	11.9643	-7.21649	-7.21655	0.000166733	-1.42779	-1.4496	0.00444637
160201	0.254372	0.256269	8.14212e-05	0.380068	0.382902	11.9124	-7.59658	-7.59945	11.968	-7.21651	-7.21655	0.000166849	-1.43868	-1.44957	0.004449
160401	0.254999	0.256266	8.11968e-05	0.381005	0.382897	11.8796	-7.59751	-7.59944	11.935	-7.21651	-7.21655	0.000166585	-1.44807	-1.44958	0.00443691
160601	0.252329	0.256265	8.1387e-05	0.377016	0.382896	11.9074	-7.59358	-7.59944	11.9629	-7.21656	-7.21655	0.00016638	-1.43158	-1.44958	0.00444764
160801	0.264963	0.256264	8.12409e-05	0.395893	0.382894	11.8861	-7.61241	-7.59944	11.9414	-7.21652	-7.21655	0.000165986	-1.51017	-1.44959	0.00443952
161001	0.249098	0.256254	8.11725e-05	0.372188	0.38288	11.876	-7.58875	-7.59943	11.9314	-7.21656	-7.21655	0.000166268	-1.38006	-1.44953	0.00443323
161201	0.255954	0.256272	8.12329e-05	0.382431	0.382906	11.8849	-7.59907	-7.59945	11.9405	-7.21664	-7.21655	0.00016786	-1.44159	-1.44963	0.00443463
161401	0.245814	0.256267	8.1162e-05	0.36728	0.382899	11.8745	-7.58387	-7.59945	11.9299	-7.21659	-7.21655	0.000168361	-1.35941	-1.44956	0.00443267
161601	0.242665	0.256265	8.1186e-05	0.362576	0.382897	11.878	-7.57915	-7.59945	11.9333	-7.21658	-7.21655	0.000168521	-1.34646	-1.44953	0.00443526
161801	0.241337	0.256266	8.13705e-05	0.360591	0.382898	11.905	-7.57707	-7.59945	11.9605	-7.21648	-7.21655	0.000168436	-1.31803	-1.44952	0.00445036
162001	0.262546	0.256267	8.12876e-05	0.392281	0.382898	11.8929	-7.6089	-7.59945	11.9483	-7.21662	-7.21655	0.000168487	-1.48975	-1.44951	0.00444752
162201	0.258664	0.256257	8.1117e-05	0.386481	0.382885	11.8679	-7.6031	-7.59943	11.9232	-7.21662	-7.21655	0.000168242	-1.47693	-1.44944	0.00443838
162401	0.259143	0.256272	8.11255e-05	0.387196	0.382906	11.8692	-7.60378	-7.59946	11.9246	-7.21659	-7.21655	0.000169439	-1.46664	-1.44953	0.00443782
162601	0.253811	0.256267	8.10513e-05	0.379229	0.382899	11.8583	-7.59574	-7.59945	11.9138	-7.21651	-7.21655	0.000169159	-1.42908	-1.44948	0.00443446
162801	0.266427	0.256275	8.08981e-05	0.398079	0.38291	11.8359	-7.61469	-7.59946	11.8913	-7.21661	-7.21655	0.000168821	-1.52309	-1.44952	0.00442603
163001	0.26968	0.256291	8.18987e-05	0.40294	0.382934	11.9823	-7.61956	-7.59948	12.0382	-7.21662	-7.21655	0.000169314	-1.54056	-1.44963	0.00448049
163201	0.260561	0.256265	8.2103e-05	0.389315	0.382897	12.0122	-7.60576	-7.59945	12.0685	-7.21645	-7.21655	0.000170911	-1.48219	-1.44944	0.00449091
163401	0.256725	0.256261	8.1893e-05	0.383583	0.38289	11.9815	-7.60011	-7.59944	12.0377	-7.21653	-7.21655	0.000171445	-1.45784	-1.4494	0.00447962
163601	0.264149	0.256268	8.17487e-05	0.394676	0.382901	11.9603	-7.61134	-7.59945	12.0165	-7.21666	-7.21655	0.000172085	-1.50898	-1.44945	0.0044715
163801	0.247559	0.256281	8.19965e-05	0.369888	0.382921	11.9966	-7.58636	-7.59947	12.0531	-7.21647	-7.21655	0.000172689	-1.39252	-1.44955	0.0044846
164001	0.258901	0.256269	8.20609e-05	0.386835	0.382902	12.006	-7.60339	-7.59945	12.0626	-7.21655	-7.21655	0.000172567	-1.47529	-1.44945	0.00448784
164201	0.276046	0.25629	8.25484e-05	0.412452	0.382934	12.0773	-7.62909	-7.59948	12.1343	-7.21664	-7.21655	0.000173179	-1.59246	-1.44961	0.00451214
164401	0.2541	0.256272	8.27272e-05	0.379661	0.382907	12.1035	-7.59611	-7.59946	12.1606	-7.21645	-7.21655	0.000173779	-1.44163	-1.4495	0.00451879
164601	0.263663	0.256277	8.26659e-05	0.393949	0.382914	12.0945	-7.61052	-7.59946	12.1516	-7.21657	-7.21655	0.000174137	-1.50191	-1.44954	0.00451533
164801	0.259496	0.256276	8.24428e-05	0.387723	0.382912	12.0619	-7.60427	-7.59946	12.1188	-7.21654	-7.21655	0.000173628	-1.4777	-1.44954	0.00450271
165001	0.252147	0.256279	8.22095e-05	0.376742	0.382917	12.0278	-7.59323	-7.59947	12.0845	-7.21649	-7.21655	0.000173245	-1.429	-1.44958	0.00449074
165201	0.264746	0.256279	8.22557e-05	0.395568	0.382917	12.0345	-7.61214	-7.59947	12.0913	-7.21658	-7.21655	0.000172977	-1.51836	-1.44957	0.00449242
165401	0.254064	0.256281	8.21395e-05	0.379607	0.38292	12.0175	-7.59614	-7.59947	12.0742	-7.21653	-7.21655	0.000172608	-1.41917	-1.44958	0.00448562
165601	0.27762	0.256271	8.22425e-05	0.414804	0.382905	12.0326	-7.63145	-7.59945	12.0893	-7.21665	-7.21655	0.000172475	-1.59149	-1.44949	0.00449
165801	0.254995	0.256269	8.2442e-05	0.380999	0.382903	12.0618	-7.59757	-7.59945	12.1186	-7.21657	-7.21655	0.00017275	-1.43936	-1.44947	0.00449541
166001	0.259831	0.256291	8.24254e-05	0.388224	0.382934	12.0593	-7.60478	-7.59948	12.1163	-7.21656	-7.21655	0.000172939	-1.4643	-1.4496	0.00449132
166201	0.260742	0.256278	8.23811e-05	0.389585	0.382916	12.0529	-7.60614	-7.59947	12.1098	-7.21656	-7.21655	0.000172672	-1.48034	-1.44949	0.00449
166401	0.251757	0.256274	8.22449e-05	0.376161	0.38291	12.0329	-7.59273	-7.59946	12.0898	-7.21656	-7.21655	0.00017228	-1.42063	-1.44946	0.00448277
166601	0.255026	0.256294	8.22948e-05	0.381045	0.382939	12.0402	-7.5976	-7.59949	12.0972	-7.21656	-7.21655	0.000172603	-1.42403	-1.44959	0.00448299
166801	0.27158	0.256283	8.26519e-05	0.405779	0.382923	12.0925	-7.62242	-7.59947	12.1496	-7.21665	-7.21655	0.000172613	-1.54865	-1.44949	0.00450357
167001	0.244614	0.256288	8.25313e-05	0.365488	0.38293	12.0748	-7.58201	-7.59948	12.132	-7.21652	-7.21655	0.000172576	-1.35899	-1.44951	0.00449633
167201	0.261829	0.256292	8.25607e-05	0.391209	0.382936	12.0791	-7.60785	-7.59949	12.1364	-7.21665	-7.21655	0.000173398	-1.48644	-1.44953	0.00449641
167401	0.245273	0.25629	8.24743e-05	0.366472	0.382933	12.0665	-7.58297	-7.59948	12.1238	-7.2165	-7.21655	0.000173445	-1.34027	-1.44947	0.00449489
167601	0.267198	0.256286	8.22761e-05	0.399231	0.382927	12.0375	-7.61584	-7.59948	12.0947	-7.21661	-7.21655	0.000173085	-1.53441	-1.44941	0.00448661
167801	0.243182	0.256295	8.23646e-05	0.363349	0.382941	12.0505	-7.57989	-7.59949	12.1077	-7.21655	-7.21655	0.00017287	-1.3599	-1.44948	0.00449142
168001	0.25276	0.256299	8.24143e-05	0.377659	0.382947	12.0577	-7.59415	-7.5995	12.1149	-7.21649	-7.21655	0.000172528	-1.42812	-1.44949	0.00449191
168201	0.264426	0.256284	8.23801e-05	0.395089	0.382924	12.0527	-7.61171	-7.59947	12.1101	-7.21662	-7.21655	0.000173046	-1.50477	-1.44939	0.00448829
168401	0.253579	0.256306	8.23809e-05	0.378883	0.382957	12.0528	-7.59547	-7.59951	12.1104	-7.21659	-7.21655	0.000173924	-1.42826	-1.44955	0.00448798
168601	0.267726	0.256295	8.22722e-05	0.40002	0.382941	12.0369	-7.61661	-7.59949	12.0943	-7.21659	-7.21655	0.000173491	-1.55205	-1.44948	0.00448304
168801	0.240941	0.256301	8.22555e-05	0.359999	0.38295	12.0345	-7.57648	-7.5995	12.0919	-7.21648	-7.21655	0.000173307	-1.32836	-1.44954	0.00448466
169001	0.258764	0.256293	8.21937e-05	0.38663	0.382938	12.0255	-7.60324	-7.59949	12.0829	-7.21661	-7.21655	0.000173282	-1.45035	-1.44943	0.00448376
169201	0.253252	0.256303	8.21186e-05	0.378393	0.382953	12.0145	-7.59496	-7.5995	12.0719	-7.21657	-7.21655	0.000173665	-1.42395	-1.44948	0.00447916
169401	0.259249	0.256294	8.19598e-05	0.387354	0.38294	11.9912	-7.60396	-7.59949	12.0485	-7.2166	-7.21655	0.000173234	-1.45209	-1.44941	0.00447016
169601	0.274782	0.256303	8.19318e-05	0.410563	0.382953	11.9871	-7.62723	-7.5995	12.0445	-7.21667	-7.21655	0.000173746	-1.58359	-1.44945	0.00446864
169801	0.255131	0.256305	8.18282e-05	0.381201	0.382955	11.972	-7.59776	-7.59951	12.0292	-7.21656	-7.21655	0.000173934	-1.43577	-1.44944	0.00446391
170001	0.249468	0.256298	8.16479e-05	0.37274	0.382945	11.9456	-7.58925	-7.5995	12.0027	-7.21651	-7.21655	0.000173485	-1.38791	-1.44936	0.00445466
170201	0.273241	0.25629	8.16192e-05	0.408261	0.382933	11.9414	-7.62491	-7.59948	11.9984	-7.21665	-7.21655	0.000173252	-1.56671	-1.4493	0.00445261
170401	0.249792	0.256304	8.16742e-05	0.373224	0.382955	11.9495	-7.58972	-7.59951	12.0067	-7.2165	-7.21655	0.000173867	-1.40366	-1.44941	0.00445432
170601	0.261413	0.256296	8.15165e-05	0.390587	0.382942	11.9264	-7.6071	-7.59949	11.9836	-7.21651	-7.21655	0.000174209	-1.49063	-1.44935	0.00444528
170801	0.269214	0.256288	8.14158e-05	0.402244	0.38293	11.9116	-7.61886	-7.59948	11.9688	-7.21662	-7.21655	0.000173945	-1.53171	-1.44928	0.00444064
171001	0.257721	0.256294	8.14676e-05	0.385071	0.38294	11.9192	-7.60163	-7.59949	11.9764	-7.21656	-7.21655	0.000173912	-1.46264	-1.44933	0.00444184
171201	0.269554	0.256307	8.14064e-05	0.402751	0.382959	11.9103	-7.61934	-7.59951	11.9674	-7.21659	-7.21655	0.000173583	-1.53872	-1.44944	0.00443774
171401	0.254415	0.256287	8.16166e-05	0.380132	0.382928	11.941	-7.59662	-7.59948	11.9986	-7.21649	-7.21655	0.000174567	-1.43071	-1.44927	0.0044517
171601	0.260646	0.256295	8.16189e-05	0.389441	0.382941	11.9414	-7.60598	-7.59949	11.9988	-7.21654	-7.21655	0.000174151	-1.49265	-1.44933	0.00445167
171801	0.259906	0.256308	8.14998e-05	0.388337	0.382961	11.9239	-7.60489	-7.59951	11.9813	-7.21655	-7.21655	0.000173875	-1.46526	-1.44944	0.00444536
172001	0.267291	0.256298	8.14602e-05	0.39937	0.382946	11.9181	-7.61594	-7.5995	11.9755	-7.21657	-7.21655	0.000173657	-1.53435	-1.44937	0.00444299
172201	0.265514	0.256301	8.15973e-05	0.396715	0.382949	11.9382	-7.61329	-7.5995	11.9956	-7.21657	-7.21655	0.00017331	-1.5111	-1.44937	0.004451
172401	0.241546	0.256299	8.17605e-05	0.360903	0.382947	11.9621	-7.5774	-7.5995	12.0194	-7.2165	-7.21655	0.000172922	-1.34861	-1.44938	0.00446172
172601	0.276898	0.256306	8.17421e-05	0.413724	0.382958	11.9594	-7.63036	-7.59951	12.0167	-7.21663	-7.21655	0.000173078	-1.60244	-1.44945	0.00446063
172801	0.257874	0.256298	8.18756e-05	0.3853	0.382945	11.9789	-7.60183	-7.5995	12.0364	-7.21653	-7.21655	0.000173038	-1.45831	-1.4494	0.00446751
173001	0.261148	0.25631	8.18073e-05	0.390192	0.382964	11.9689	-7.60675	-7.59951	12.0264	-7.21656	-7.21655	0.000172988	-1.48994	-1.44947	0.00446352
173201	0.256878	0.256296	8.16923e-05	0.383813	0.382942	11.9521	-7.6004	-7.59949	12.0095	-7.21658	-7.21655	0.000172815	-1.4456	-1.44936	0.0044574
173401	0.260006	0.256306	8.16076e-05	0.388486	0.382957	11.9397	-7.605	-7.59951	11.9971	-7.21652	-7.21655	0.000172519	-1.48931	-1.44946	0.00445276
173601	0.260371	0.256303	8.1427e-05	0.389031	0.382953	11.9133	-7.60552	-7.5995	11.9705	-7.21649	-7.21655	0.000172494	-1.48551	-1.44945	0.00444429
173801	0.240912	0.256289	8.14262e-05	0.359956	0.382932	11.9132	-7.57647	-7.59948	11.9704	-7.21651	-7.21655	0.000172884	-1.33243	-1.44936	0.00444458
174001	0.262034	0.256309	8.16315e-05	0.391515	0.382962	11.9432	-7.60807	-7.59951	12.0007	-7.21656	-7.21655	0.000173145	-1.50435	-1.44953	0.00445941
174201	0.260758	0.256298	8.16054e-05	0.389609	0.382946	11.9394	-7.60613	-7.5995	11.997	-7.21652	-7.21655	0.000173618	-1.48155	-1.44949	0.00445577
174401	0.242945	0.256304	8.1545e-05	0.362994	0.382955	11.9305	-7.57948	-7.5995	11.988	-7.21648	-7.21655	0.000173267	-1.35867	-1.44954	0.00445245
174601	0.269819	0.256298	8.14933e-05	0.403148	0.382945	11.923	-7.61979	-7.59949	11.9805	-7.21664	-7.21655	0.000173145	-1.5493	-1.44949	0.00444956
174801	0.260573	0.256299	8.1567e-05	0.389333	0.382947	11.9338	-7.60588	-7.5995	11.9913	-7.21655	-7.21655	0.000173175	-1.48594	-1.44951	0.00445213
175001	0.263266	0.256299	8.14508e-05	0.393357	0.382947	11.9168	-7.6099	-7.5995	11.9742	-7.21655	-7.21655	0.000172724	-1.5007	-1.4495	0.00444735
175201	0.263253	0.256305	8.14447e-05	0.393337	0.382956	11.9159	-7.60994	-7.59951	11.9733	-7.2166	-7.21655	0.000172703	-1.48612	-1.44954	0.00444423
175401	0.245215	0.256287	8.15542e-05	0.366386	0.382929	11.9319	-7.58289	-7.59948	11.9895	-7.21651	-7.21655	0.000173026	-1.3809	-1.4494	0.00444818
175601	0.254508	0.256309	8.18584e-05	0.380271	0.382961	11.9764	-7.59684	-7.59951	12.0345	-7.21657	-7.21655	0.000174178	-1.43485	-1.44956	0.00446195
175801	0.2661	0.256295	8.21279e-05	0.397591	0.38294	12.0158	-7.6142	-7.59949	12.0741	-7.2166	-7.21655	0.000174079	-1.50242	-1.44944	0.00447612
176001	0.252264	0.256293	8.20058e-05	0.376918	0.382938	11.998	-7.59351	-7.59949	12.0561	-7.21659	-7.21655	0.000174068	-1.41504	-1.4494	0.00446864
176201	0.252728	0.256299	8.19064e-05	0.377611	0.382947	11.9834	-7.59415	-7.5995	12.0415	-7.21654	-7.21655	0.000173784	-1.41991	-1.44943	0.00446238
176401	0.254222	0.256302	8.19591e-05	0.379844	0.382951	11.9911	-7.59646	-7.5995	12.0493	-7.21662	-7.21655	0.000174082	-1.41399	-1.44941	0.00446482
176601	0.267278	0.256291	8.20274e-05	0.399352	0.382934	12.0011	-7.61591	-7.59948	12.0593	-7.21656	-7.21655	0.000173917	-1.5207	-1.44929	0.00447095
176801	0.261857	0.256301	8.20999e-05	0.391251	0.382949	12.0117	-7.60785	-7.5995	12.0699	-7.2166	-7.21655	0.000173743	-1.48	-1.44932	0.00447423
177001	0.257354	0.256295	8.19053e-05	0.384522	0.382941	11.9833	-7.60111	-7.59949	12.0412	-7.21658	-7.21655	0.000173557	-1.45169	-1.44925	0.00446522
177201	0.26063	0.256294	8.18903e-05	0.389418	0.382939	11.9811	-7.60599	-7.59949	12.039	-7.21658	-7.21655	0.000173232	-1.48134	-1.44925	0.00446286
177401	0.253825	0.256303	8.17533e-05	0.379251	0.382953	11.961	-7.59577	-7.5995	12.0188	-7.21652	-7.21655	0.000172948	-1.42545	-1.4493	0.00445452
177601	0.260717	0.256289	8.1705e-05	0.389548	0.382932	11.9539	-7.6061	-7.59948	12.0118	-7.21655	-7.21655	0.000173077	-1.47173	-1.4492	0.00445185
177801	0.268362	0.256293	8.1723e-05	0.400971	0.382937	11.9566	-7.61756	-7.59949	12.0144	-7.21659	-7.21655	0.000172715	-1.54439	-1.44925	0.00445183
178001	0.241605	0.256293	8.18509e-05	0.360992	0.382938	11.9753	-7.57747	-7.59949	12.0333	-7.21648	-7.21655	0.000172747	-1.33092	-1.44926	0.0044583
178201	0.250482	0.256286	8.19168e-05	0.374255	0.382928	11.9849	-7.5908	-7.59948	12.0428	-7.21655	-7.21655	0.000172458	-1.41339	-1.44919	0.00446258
178401	0.24397	0.256296	8.19063e-05	0.364526	0.382942	11.9834	-7.58106	-7.59949	12.0412	-7.21653	-7.21655	0.000172083	-1.36803	-1.44928	0.00446436
178601	0.260387	0.256303	8.18842e-05	0.389054	0.382953	11.9802	-7.60565	-7.5995	12.038	-7.21659	-7.21655	0.000171963	-1.48624	-1.44934	0.00446297
178801	0.262075	0.256288	8.18435e-05	0.391576	0.38293	11.9742	-7.60815	-7.59948	12.032	-7.21657	-7.21655	0.000171668	-1.48799	-1.44924	0.00446056
179001	0.264858	0.256303	8.18215e-05	0.395734	0.382953	11.971	-7.61233	-7.5995	12.0288	-7.21659	-7.21655	0.000171748	-1.52052	-1.44936	0.00445984
179201	0.260076	0.256292	8.18541e-05	0.38859	0.382937	11.9758	-7.60517	-7.59949	12.0335	-7.21658	-7.21655	0.000171428	-1.46983	-1.44928	0.00446055
179401	0.265145	0.256297	8.18051e-05	0.396164	0.382944	11.9686	-7.61277	-7.5995	12.0262	-7.2166	-7.21655	0.000171313	-1.51229	-1.44932	0.00445703
179601	0.249865	0.256288	8.17985e-05	0.373333	0.382931	11.9676	-7.58984	-7.59948	12.0253	-7.21651	-7.21655	0.000171198	-1.40148	-1.44925	0.00445578
179801	0.255304	0.256297	8.18067e-05	0.381461	0.382943	11.9688	-7.59801	-7.59949	12.0265	-7.21655	-7.21655	0.000171055	-1.4572	-1.44934	0.00445765
180001	0.268052	0.256292	8.17216e-05	0.400508	0.382936	11.9564	-7.61705	-7.59949	12.014	-7.21654	-7.21655	0.00017084	-1.54191	-1.4493	0.00445385
180201	0.261857	0.256282	8.17659e-05	0.391251	0.382922	11.9629	-7.60781	-7.59947	12.0206	-7.21655	-7.21655	0.000171394	-1.50417	-1.44928	0.00445303
180401	0.262168	0.256293	8.1783e-05	0.391716	0.382938	11.9654	-7.60826	-7.59949	12.0231	-7.21654	-7.21655	0.000171046	-1.49109	-1.44937	0.00445383
180601	0.247663	0.256287	8.18094e-05	0.370043	0.382929	11.9692	-7.58652	-7.59948	12.0269	-7.21648	-7.21655	0.000171108	-1.39842	-1.44934	0.0044539
180801	0.265314	0.256287	8.17539e-05	0.396416	0.382929	11.9611	-7.61292	-7.59948	12.0187	-7.2165	-7.21655	0.00017156	-1.53204	-1.44936	0.00445179
181001	0.251289	0.256285	8.15932e-05	0.375461	0.382926	11.9376	-7.59194	-7.59948	11.9951	-7.21648	-7.21655	0.00017178	-1.41899	-1.44936	0.00444353
181201	0.262793	0.256294	8.16414e-05	0.39265	0.382939	11.9446	-7.60922	-7.59949	12.0022	-7.21657	-7.21655	0.000171661	-1.50203	-1.44945	0.00444694
181401	0.261438	0.256279	8.1794e-05	0.390625	0.382916	11.967	-7.60716	-7.59947	12.0248	-7.21653	-7.21655	0.000172476	-1.50587	-1.44936	0.00445239
181601	0.255946	0.256283	8.20072e-05	0.382419	0.382922	11.9982	-7.59896	-7.59947	12.056	-7.21654	-7.21655	0.000172143	-1.46362	-1.44941	0.0044643
181801	0.265133	0.256295	8.19187e-05	0.396146	0.382941	11.9852	-7.61272	-7.59949	12.043	-7.21658	-7.21655	0.000171981	-1.52258	-1.44954	0.00446165
182001	0.259249	0.256282	8.19436e-05	0.387355	0.382922	11.9889	-7.60388	-7.59947	12.0467	-7.21652	-7.21655	0.000172211	-1.48514	-1.44947	0.00446143
182201	0.254524	0.256284	8.19289e-05	0.380294	0.382924	11.9867	-7.59683	-7.59947	12.0445	-7.21654	-7.21655	0.000171848	-1.44244	-1.4495	0.00446171
182401	0.259795	0.25628	8.1824e-05	0.38817	0.382918	11.9714	-7.60476	-7.59947	12.0291	-7.21659	-7.21655	0.000171543	-1.47351	-1.44948	0.00445542
182601	0.236715	0.256286	8.1776e-05	0.353686	0.382928	11.9643	-7.57019	-7.59948	12.022	-7.21651	-7.21655	0.000171414	-1.3093	-1.44952	0.0044512
182801	0.259109	0.256288	8.19806e-05	0.387146	0.38293	11.9943	-7.60378	-7.59948	12.0521	-7.21664	-7.21655	0.000171842	-1.4702	-1.44953	0.00446268
183001	0.286263	0.256294	8.22917e-05	0.427717	0.38294	12.0398	-7.64442	-7.59949	12.0978	-7.2167	-7.21655	0.000172812	-1.68148	-1.44959	0.00448188
183201	0.259937	0.25629	8.23714e-05	0.388383	0.382934	12.0515	-7.60497	-7.59948	12.1095	-7.21659	-7.21655	0.000173085	-1.47086	-1.44956	0.00448823
183401	0.26518	0.256282	8.23454e-05	0.396216	0.382921	12.0477	-7.61282	-7.59947	12.1055	-7.2166	-7.21655	0.000172807	-1.51328	-1.44948	0.00448567
183601	0.256926	0.256291	8.25878e-05	0.383883	0.382934	12.0831	-7.60049	-7.59948	12.141	-7.2166	-7.21655	0.000172804	-1.46104	-1.44955	0.00449706
183801	0.251796	0.256297	8.24394e-05	0.376218	0.382944	12.0614	-7.59276	-7.59949	12.1193	-7.21654	-7.21655	0.000172904	-1.41879	-1.44959	0.00448814
184001	0.250804	0.256288	8.24055e-05	0.374736	0.38293	12.0564	-7.5913	-7.59948	12.1143	-7.21657	-7.21655	0.000172637	-1.40702	-1.44952	0.00448474
184201	0.246354	0.256292	8.23508e-05	0.368087	0.382936	12.0484	-7.5846	-7.59949	12.1062	-7.21652	-7.21655	0.000172458	-1.3791	-1.44956	0.00448228
184401	0.258952	0.256293	8.23249e-05	0.38691	0.382937	12.0446	-7.60347	-7.59949	12.1024	-7.21656	-7.21655	0.000172144	-1.46981	-1.44957	0.00447987
184601	0.263493	0.25629	8.24923e-05	0.393696	0.382933	12.0691	-7.61027	-7.59948	12.1269	-7.21657	-7.21655	0.000171904	-1.48832	-1.44955	0.00448859
184801	0.261968	0.256288	8.2396e-05	0.391418	0.38293	12.055	-7.60798	-7.59948	12.1127	-7.21656	-7.21655	0.000171601	-1.47278	-1.44951	0.00448463
185001	0.276172	0.25628	8.25751e-05	0.41264	0.382919	12.0813	-7.62926	-7.59947	12.139	-7.21662	-7.21655	0.000171489	-1.5882	-1.44944	0.00449689
185201	0.241302	0.256284	8.26032e-05	0.36054	0.382924	12.0854	-7.57705	-7.59947	12.1431	-7.21651	-7.21655	0.000171394	-1.34301	-1.44946	0.00449784
185401	0.271348	0.256284	8.25113e-05	0.405431	0.382924	12.0719	-7.62207	-7.59948	12.1296	-7.21664	-7.21655	0.000171421	-1.55717	-1.44944	0.00449209
185601	0.252927	0.256278	8.26377e-05	0.377909	0.382915	12.0904	-7.59444	-7.59947	12.1483	-7.21654	-7.21655	0.000171723	-1.42343	-1.44939	0.00449967
185801	0.248599	0.256284	8.24876e-05	0.371442	0.382924	12.0685	-7.58798	-7.59947	12.1262	-7.21654	-7.21655	0.000171328	-1.38246	-1.44941	0.00449075
186001	0.248069	0.256284	8.24159e-05	0.37065	0.382925	12.058	-7.58724	-7.59948	12.1157	-7.21659	-7.21655	0.000171015	-1.38732	-1.4494	0.00448717
186201	0.253549	0.256283	8.23403e-05	0.378838	0.382923	12.0469	-7.59536	-7.59947	12.1045	-7.21652	-7.21655	0.000170774	-1.42489	-1.44941	0.00448462
186401	0.257077	0.256286	8.21693e-05	0.384109	0.382928	12.0219	-7.60067	-7.59948	12.0794	-7.21656	-7.21655	0.0001704	-1.43287	-1.44943	0.00447572
186601	0.260617	0.256289	8.20569e-05	0.389398	0.382932	12.0054	-7.60596	-7.59948	12.0628	-7.21657	-7.21655	0.000170112	-1.47996	-1.44944	0.00446985
186801	0.258103	0.256289	8.18861e-05	0.385642	0.382932	11.9804	-7.60214	-7.59948	12.0377	-7.2165	-7.21655	0.000169873	-1.46035	-1.44942	0.00446086
187001	0.257502	0.256285	8.1811e-05	0.384745	0.382926	11.9695	-7.60129	-7.59948	12.0267	-7.21654	-7.21655	0.000169949	-1.45851	-1.44938	0.00445811
187201	0.256376	0.256287	8.1658e-05	0.383062	0.382929	11.9471	-7.59965	-7.59948	12.0042	-7.21659	-7.21655	0.00016967	-1.45481	-1.44939	0.00445013
187401	0.257156	0.256291	8.15426e-05	0.384228	0.382934	11.9302	-7.60079	-7.59948	11.9873	-7.21656	-7.21655	0.000169474	-1.44074	-1.4494	0.00444266
187601	0.259868	0.256288	8.15608e-05	0.38828	0.38293	11.9329	-7.60488	-7.59948	11.9899	-7.2166	-7.21655	0.000169299	-1.46662	-1.44936	0.00444542
187801	0.239398	0.25629	8.16182e-05	0.357694	0.382934	11.9413	-7.57418	-7.59948	11.9983	-7.21649	-7.21655	0.000169227	-1.32709	-1.44936	0.00444796
188001	0.261937	0.256287	8.15834e-05	0.391371	0.382929	11.9362	-7.60791	-7.59948	11.9932	-7.21654	-7.21655	0.000169224	-1.4842	-1.44933	0.00444526
188201	0.252092	0.256282	8.14713e-05	0.376661	0.382922	11.9198	-7.59318	-7.59947	11.9767	-7.21652	-7.21655	0.000168949	-1.42172	-1.4493	0.00443824
188401	0.260713	0.256287	8.13656e-05	0.389542	0.382929	11.9043	-7.60614	-7.59948	11.9612	-7.2166	-7.21655	0.0001688	-1.478	-1.44935	0.00443198
188601	0.262844	0.256286	8.12432e-05	0.392725	0.382927	11.8864	-7.60925	-7.59948	11.9432	-7.21653	-7.21655	0.000168536	-1.48975	-1.44934	0.00442447
188801	0.270528	0.256285	8.14944e-05	0.404207	0.382926	11.9231	-7.62081	-7.59948	11.98	-7.2166	-7.21655	0.000168345	-1.54999	-1.44932	0.00443694
189001	0.252662	0.256277	8.14799e-05	0.377513	0.382914	11.921	-7.59404	-7.59946	11.9779	-7.21653	-7.21655	0.000168144	-1.42411	-1.44926	0.00443691
189201	0.261538	0.256287	8.14396e-05	0.390774	0.382929	11.9151	-7.60737	-7.59948	11.9719	-7.2166	-7.21655	0.000167963	-1.48192	-1.44932	0.00443466
189401	0.245004	0.256287	8.13121e-05	0.366071	0.382929	11.8965	-7.58259	-7.59948	11.9532	-7.21652	-7.21655	0.000167659	-1.37119	-1.44929	0.00442835
189601	0.251139	0.25628	8.12242e-05	0.375237	0.382918	11.8836	-7.59175	-7.59947	11.9403	-7.21651	-7.21655	0.000167613	-1.40327	-1.44924	0.0044252
189801	0.264185	0.256291	8.11713e-05	0.394729	0.382935	11.8759	-7.61136	-7.59949	11.9326	-7.21663	-7.21655	0.000168027	-1.49897	-1.44933	0.0044221
190001	0.250841	0.256289	8.11366e-05	0.374792	0.382932	11.8708	-7.59129	-7.59948	11.9276	-7.21649	-7.21655	0.000168366	-1.39306	-1.44929	0.00442176
190201	0.272349	0.25629	8.15752e-05	0.406927	0.382933	11.935	-7.62356	-7.59948	11.9919	-7.21664	-7.21655	0.000168482	-1.5611	-1.44927	0.00444605
190401	0.241657	0.256286	8.17087e-05	0.36107	0.382928	11.9545	-7.57766	-7.59948	12.0114	-7.21659	-7.21655	0.000168773	-1.32826	-1.44922	0.00445384
190601	0.247856	0.256288	8.16807e-05	0.370331	0.38293	11.9504	-7.58687	-7.59948	12.0073	-7.21654	-7.21655	0.000168675	-1.38097	-1.44922	0.00445328
190801	0.254923	0.256282	8.15349e-05	0.380891	0.382922	11.9291	-7.59744	-7.59947	11.9858	-7.21655	-7.21655	0.000168408	-1.4323	-1.44916	0.00444627
191001	0.262273	0.256286	8.13917e-05	0.391873	0.382927	11.9081	-7.60847	-7.59948	11.9648	-7.21659	-7.21655	0.000168293	-1.48474	-1.44917	0.00443845
191201	0.254122	0.256289	8.12492e-05	0.379695	0.382932	11.8873	-7.59623	-7.59948	11.9438	-7.21654	-7.21655	0.000168006	-1.43232	-1.44918	0.00443065
191401	0.251718	0.256284	8.10878e-05	0.376102	0.382924	11.8637	-7.59263	-7.59948	11.9201	-7.21652	-7.21655	0.00016774	-1.42133	-1.44914	0.00442203
191601	0.244754	0.256288	8.09882e-05	0.365697	0.38293	11.8491	-7.58229	-7.59948	11.9055	-7.21659	-7.21655	0.000167625	-1.35325	-1.44917	0.00441683
191801	0.24598	0.256288	8.11582e-05	0.367529	0.38293	11.8739	-7.58403	-7.59948	11.9304	-7.2165	-7.21655	0.000167636	-1.37515	-1.44916	0.00442626
192001	0.247154	0.256282	8.10145e-05	0.369283	0.382921	11.8529	-7.58578	-7.59947	11.9093	-7.2165	-7.21655	0.000167693	-1.38712	-1.44911	0.00441831
192201	0.264057	0.256282	8.09151e-05	0.394538	0.382922	11.8384	-7.61115	-7.59947	11.8947	-7.21661	-7.21655	0.000167471	-1.51196	-1.44912	0.00441285
192401	0.252329	0.256289	8.08531e-05	0.377014	0.382932	11.8293	-7.59357	-7.59948	11.8856	-7.21655	-7.21655	0.000167412	-1.40371	-1.44916	0.00440919
192601	0.258589	0.256281	8.08694e-05	0.386369	0.38292	11.8317	-7.60293	-7.59947	11.8879	-7.21656	-7.21655	0.000167111	-1.45837	-1.44909	0.00441309
192801	0.24247	0.256277	8.07693e-05	0.362284	0.382913	11.8171	-7.57879	-7.59946	11.8732	-7.21651	-7.21655	0.000166907	-1.34975	-1.44906	0.00440713
193001	0.258267	0.256282	8.0696e-05	0.385887	0.382922	11.8063	-7.60248	-7.59947	11.8625	-7.2166	-7.21655	0.000166861	-1.46631	-1.4491	0.00440255
193201	0.258533	0.256283	8.06404e-05	0.386285	0.382922	11.7982	-7.60289	-7.59947	11.8543	-7.2166	-7.21655	0.000166638	-1.46351	-1.44911	0.00439918
193401	0.26679	0.256283	8.07196e-05	0.398622	0.382923	11.8098	-7.61527	-7.59947	11.8659	-7.21665	-7.21655	0.000166936	-1.51472	-1.44909	0.00440276
193601	0.276045	0.256287	8.09306e-05	0.41245	0.382929	11.8406	-7.62909	-7.59948	11.8968	-7.21664	-7.21655	0.000167204	-1.59932	-1.44913	0.00441581
193801	0.26822	0.256272	8.12831e-05	0.400758	0.382907	11.8922	-7.61734	-7.59946	11.9486	-7.21658	-7.21655	0.000167244	-1.53305	-1.44901	0.00443864
194001	0.247998	0.25628	8.13214e-05	0.370543	0.382918	11.8978	-7.58712	-7.59947	11.9542	-7.21658	-7.21655	0.000167291	-1.38188	-1.44905	0.00444028
194201	0.270731	0.256276	8.13203e-05	0.40451	0.382913	11.8977	-7.62112	-7.59946	11.9539	-7.21661	-7.21655	0.000167114	-1.56335	-1.44901	0.00444202
194401	0.244418	0.256276	8.12624e-05	0.365195	0.382912	11.8892	-7.58175	-7.59946	11.9454	-7.21656	-7.21655	0.000166975	-1.35898	-1.44901	0.00443867
194601	0.258102	0.256278	8.11535e-05	0.385641	0.382915	11.8733	-7.60225	-7.59947	11.9294	-7.21661	-7.21655	0.000166977	-1.44672	-1.44902	0.00443298
194801	0.274457	0.256285	8.14831e-05	0.410077	0.382925	11.9215	-7.62678	-7.59948	11.9779	-7.2167	-7.21655	0.00016817	-1.5751	-1.44906	0.00445109
195001	0.25397	0.256278	8.1385e-05	0.379467	0.382915	11.9071	-7.59603	-7.59947	11.9634	-7.21656	-7.21655	0.000168299	-1.41498	-1.44899	0.00444618
195201	0.254835	0.256281	8.14892e-05	0.380759	0.382919	11.9224	-7.5974	-7.59947	11.9788	-7.21664	-7.21655	0.000169033	-1.4139	-1.44899	0.00445242
195401	0.244558	0.256281	8.13668e-05	0.365404	0.38292	11.9045	-7.58197	-7.59947	11.9608	-7.21657	-7.21655	0.000169438	-1.34154	-1.44894	0.00444643
195601	0.258796	0.256277	8.12792e-05	0.386678	0.382914	11.8917	-7.60331	-7.59947	11.9478	-7.21664	-7.21655	0.000169414	-1.46603	-1.44889	0.00444272
195801	0.269698	0.256284	8.12014e-05	0.402967	0.382924	11.8803	-7.61959	-7.59948	11.9365	-7.21663	-7.21655	0.000169669	-1.54141	-1.44893	0.00443777
196001	0.266778	0.256285	8.12686e-05	0.398605	0.382925	11.8901	-7.61524	-7.59948	11.9463	-7.21663	-7.21655	0.000169667	-1.52412	-1.44893	0.0044415
196201	0.260303	0.256283	8.11709e-05	0.388929	0.382922	11.8758	-7.60556	-7.59947	11.9319	-7.21663	-7.21655	0.000169722	-1.46494	-1.4489	0.0044365
196401	0.262573	0.256288	8.11666e-05	0.392321	0.382931	11.8752	-7.60889	-7.59948	11.9313	-7.21657	-7.21655	0.000169867	-1.49284	-1.44893	0.00443615
196601	0.265604	0.256289	8.10979e-05	0.396849	0.382932	11.8651	-7.61343	-7.59949	11.9212	-7.21658	-7.21655	0.000169552	-1.51222	-1.44894	0.00443219
196801	0.265174	0.256285	8.10047e-05	0.396208	0.382925	11.8515	-7.61283	-7.59948	11.9075	-7.21662	-7.21655	0.000169273	-1.50598	-1.4489	0.00442682
197001	0.259925	0.256292	8.09294e-05	0.388364	0.382936	11.8405	-7.60495	-7.59949	11.8964	-7.21659	-7.21655	0.000169351	-1.47176	-1.44894	0.00442202
197201	0.262745	0.256289	8.09039e-05	0.392578	0.382932	11.8367	-7.60915	-7.59949	11.8926	-7.21657	-7.21655	0.000169026	-1.49731	-1.44891	0.00442165
197401	0.247213	0.256285	8.0777e-05	0.369371	0.382926	11.8182	-7.58598	-7.59948	11.8739	-7.21661	-7.21655	0.000168783	-1.3757	-1.44886	0.00441579
197601	0.251543	0.256299	8.07815e-05	0.375841	0.382947	11.8188	-7.59235	-7.5995	11.8746	-7.21651	-7.21655	0.000169071	-1.40957	-1.44896	0.00441654
197801	0.279376	0.256291	8.10681e-05	0.417426	0.382935	11.8608	-7.63405	-7.59949	11.9168	-7.21662	-7.21655	0.000169239	-1.61231	-1.44889	0.00443361
198001	0.265157	0.256292	8.10582e-05	0.396182	0.382936	11.8593	-7.61274	-7.59949	11.9152	-7.21656	-7.21655	0.00016919	-1.51148	-1.44888	0.00443437
198201	0.242318	0.256281	8.11226e-05	0.362056	0.382919	11.8687	-7.57853	-7.59947	11.9248	-7.21647	-7.21655	0.000169843	-1.33228	-1.44878	0.00444176
198401	0.259748	0.25629	8.10989e-05	0.3881	0.382934	11.8653	-7.60471	-7.59949	11.9214	-7.21661	-7.21655	0.000169912	-1.47173	-1.44886	0.00444257
198601	0.256086	0.25629	8.09618e-05	0.382628	0.382934	11.8452	-7.59915	-7.59949	11.9012	-7.21652	-7.21655	0.00016964	-1.46187	-1.44885	0.00443579
198801	0.256079	0.256293	8.10118e-05	0.382619	0.382938	11.8525	-7.59921	-7.59949	11.9086	-7.21659	-7.21655	0.000169568	-1.43692	-1.44887	0.00443732
199001	0.258819	0.256287	8.09756e-05	0.386713	0.382929	11.8472	-7.60331	-7.59948	11.9032	-7.2166	-7.21655	0.000169352	-1.46857	-1.44883	0.00443651
199201	0.272993	0.256292	8.10361e-05	0.407891	0.382936	11.8561	-7.62452	-7.59949	11.912	-7.21663	-7.21655	0.000169276	-1.57565	-1.44887	0.00444132
199401	0.267051	0.256289	8.11994e-05	0.399012	0.382932	11.88	-7.61552	-7.59949	11.9361	-7.21651	-7.21655	0.000169531	-1.53252	-1.44885	0.00445217
199601	0.255873	0.256287	8.1195e-05	0.382311	0.382928	11.8793	-7.59881	-7.59948	11.9354	-7.21649	-7.21655	0.000169876	-1.45082	-1.44884	0.00445179
199801	0.269257	0.256287	8.11211e-05	0.402308	0.382929	11.8685	-7.61887	-7.59948	11.9245	-7.21656	-7.21655	0.000169795	-1.55645	-1.44885	0.00444767
