timestep            	T              	T_{ave}             	T_{var}           	K/N            	K_{ave}/N           	K_{var}           	U/N            	U_{ave}/N           	U_{var}           	E/N            	E_{ave}/N           	E_{var}           	P              	P_{ave}             	P_{var}
100001	1.06596	1.06596	0	1.5927	1.5927	0	-6.56692	-6.56692	0	-4.97422	-4.97422	0	4.9689	4.9689	0
100201	1.11017	1.07727	0.000197323	1.65875	1.60959	28.8695	-6.63302	-6.58385	28.8869	-4.97426	-4.97426	5.13969e-05	4.66037	4.89137	0.00848634
100401	1.04415	1.06688	0.000417597	1.56011	1.59407	61.097	-6.53428	-6.5683	61.231	-4.97417	-4.97423	0.000139462	5.10585	4.97218	0.0208831
100601	1.0786	1.06557	0.000692927	1.61158	1.59211	101.38	-6.58578	-6.56632	101.516	-4.9742	-4.97422	0.000123937	4.97129	4.97438	0.0294844
100801	1.0251	1.06812	0.000607897	1.53164	1.59592	88.9391	-6.50573	-6.57011	89.0264	-4.97409	-4.9742	0.000223135	5.27559	4.96078	0.0268974
101001	1.00464	1.06633	0.000716883	1.50107	1.59325	104.884	-6.47521	-6.56746	104.991	-4.97414	-4.9742	0.000231802	5.41616	4.98095	0.0321935
101201	1.09719	1.06548	0.000729785	1.63935	1.59197	106.772	-6.61351	-6.56617	106.872	-4.97416	-4.97419	0.00025939	4.74559	4.98098	0.0347624
101401	1.1006	1.06595	0.000767206	1.64445	1.59268	112.247	-6.61876	-6.56688	112.307	-4.97431	-4.9742	0.000321864	4.72324	4.97739	0.0354162
101601	0.985442	1.0647	0.000919116	1.47239	1.59082	134.472	-6.44657	-6.56502	134.566	-4.97418	-4.97421	0.000304044	5.56779	4.98492	0.0434883
101801	1.08124	1.062	0.000956934	1.61552	1.58678	140.005	-6.58979	-6.56098	140.101	-4.97427	-4.97421	0.000279194	4.87483	5.00536	0.04586
102001	1.01127	1.06408	0.00105094	1.51098	1.58989	153.76	-6.4851	-6.56409	153.873	-4.97413	-4.9742	0.000273199	5.31361	4.987	0.0501329
102201	1.00546	1.06507	0.00107553	1.5023	1.59136	157.357	-6.47645	-6.56555	157.435	-4.97416	-4.9742	0.000289847	5.41279	4.97847	0.052015
102401	1.11163	1.06386	0.00106839	1.66094	1.58955	156.312	-6.63524	-6.56376	156.386	-4.9743	-4.97421	0.000332436	4.7217	4.99114	0.052304
102601	1.07864	1.06474	0.00119512	1.61165	1.59087	174.854	-6.58585	-6.56508	174.945	-4.9742	-4.97421	0.000313493	4.91096	4.98612	0.0586373
102801	1.05275	1.06468	0.00113101	1.57295	1.59078	165.474	-6.54709	-6.56499	165.559	-4.97414	-4.97421	0.000302178	5.08486	4.98832	0.0554042
103001	0.999527	1.06447	0.00109228	1.49343	1.59046	159.808	-6.46762	-6.56467	159.889	-4.97418	-4.9742	0.000297375	5.47434	4.9898	0.0536892
103201	1.05294	1.06471	0.00111253	1.57325	1.59083	162.77	-6.54729	-6.56503	162.85	-4.97404	-4.9742	0.000296578	5.09295	4.99017	0.0544759
103401	1.0873	1.06326	0.00120379	1.62458	1.58866	176.121	-6.5987	-6.56286	176.242	-4.97412	-4.9742	0.000326518	4.82878	4.9996	0.0587325
103601	1.07519	1.06561	0.0012802	1.60648	1.59217	187.301	-6.58079	-6.56637	187.451	-4.97432	-4.9742	0.000334734	4.86733	4.98363	0.0621752
103801	0.989968	1.06447	0.00127227	1.47915	1.59047	186.141	-6.4532	-6.56466	186.298	-4.97405	-4.9742	0.000369318	5.50344	4.99027	0.0614275
104001	1.07988	1.06526	0.00126173	1.61349	1.59165	184.6	-6.58775	-6.56584	184.748	-4.97426	-4.97419	0.000370378	4.89427	4.98309	0.0615881
104201	1.08391	1.06561	0.00128139	1.61951	1.59218	187.475	-6.59372	-6.56637	187.619	-4.97421	-4.9742	0.000360263	4.80927	4.97973	0.062429
104401	1.02845	1.06536	0.00124785	1.53664	1.59179	182.569	-6.51084	-6.56599	182.711	-4.9742	-4.9742	0.000359706	5.29361	4.98163	0.0607261
104601	1.03198	1.06518	0.00122099	1.54192	1.59153	178.638	-6.51615	-6.56573	178.782	-4.97423	-4.9742	0.000356644	5.22261	4.98336	0.0593102
104801	1.08238	1.06486	0.00118345	1.61723	1.59105	173.146	-6.59141	-6.56525	173.287	-4.97418	-4.9742	0.000349601	4.84683	4.98612	0.0575025
105001	1.0383	1.06536	0.00117658	1.55136	1.5918	172.141	-6.52568	-6.566	172.28	-4.97431	-4.9742	0.000345572	5.20367	4.98218	0.0571713
105201	1.0619	1.06573	0.00117155	1.58662	1.59236	171.405	-6.56085	-6.56656	171.543	-4.97423	-4.9742	0.000347082	4.99449	4.9806	0.0569676
105401	1.03117	1.06562	0.00116249	1.54071	1.59219	170.08	-6.51496	-6.5664	170.217	-4.97425	-4.9742	0.000348399	5.22634	4.98171	0.0565184
105601	1.03932	1.06539	0.00120317	1.55289	1.59184	176.031	-6.52723	-6.56605	176.154	-4.97434	-4.97421	0.000354698	5.20547	4.98385	0.0582634
105801	1.06143	1.06514	0.00119628	1.58593	1.59146	175.023	-6.56006	-6.56567	175.136	-4.97412	-4.97421	0.000374491	4.95622	4.98569	0.0581612
106001	1.03985	1.06559	0.00123979	1.55369	1.59214	181.389	-6.52792	-6.56635	181.509	-4.97423	-4.97421	0.000408649	5.14892	4.98133	0.0595189
106201	1.08055	1.06523	0.00125328	1.61449	1.59161	183.362	-6.58862	-6.56581	183.488	-4.97413	-4.97421	0.000404425	4.82206	4.98246	0.0599645
106401	1.0802	1.06532	0.00128228	1.61397	1.59173	187.606	-6.58831	-6.56594	187.717	-4.97434	-4.97421	0.000403298	4.92711	4.98215	0.061826
106601	1.10327	1.06519	0.00129387	1.64845	1.59155	189.302	-6.62262	-6.56576	189.395	-4.97418	-4.97421	0.000449031	4.73261	4.98355	0.0626082
106801	1.10005	1.06554	0.00126231	1.64364	1.59207	184.685	-6.61775	-6.56628	184.772	-4.97411	-4.97421	0.000442028	4.69079	4.98052	0.0611787
107001	1.02452	1.06577	0.00125047	1.53078	1.59241	182.952	-6.50488	-6.56661	183.029	-4.9741	-4.97421	0.000470758	5.24272	4.97749	0.0607751
107201	1.02014	1.06544	0.00122878	1.52423	1.59192	179.778	-6.49841	-6.56613	179.857	-4.97418	-4.97421	0.000462841	5.33403	4.98038	0.0598317
107401	1.09818	1.06492	0.00126528	1.64083	1.59114	185.119	-6.61501	-6.56535	185.204	-4.97418	-4.9742	0.000456605	4.74883	4.9834	0.0617435
107601	1.11776	1.06479	0.0012494	1.67009	1.59095	182.795	-6.64438	-6.56515	182.88	-4.97428	-4.9742	0.000446995	4.59447	4.98432	0.0609813
107801	1.03641	1.06511	0.00124006	1.54854	1.59142	181.429	-6.52256	-6.56562	181.515	-4.97402	-4.9742	0.000443976	5.10184	4.98087	0.0606621
108001	1.01526	1.06463	0.00124119	1.51694	1.5907	181.593	-6.49104	-6.5649	181.693	-4.9741	-4.9742	0.000471678	5.34072	4.98355	0.0603344
108201	1.04551	1.06499	0.00125919	1.56215	1.59124	184.227	-6.53624	-6.56544	184.331	-4.9741	-4.9742	0.000465664	5.17325	4.98136	0.0613586
108401	0.989949	1.06505	0.00124362	1.47912	1.59133	181.949	-6.45337	-6.56553	182.049	-4.97424	-4.9742	0.000459944	5.53689	4.98193	0.0606478
108601	1.07806	1.06443	0.00126871	1.61077	1.59041	185.62	-6.58505	-6.56461	185.71	-4.97427	-4.9742	0.00045902	4.96187	4.98706	0.0621378
108801	1.06305	1.06425	0.00125779	1.58835	1.59013	184.023	-6.56265	-6.56433	184.108	-4.9743	-4.9742	0.000459525	5.03508	4.98863	0.0617099
109001	1.0613	1.06444	0.0012371	1.58573	1.59043	180.995	-6.55991	-6.56463	181.082	-4.97418	-4.9742	0.000457944	5.01072	4.98712	0.0606792
109201	1.05884	1.06456	0.0012403	1.58206	1.5906	181.464	-6.55625	-6.5648	181.556	-4.97419	-4.9742	0.000452894	4.95484	4.98714	0.0609331
109401	1.04197	1.06417	0.00127185	1.55685	1.59002	186.079	-6.53093	-6.56422	186.186	-4.97408	-4.9742	0.000453377	5.13284	4.98913	0.0623124
109601	1.08181	1.06458	0.00131519	1.61638	1.59063	192.42	-6.59069	-6.56484	192.521	-4.97431	-4.9742	0.000450586	4.92203	4.98623	0.0646133
109801	1.10372	1.06474	0.00129773	1.64911	1.59088	189.865	-6.62327	-6.56508	189.96	-4.97416	-4.9742	0.00045355	4.6855	4.98456	0.0637984
110001	1.06776	1.06475	0.00128911	1.59538	1.59088	188.605	-6.56962	-6.56508	188.697	-4.97425	-4.9742	0.000446808	5.02236	4.98476	0.0633978
110201	1.00118	1.0647	0.00133546	1.4959	1.59082	195.386	-6.47021	-6.56502	195.483	-4.97431	-4.97421	0.000454677	5.42401	4.98565	0.0657941
110401	1.06176	1.0648	0.00135176	1.58641	1.59095	197.771	-6.56057	-6.56516	197.866	-4.97416	-4.97421	0.00046901	5.02064	4.98522	0.0664298
110601	1.11467	1.06454	0.00134881	1.66548	1.59057	197.34	-6.63982	-6.56478	197.433	-4.97434	-4.97421	0.000462578	4.67571	4.98666	0.0660317
110801	1.05285	1.06521	0.00136571	1.57311	1.59157	199.812	-6.54727	-6.56578	199.921	-4.97416	-4.97421	0.000470653	5.05797	4.98263	0.0665278
111001	1.08089	1.06492	0.00135755	1.615	1.59114	198.619	-6.58927	-6.56535	198.729	-4.97427	-4.97421	0.000464941	4.88217	4.98482	0.0662508
111201	1.14979	1.06485	0.00139908	1.71795	1.59103	204.695	-6.6922	-6.56524	204.799	-4.97426	-4.97421	0.000463968	4.43921	4.98553	0.0681187
111401	1.09275	1.06491	0.00139665	1.63273	1.59112	204.339	-6.60702	-6.56533	204.446	-4.97429	-4.97421	0.000460333	4.851	4.98497	0.0678441
111601	1.0911	1.06534	0.00139597	1.63026	1.59177	204.239	-6.60444	-6.56598	204.349	-4.97418	-4.97421	0.000460317	4.84492	4.98229	0.067618
111801	1.08537	1.06473	0.00144045	1.62169	1.59086	210.747	-6.59586	-6.56507	210.872	-4.97416	-4.97421	0.000461457	4.84087	4.98681	0.0698148
112001	1.04386	1.06449	0.00143576	1.55967	1.5905	210.061	-6.5339	-6.56471	210.186	-4.97423	-4.97421	0.000463488	5.14856	4.98838	0.0696781
112201	1.02707	1.0644	0.00143366	1.53458	1.59036	209.754	-6.50869	-6.56457	209.882	-4.97411	-4.97421	0.00046073	5.25392	4.98973	0.0694964
112401	0.997868	1.06447	0.00142151	1.49095	1.59047	207.975	-6.4649	-6.56467	208.102	-4.97395	-4.9742	0.00049347	5.36314	4.98897	0.0687597
112601	1.09748	1.06411	0.00142543	1.63978	1.58993	208.549	-6.61398	-6.56413	208.689	-4.9742	-4.9742	0.000517666	4.776	4.99184	0.0690368
112801	1.04162	1.06426	0.00141845	1.55633	1.59015	207.528	-6.53051	-6.56435	207.67	-4.97418	-4.9742	0.000514666	5.04421	4.99037	0.0686729
113001	1.08012	1.06449	0.00140743	1.61384	1.59049	205.916	-6.58803	-6.56469	206.056	-4.97419	-4.9742	0.000507422	4.89164	4.98866	0.0681045
113201	1.07311	1.06411	0.00140482	1.60337	1.58992	205.533	-6.57746	-6.56413	205.679	-4.97409	-4.9742	0.000513084	4.9551	4.99098	0.0678171
113401	1.04189	1.0643	0.00142332	1.55674	1.59021	208.24	-6.53103	-6.56441	208.392	-4.97429	-4.9742	0.000517918	5.11887	4.98943	0.0690247
113601	1.10896	1.0642	0.00140947	1.65694	1.59007	206.214	-6.63123	-6.56427	206.365	-4.97428	-4.9742	0.000514128	4.66674	4.98992	0.0683635
113801	1.06019	1.06443	0.00142901	1.58407	1.5904	209.073	-6.55817	-6.5646	209.232	-4.9741	-4.9742	0.000515958	5.01457	4.98803	0.0692942
114001	1.02762	1.06409	0.0014237	1.53541	1.5899	208.296	-6.50956	-6.56409	208.458	-4.97415	-4.9742	0.000514297	5.2236	4.99026	0.0689848
114201	1.08329	1.06421	0.0014121	1.61859	1.59008	206.6	-6.59287	-6.56428	206.759	-4.97428	-4.9742	0.00051446	4.86023	4.9897	0.068389
114401	1.07333	1.06442	0.00140107	1.60371	1.59039	204.986	-6.57786	-6.56459	205.145	-4.97415	-4.9742	0.000509496	4.99769	4.98837	0.0678548
114601	1.12254	1.06442	0.00139865	1.67723	1.59039	204.631	-6.6515	-6.56459	204.793	-4.97427	-4.9742	0.000506078	4.60799	4.98839	0.0675918
114801	1.08095	1.06414	0.00144392	1.61509	1.58997	211.255	-6.58941	-6.56417	211.421	-4.97431	-4.9742	0.000502059	4.87121	4.99081	0.0700969
115001	1.07848	1.06413	0.00145888	1.61141	1.58996	213.444	-6.58566	-6.56416	213.609	-4.97425	-4.9742	0.000498475	4.90963	4.99091	0.0708502
115201	1.05564	1.06436	0.00144722	1.57728	1.59031	211.737	-6.5514	-6.56451	211.902	-4.97412	-4.9742	0.000496061	5.02549	4.98905	0.0702597
115401	1.05582	1.064	0.00144499	1.57755	1.58977	211.412	-6.55165	-6.56397	211.584	-4.9741	-4.9742	0.000500172	5.07752	4.99143	0.0702025
115601	1.10435	1.06401	0.00143414	1.65005	1.58978	209.824	-6.62413	-6.56398	209.994	-4.97409	-4.9742	0.000496591	4.67794	4.99152	0.0696382
115801	1.09518	1.06399	0.00142966	1.63635	1.58975	209.168	-6.61061	-6.56395	209.334	-4.97426	-4.9742	0.000496698	4.77649	4.99126	0.069433
116001	1.11198	1.0639	0.00141927	1.66145	1.58961	207.647	-6.63568	-6.56381	207.812	-4.97422	-4.9742	0.000491196	4.63901	4.99172	0.068878
116201	1.08201	1.06398	0.00141066	1.61668	1.58974	206.389	-6.59083	-6.56394	206.553	-4.97415	-4.9742	0.000489384	4.82377	4.9909	0.0684785
116401	1.07778	1.06394	0.00140058	1.61035	1.58968	204.914	-6.58455	-6.56388	205.077	-4.9742	-4.9742	0.000484123	4.90155	4.99095	0.0679327
116601	1.05284	1.06396	0.00139713	1.57309	1.5897	204.409	-6.54723	-6.5639	204.571	-4.97414	-4.9742	0.000479052	5.03395	4.99073	0.0677612
116801	1.04493	1.06406	0.00138722	1.56127	1.58985	202.958	-6.53545	-6.56405	203.124	-4.97418	-4.9742	0.000481702	5.10577	4.99	0.0672231
117001	1.10177	1.06406	0.00138184	1.64619	1.58985	202.172	-6.62037	-6.56405	202.336	-4.97418	-4.9742	0.000478857	4.78346	4.99004	0.066908
117201	1.01698	1.06406	0.00136987	1.51951	1.58985	200.42	-6.49364	-6.56405	200.583	-4.97413	-4.9742	0.000491261	5.25982	4.98978	0.0662772
117401	1.02646	1.0641	0.00136838	1.53367	1.58992	200.202	-6.50783	-6.56412	200.361	-4.97415	-4.97419	0.000489962	5.26064	4.98902	0.0661909
117601	1.11785	1.06429	0.00136512	1.67022	1.5902	199.726	-6.64445	-6.56439	199.885	-4.97423	-4.97419	0.000484924	4.65753	4.98774	0.0660606
117801	1.08257	1.06412	0.00136032	1.61751	1.58994	199.024	-6.59164	-6.56413	199.18	-4.97413	-4.97419	0.000481754	4.84402	4.98893	0.0658358
118001	1.01815	1.06394	0.00135259	1.52126	1.58968	197.892	-6.49539	-6.56388	198.049	-4.97413	-4.97419	0.000478698	5.32734	4.99043	0.065602
118201	1.1349	1.06406	0.00136867	1.69571	1.58985	200.245	-6.66971	-6.56404	200.394	-4.974	-4.97419	0.000486183	4.42094	4.98934	0.0666237
118401	1.02654	1.06393	0.00137097	1.5338	1.58966	200.582	-6.50808	-6.56386	200.726	-4.97428	-4.97419	0.000489341	5.26801	4.99001	0.0667436
118601	1.0873	1.06402	0.00136464	1.62458	1.5898	199.655	-6.59874	-6.564	199.798	-4.97416	-4.97419	0.000488812	4.83107	4.98963	0.0664684
118801	1.06462	1.06403	0.00135511	1.59069	1.58981	198.261	-6.56487	-6.564	198.402	-4.97418	-4.97419	0.000485208	4.99377	4.9899	0.0660063
119001	1.15436	1.06403	0.0013603	1.72477	1.5898	199.021	-6.69896	-6.564	199.161	-4.97418	-4.97419	0.000482172	4.38787	4.98974	0.0661328
119201	1.06168	1.06387	0.0013619	1.5863	1.58958	199.254	-6.56045	-6.56377	199.396	-4.97416	-4.97419	0.000479197	5.05345	4.9907	0.0661771
119401	1.02605	1.06398	0.00135113	1.53306	1.58974	197.679	-6.50738	-6.56393	197.819	-4.97432	-4.97419	0.000476601	5.21916	4.98998	0.0656452
119601	1.01655	1.06404	0.00135234	1.51887	1.58983	197.856	-6.49304	-6.56402	197.997	-4.97417	-4.97419	0.000481905	5.29528	4.98936	0.0657646
119801	1.14183	1.064	0.00135149	1.70605	1.58976	197.731	-6.68047	-6.56396	197.875	-4.97442	-4.97419	0.000488626	4.46449	4.98935	0.0656467
120001	1.08468	1.06392	0.00134504	1.62067	1.58964	196.787	-6.5949	-6.56384	196.929	-4.97424	-4.9742	0.000498596	4.82958	4.99	0.0653472
120201	1.05173	1.06379	0.00134626	1.57143	1.58945	196.966	-6.54568	-6.56364	197.11	-4.97425	-4.9742	0.000498616	5.06551	4.99094	0.0653835
120401	1.03957	1.06373	0.00133784	1.55326	1.58936	195.735	-6.52739	-6.56356	195.876	-4.97413	-4.9742	0.000499079	5.16278	4.99124	0.0649734
120601	1.05642	1.0636	0.00133013	1.57843	1.58916	194.607	-6.5527	-6.56336	194.749	-4.97427	-4.9742	0.000499629	5.06774	4.99247	0.0647044
120801	1.09878	1.06369	0.0013208	1.64173	1.5893	193.241	-6.61595	-6.56349	193.381	-4.97422	-4.97419	0.000496293	4.71052	4.99182	0.0642749
121001	1.08612	1.0637	0.00131354	1.62281	1.58931	192.18	-6.59709	-6.56351	192.319	-4.97428	-4.9742	0.000497281	4.80138	4.99166	0.0639376
121201	1.04727	1.06382	0.00130945	1.56477	1.5895	191.58	-6.539	-6.5637	191.719	-4.97423	-4.9742	0.000493301	5.11251	4.99064	0.0637817
121401	1.08221	1.06381	0.00131045	1.61698	1.58948	191.727	-6.59113	-6.56367	191.865	-4.97415	-4.97419	0.000495226	4.87967	4.99058	0.0638093
121601	1.03668	1.06364	0.00130274	1.54894	1.58923	190.599	-6.52321	-6.56342	190.734	-4.97427	-4.9742	0.000492651	5.19999	4.99204	0.0635255
121801	1.09127	1.06383	0.00130721	1.63052	1.58951	191.252	-6.60481	-6.5637	191.388	-4.97429	-4.9742	0.000489847	4.86803	4.99091	0.0636091
122001	1.09708	1.06368	0.00130638	1.63919	1.58929	191.131	-6.61347	-6.56348	191.266	-4.97427	-4.9742	0.000488235	4.7723	4.99234	0.0636685
122201	1.06318	1.06353	0.00130319	1.58854	1.58906	190.665	-6.5627	-6.56326	190.801	-4.97416	-4.9742	0.000485892	5.02825	4.99333	0.0635136
122401	1.08272	1.0636	0.00129563	1.61774	1.58917	189.559	-6.59199	-6.56336	189.695	-4.97425	-4.9742	0.000482882	4.84153	4.99294	0.0631105
122601	1.02463	1.06366	0.00130137	1.53094	1.58925	190.399	-6.50513	-6.56345	190.536	-4.97419	-4.9742	0.000479625	5.26362	4.99245	0.0634732
122801	1.06973	1.0637	0.00130075	1.59833	1.58932	190.308	-6.57253	-6.56351	190.447	-4.9742	-4.9742	0.000477798	4.95528	4.9921	0.0634289
123001	1.10357	1.06359	0.00129707	1.64889	1.58915	189.77	-6.62312	-6.56335	189.904	-4.97423	-4.9742	0.000477144	4.75832	4.99316	0.0632847
123201	1.03818	1.06371	0.00129129	1.55119	1.58933	188.923	-6.52531	-6.56353	189.056	-4.97413	-4.9742	0.000474238	5.1464	4.99216	0.0630407
123401	1.07626	1.06366	0.00128171	1.60809	1.58925	187.522	-6.58223	-6.56345	187.655	-4.97414	-4.9742	0.000474726	4.92993	4.9926	0.0625713
123601	1.0875	1.0638	0.00127757	1.62488	1.58947	186.917	-6.59915	-6.56367	187.049	-4.97427	-4.9742	0.000471612	4.84329	4.99167	0.0623258
123801	1.04249	1.06367	0.00128107	1.55763	1.58927	187.428	-6.53181	-6.56347	187.561	-4.97418	-4.9742	0.000469066	5.17994	4.993	0.062632
124001	1.06879	1.06369	0.00127974	1.59693	1.58931	187.235	-6.57097	-6.5635	187.366	-4.97405	-4.97419	0.00047362	4.90268	4.99281	0.0625269
124201	1.06449	1.0638	0.00128995	1.5905	1.58946	188.728	-6.56452	-6.56365	188.856	-4.97403	-4.97419	0.000488194	4.91905	4.99163	0.0630649
124401	1.07541	1.06376	0.00128247	1.60682	1.5894	187.634	-6.58097	-6.5636	187.763	-4.97415	-4.97419	0.000489035	4.88529	4.9916	0.0626642
124601	1.12269	1.06383	0.00128393	1.67745	1.58951	187.847	-6.6517	-6.5637	187.975	-4.97425	-4.97419	0.000489554	4.57568	4.99096	0.0627082
124801	1.04662	1.06382	0.0012844	1.56379	1.58949	187.915	-6.53795	-6.56369	188.044	-4.97416	-4.97419	0.000489012	5.11044	4.99095	0.0627377
125001	1.06532	1.06359	0.00128431	1.59174	1.58915	187.902	-6.56581	-6.56334	188.037	-4.97406	-4.97419	0.000499981	4.93903	4.99238	0.0627045
125201	1.07743	1.06364	0.00127527	1.60984	1.58922	186.579	-6.58402	-6.56341	186.712	-4.97418	-4.97419	0.00050291	4.9226	4.9918	0.0622749
125401	1.05218	1.06352	0.00127083	1.57211	1.58905	185.931	-6.54631	-6.56324	186.063	-4.9742	-4.97419	0.000500402	5.0696	4.9924	0.061992
125601	1.05284	1.06355	0.00126733	1.57309	1.5891	185.418	-6.54725	-6.56329	185.549	-4.97416	-4.97419	0.000496652	5.05603	4.99214	0.0618338
125801	1.03203	1.06351	0.00126542	1.542	1.58904	185.139	-6.51637	-6.56323	185.267	-4.97438	-4.97419	0.000497979	5.27522	4.99243	0.0617485
126001	1.08359	1.06365	0.00126672	1.61904	1.58924	185.329	-6.59323	-6.56343	185.463	-4.97419	-4.97419	0.000506281	4.82717	4.9916	0.0617423
126201	1.03622	1.06355	0.00126721	1.54826	1.58909	185.401	-6.5223	-6.56328	185.537	-4.97404	-4.97419	0.000504484	5.15941	4.99232	0.0617429
126401	1.09293	1.0634	0.00126689	1.633	1.58887	185.354	-6.60743	-6.56306	185.496	-4.97443	-4.97419	0.000511396	4.85494	4.99344	0.0616663
126601	1.02043	1.06342	0.00126397	1.52467	1.58889	184.926	-6.499	-6.56309	185.07	-4.97433	-4.97419	0.000550312	5.34996	4.99379	0.0615125
126801	1.04098	1.06331	0.00125732	1.55537	1.58874	183.953	-6.52953	-6.56293	184.095	-4.97416	-4.97419	0.000547857	5.13262	4.99463	0.0612343
127001	1.08493	1.06336	0.00125059	1.62104	1.5888	182.969	-6.59528	-6.56299	183.11	-4.97423	-4.97419	0.000546651	4.80086	4.9943	0.060927
127201	1.07072	1.06346	0.00125481	1.59981	1.58895	183.587	-6.57413	-6.56315	183.731	-4.97432	-4.97419	0.000551201	4.98389	4.99328	0.0611537
127401	1.08896	1.06335	0.00124914	1.62706	1.58879	182.757	-6.60119	-6.56299	182.9	-4.97412	-4.97419	0.000548392	4.79051	4.99416	0.0609145
127601	1.05676	1.06338	0.0012492	1.57895	1.58883	182.766	-6.55303	-6.56302	182.907	-4.97408	-4.97419	0.000560241	5.01548	4.99381	0.0608291
127801	1.03827	1.06328	0.0012482	1.55133	1.58869	182.619	-6.52542	-6.56288	182.761	-4.97409	-4.97419	0.000562921	5.16824	4.99466	0.0607878
128001	1.07383	1.06337	0.00124618	1.60446	1.58883	182.323	-6.57856	-6.56302	182.462	-4.9741	-4.97419	0.000568567	4.88119	4.99394	0.0606582
128201	1.11154	1.06334	0.00126293	1.6608	1.58878	184.775	-6.635	-6.56297	184.917	-4.9742	-4.97419	0.000573287	4.67976	4.99398	0.0614755
128401	0.975654	1.06329	0.0012661	1.45776	1.5887	185.239	-6.43196	-6.56289	185.381	-4.97419	-4.97419	0.00056987	5.56806	4.99428	0.0615177
128601	1.02972	1.0633	0.00126806	1.53854	1.58871	185.525	-6.5126	-6.5629	185.667	-4.97406	-4.97419	0.000566967	5.25762	4.99427	0.0616328
128801	1.05762	1.0632	0.00126302	1.58023	1.58857	184.787	-6.55426	-6.56276	184.932	-4.97403	-4.97419	0.000572242	4.98904	4.99491	0.0613686
129001	1.06472	1.0632	0.00125599	1.59084	1.58856	183.76	-6.56499	-6.56275	183.903	-4.97416	-4.97419	0.000574799	5.00492	4.99477	0.0610451
129201	1.05569	1.0632	0.00124858	1.57736	1.58857	182.675	-6.55146	-6.56276	182.816	-4.97411	-4.97419	0.000578566	5.04925	4.99494	0.0607
129401	1.11574	1.06306	0.00124783	1.66707	1.58837	182.565	-6.64129	-6.56255	182.708	-4.97422	-4.97419	0.000576524	4.60167	4.99599	0.060722
129601	1.14597	1.06329	0.00125533	1.71224	1.58871	183.662	-6.68658	-6.5629	183.81	-4.97434	-4.97419	0.000580914	4.36173	4.99429	0.0612007
129801	0.992726	1.06327	0.00125143	1.48327	1.58867	183.092	-6.45744	-6.56286	183.239	-4.97417	-4.97419	0.000578055	5.47924	4.9944	0.0610731
130001	1.05746	1.06337	0.00125829	1.58	1.58883	184.095	-6.55427	-6.56302	184.244	-4.97428	-4.97419	0.000576429	5.0231	4.99363	0.0613264
130201	1.02028	1.0633	0.00126061	1.52444	1.58872	184.435	-6.49868	-6.56291	184.584	-4.97424	-4.97419	0.000574938	5.29754	4.99428	0.0614573
130401	1.11954	1.0634	0.00126364	1.67276	1.58887	184.878	-6.64697	-6.56306	185.026	-4.97421	-4.97419	0.000571694	4.57847	4.99345	0.0615937
130601	1.03585	1.06333	0.00126405	1.5477	1.58876	184.938	-6.52177	-6.56295	185.088	-4.97406	-4.97419	0.000570639	5.14963	4.99406	0.0616347
130801	0.996492	1.06338	0.00126141	1.4889	1.58884	184.552	-6.46297	-6.56303	184.7	-4.97407	-4.97419	0.00057258	5.36161	4.99366	0.06145
131001	1.06868	1.06346	0.00126244	1.59676	1.58895	184.703	-6.57095	-6.56314	184.85	-4.97419	-4.97419	0.000569712	4.94214	4.99294	0.0614581
131201	1.0885	1.06342	0.00126013	1.62638	1.5889	184.364	-6.60055	-6.56309	184.511	-4.97417	-4.97419	0.000567167	4.81897	4.99313	0.061352
131401	0.976113	1.06334	0.00125939	1.45845	1.58878	184.256	-6.43249	-6.56297	184.403	-4.97404	-4.97419	0.000565007	5.61115	4.9938	0.0613846
131601	1.13905	1.06329	0.00126373	1.7019	1.58871	184.892	-6.6761	-6.5629	185.042	-4.97419	-4.97419	0.00056754	4.43509	4.99398	0.061601
131801	1.05937	1.06339	0.00126558	1.58284	1.58886	185.162	-6.557	-6.56304	185.312	-4.97415	-4.97419	0.00056513	5.01004	4.99327	0.0617636
132001	1.05164	1.06338	0.00125938	1.5713	1.58884	184.255	-6.54544	-6.56303	184.404	-4.97415	-4.97419	0.000562328	5.08365	4.99335	0.0614447
132201	1.07316	1.06336	0.00125787	1.60345	1.58882	184.034	-6.57748	-6.563	184.182	-4.97403	-4.97419	0.000561674	4.87432	4.99328	0.0613904
132401	1.10453	1.06343	0.00125329	1.65032	1.58891	183.364	-6.62459	-6.5631	183.513	-4.97427	-4.97419	0.00056456	4.68663	4.99273	0.0612228
132601	1.03933	1.06343	0.00125639	1.55291	1.58891	183.818	-6.52704	-6.5631	183.967	-4.97414	-4.97419	0.000561696	5.14582	4.99276	0.0613765
132801	1.01367	1.06322	0.00126528	1.51456	1.5886	185.119	-6.48863	-6.56279	185.275	-4.97407	-4.97419	0.000568584	5.34848	4.99397	0.0617052
133001	1.00914	1.06343	0.00127153	1.50779	1.58891	186.033	-6.4819	-6.56309	186.187	-4.97411	-4.97418	0.000566456	5.31002	4.99252	0.062004
133201	1.04791	1.06328	0.00126813	1.56572	1.58868	185.535	-6.53977	-6.56287	185.691	-4.97405	-4.97418	0.00056846	5.07738	4.99342	0.0617913
133401	1.07016	1.06324	0.00126559	1.59896	1.58863	185.163	-6.57318	-6.56282	185.321	-4.97422	-4.97418	0.000569218	4.89816	4.99356	0.0616648
133601	1.06761	1.06337	0.00126507	1.59515	1.58882	185.088	-6.56927	-6.56301	185.246	-4.97412	-4.97418	0.000567529	4.93365	4.99255	0.0616763
133801	1.05504	1.06325	0.00126527	1.57638	1.58865	185.117	-6.55059	-6.56283	185.273	-4.97421	-4.97418	0.00056484	5.06367	4.99346	0.0617539
134001	1.09316	1.06328	0.00126494	1.63334	1.58869	185.068	-6.60759	-6.56287	185.224	-4.97425	-4.97418	0.0005623	4.72856	4.99329	0.0617202
134201	1.06578	1.06332	0.00126881	1.59243	1.58876	185.635	-6.56663	-6.56294	185.791	-4.9742	-4.97418	0.000559453	4.95471	4.99287	0.0619609
134401	1.12001	1.06339	0.00126917	1.67346	1.58885	185.687	-6.64779	-6.56304	185.844	-4.97434	-4.97418	0.000558516	4.64655	4.99247	0.061926
134601	1.11833	1.0634	0.00127244	1.67094	1.58887	186.166	-6.64519	-6.56305	186.325	-4.97424	-4.97418	0.000559268	4.60541	4.99241	0.0621089
134801	1.00614	1.06326	0.00128524	1.50331	1.58866	188.039	-6.47733	-6.56285	188.202	-4.97402	-4.97418	0.000561751	5.40889	4.9934	0.0626798
135001	1.07237	1.06331	0.00128408	1.60227	1.58873	187.868	-6.57637	-6.56291	188.032	-4.97411	-4.97418	0.000562235	4.8566	4.99304	0.0626284
135201	1.02136	1.06327	0.00128229	1.52606	1.58867	187.607	-6.50023	-6.56286	187.77	-4.97417	-4.97418	0.000560254	5.27722	4.99329	0.0625125
135401	1.1022	1.06333	0.00128096	1.64685	1.58877	187.412	-6.62094	-6.56295	187.574	-4.97409	-4.97418	0.000559034	4.68143	4.9927	0.0624349
135601	1.03029	1.0634	0.00128464	1.5394	1.58887	187.951	-6.51367	-6.56305	188.113	-4.97427	-4.97418	0.000557688	5.23447	4.99203	0.0626498
135801	1.05369	1.06325	0.00128544	1.57436	1.58864	188.069	-6.54848	-6.56283	188.23	-4.97411	-4.97418	0.000557555	5.02968	4.993	0.0626506
136001	1.08484	1.0633	0.00128022	1.6209	1.58873	187.304	-6.59501	-6.56291	187.464	-4.97411	-4.97418	0.000555339	4.8715	4.99265	0.0623786
136201	1.06276	1.06322	0.00128118	1.58792	1.58859	187.445	-6.56216	-6.56278	187.605	-4.97424	-4.97418	0.000554667	4.96348	4.99317	0.0624036
136401	1.0405	1.0633	0.00127877	1.55465	1.58873	187.092	-6.52907	-6.56291	187.254	-4.97441	-4.97418	0.000563421	5.29793	4.99278	0.0622974
136601	1.04385	1.0633	0.00127348	1.55966	1.58871	186.317	-6.53379	-6.5629	186.478	-4.97412	-4.97418	0.000566304	5.04584	4.993	0.0621087
136801	1.04901	1.06332	0.001269	1.56737	1.58875	185.663	-6.54157	-6.56293	185.823	-4.97421	-4.97418	0.000563626	5.07394	4.99268	0.0619209
137001	1.06684	1.06329	0.0012732	1.59401	1.5887	186.277	-6.5682	-6.56288	186.436	-4.97419	-4.97418	0.000561936	4.9302	4.99295	0.0621053
137201	1.05909	1.06333	0.0012696	1.58243	1.58876	185.751	-6.55665	-6.56294	185.909	-4.97422	-4.97418	0.00055935	4.94899	4.9927	0.0619676
137401	1.1025	1.06334	0.00126774	1.6473	1.58878	185.479	-6.62148	-6.56296	185.637	-4.97418	-4.97418	0.000559897	4.67622	4.99239	0.0619179
137601	1.08696	1.06329	0.00126567	1.62407	1.5887	185.176	-6.59841	-6.56289	185.333	-4.97433	-4.97418	0.000559715	4.85181	4.99274	0.0618393
137801	1.03417	1.06331	0.00126565	1.54519	1.58874	185.172	-6.51922	-6.56292	185.331	-4.97403	-4.97418	0.00056592	5.12392	4.99268	0.0617808
138001	1.01661	1.06332	0.00126221	1.51896	1.58875	184.669	-6.49311	-6.56293	184.828	-4.97415	-4.97418	0.000564668	5.33637	4.99262	0.0616513
138201	1.08991	1.06345	0.00126366	1.62848	1.58895	184.881	-6.60266	-6.56313	185.04	-4.97418	-4.97418	0.000562454	4.83902	4.99176	0.061681
138401	1.12576	1.06331	0.00127038	1.68204	1.58874	185.864	-6.65617	-6.56292	186.02	-4.97413	-4.97418	0.000560748	4.49876	4.99284	0.0621101
138601	1.08024	1.06331	0.00127092	1.61403	1.58873	185.944	-6.58816	-6.56292	186.1	-4.97413	-4.97418	0.000559816	4.84547	4.99259	0.0621283
138801	1.08374	1.0633	0.00126705	1.61927	1.58872	185.377	-6.59341	-6.5629	185.532	-4.97414	-4.97418	0.000557504	4.83346	4.99269	0.0619242
139001	1.02912	1.06314	0.00126863	1.53765	1.58848	185.609	-6.51157	-6.56267	185.768	-4.97392	-4.97418	0.000561418	5.22424	4.99382	0.0620452
139201	1.02601	1.06307	0.00126916	1.53301	1.58838	185.686	-6.50714	-6.56256	185.846	-4.97413	-4.97418	0.000570359	5.28168	4.9942	0.0620243
139401	1.06576	1.06303	0.00127046	1.5924	1.58831	185.877	-6.56651	-6.56249	186.036	-4.97411	-4.97418	0.000569626	4.9388	4.99451	0.0620938
139601	0.986556	1.06303	0.00127531	1.47405	1.58832	186.586	-6.44825	-6.5625	186.745	-4.9742	-4.97418	0.000566976	5.51377	4.99435	0.0623037
139801	0.960141	1.063	0.00128137	1.43459	1.58827	187.473	-6.40876	-6.56245	187.631	-4.97417	-4.97418	0.000565168	5.72645	4.99452	0.0626652
140001	1.00531	1.06303	0.00128754	1.50207	1.58831	188.376	-6.47642	-6.56249	188.533	-4.97434	-4.97418	0.000564447	5.44197	4.99449	0.0629669
140201	1.0914	1.06304	0.00128306	1.63071	1.58833	187.719	-6.60495	-6.56251	187.876	-4.97424	-4.97418	0.000565776	4.76779	4.99438	0.0627542
140401	1.04821	1.06297	0.00128453	1.56617	1.58822	187.935	-6.5404	-6.5624	188.09	-4.97423	-4.97418	0.000568205	5.10502	4.99492	0.062894
140601	1.09199	1.06303	0.00128445	1.63159	1.58832	187.923	-6.60583	-6.5625	188.077	-4.97425	-4.97418	0.000565812	4.75034	4.99441	0.0629244
140801	1.07934	1.06313	0.00129699	1.61269	1.58846	189.758	-6.58691	-6.56265	189.914	-4.97422	-4.97418	0.000565417	4.86496	4.99365	0.0635484
141001	1.09693	1.0632	0.00129845	1.63898	1.58857	189.972	-6.61309	-6.56275	190.128	-4.97411	-4.97418	0.000562879	4.72765	4.99314	0.0635947
141201	1.06585	1.06316	0.00129604	1.59253	1.58851	189.618	-6.56668	-6.56269	189.775	-4.97415	-4.97418	0.000561973	5.04512	4.99332	0.063455
141401	1.0498	1.06306	0.00129204	1.56856	1.58837	189.034	-6.54259	-6.56255	189.191	-4.97404	-4.97418	0.000562259	5.10217	4.99414	0.0633066
141601	1.06172	1.06319	0.00130259	1.58635	1.58856	190.577	-6.56047	-6.56274	190.736	-4.97411	-4.97418	0.000561295	4.99798	4.99322	0.0638081
141801	1.11665	1.06308	0.00130357	1.66844	1.58839	190.72	-6.64255	-6.56258	190.879	-4.97411	-4.97418	0.000559952	4.66233	4.99394	0.0638019
142001	1.13666	1.06316	0.00130596	1.69833	1.58851	191.071	-6.67248	-6.56269	191.227	-4.97415	-4.97418	0.000561766	4.4316	4.99335	0.0639182
142201	1.08026	1.06321	0.00130487	1.61406	1.58858	190.911	-6.58813	-6.56276	191.067	-4.97408	-4.97418	0.000559927	4.92173	4.99293	0.0639086
142401	1.03922	1.06313	0.00130467	1.55274	1.58846	190.882	-6.52675	-6.56264	191.039	-4.974	-4.97418	0.000564911	5.15096	4.99352	0.0639313
142601	1.02469	1.06322	0.0013054	1.53103	1.5886	190.988	-6.50521	-6.56278	191.145	-4.97418	-4.97418	0.000563372	5.22008	4.99287	0.063935
142801	1.01018	1.06323	0.00130637	1.50935	1.58861	191.13	-6.48356	-6.56279	191.287	-4.97421	-4.97418	0.000561013	5.34402	4.99292	0.0639214
143001	1.12217	1.06322	0.0013232	1.67668	1.58859	193.593	-6.65084	-6.56278	193.752	-4.97416	-4.97418	0.000559387	4.53929	4.99289	0.0647154
143201	1.04976	1.06325	0.00131954	1.56849	1.58864	193.058	-6.54267	-6.56282	193.216	-4.97418	-4.97418	0.00055731	5.11819	4.99257	0.0645629
143401	1.13359	1.06316	0.0013201	1.69375	1.58851	193.139	-6.66797	-6.56269	193.295	-4.97422	-4.97418	0.000555266	4.5102	4.99323	0.0645718
143601	1.07695	1.06326	0.00132282	1.60912	1.58866	193.536	-6.58332	-6.56284	193.693	-4.9742	-4.97418	0.000554	4.89497	4.99261	0.0646898
143801	1.0424	1.06313	0.00132229	1.5575	1.58847	193.46	-6.53172	-6.56265	193.619	-4.97422	-4.97418	0.000556537	5.19198	4.99355	0.0646904
144001	1.07857	1.06319	0.00131785	1.61154	1.58856	192.809	-6.58583	-6.56274	192.968	-4.9743	-4.97418	0.000554862	4.88539	4.99306	0.0644837
144201	1.08786	1.06322	0.00131498	1.62542	1.5886	192.389	-6.59957	-6.56278	192.548	-4.97415	-4.97418	0.000554706	4.76469	4.99282	0.0643733
144401	1.01074	1.06322	0.00131189	1.51019	1.5886	191.938	-6.48423	-6.56278	192.097	-4.97404	-4.97418	0.000553149	5.35647	4.99296	0.0642323
144601	1.10121	1.06314	0.00130964	1.64536	1.58848	191.608	-6.61948	-6.56266	191.768	-4.97412	-4.97418	0.000554712	4.74183	4.99357	0.0641203
144801	1.03716	1.06316	0.00130774	1.54967	1.58851	191.331	-6.52373	-6.5627	191.491	-4.97406	-4.97418	0.000560412	5.17099	4.99324	0.0640157
145001	1.11931	1.06308	0.00130609	1.67241	1.5884	191.088	-6.64673	-6.56258	191.249	-4.97432	-4.97418	0.000559484	4.62701	4.99384	0.0639356
145201	1.05554	1.06311	0.00130857	1.57712	1.58844	191.452	-6.55123	-6.56262	191.614	-4.97411	-4.97418	0.000559504	4.95488	4.99354	0.0639576
145401	1.05809	1.0631	0.00130772	1.58093	1.58843	191.328	-6.55498	-6.56261	191.491	-4.97405	-4.97418	0.000559971	4.99126	4.99341	0.0638995
145601	1.1485	1.0631	0.00131351	1.71602	1.58842	192.175	-6.69039	-6.5626	192.339	-4.97437	-4.97418	0.000560529	4.42356	4.99343	0.064156
145801	1.13317	1.06317	0.001315	1.69312	1.58853	192.393	-6.66733	-6.56271	192.559	-4.97421	-4.97418	0.000560203	4.4818	4.9928	0.0642012
146001	0.971111	1.06316	0.00132045	1.45098	1.58851	193.191	-6.42514	-6.56269	193.356	-4.97416	-4.97418	0.000557902	5.5861	4.99275	0.0644388
146201	1.06771	1.06304	0.00131897	1.59532	1.58834	192.973	-6.5694	-6.56252	193.139	-4.97409	-4.97418	0.000557478	4.94362	4.99352	0.0643438
146401	1.05735	1.06309	0.00131702	1.57982	1.58841	192.689	-6.55395	-6.56259	192.853	-4.97413	-4.97418	0.000557163	5.05128	4.99318	0.0642656
146601	1.11414	1.06312	0.00131305	1.66469	1.58845	192.108	-6.63896	-6.56263	192.272	-4.97428	-4.97418	0.000555879	4.69217	4.99299	0.0640585
146801	1.09949	1.06301	0.00131699	1.64279	1.58829	192.684	-6.61697	-6.56247	192.847	-4.97418	-4.97418	0.000553923	4.75624	4.99381	0.0642347
147001	1.10428	1.06306	0.00131724	1.64996	1.58836	192.721	-6.62417	-6.56254	192.884	-4.97422	-4.97418	0.000554955	4.6669	4.99339	0.0642932
147201	1.06705	1.06307	0.00131534	1.59432	1.58837	192.442	-6.56843	-6.56255	192.605	-4.97411	-4.97418	0.000553083	4.91925	4.99317	0.0641694
147401	1.01468	1.06305	0.0013158	1.51608	1.58834	192.51	-6.49026	-6.56252	192.672	-4.97417	-4.97418	0.000551871	5.31656	4.9932	0.0641718
147601	0.994698	1.06304	0.00131197	1.48622	1.58834	191.949	-6.46023	-6.56252	192.111	-4.97401	-4.97418	0.000551739	5.43306	4.99325	0.06398
147801	1.05873	1.06301	0.00131231	1.5819	1.58828	191.999	-6.55622	-6.56246	192.162	-4.97432	-4.97418	0.000554444	5.04475	4.99356	0.0639627
148001	0.968148	1.063	0.00131177	1.44655	1.58828	191.92	-6.42067	-6.56245	192.084	-4.97412	-4.97418	0.000555376	5.70943	4.99364	0.0639666
148201	1.06911	1.06306	0.00131507	1.59739	1.58837	192.403	-6.57163	-6.56255	192.568	-4.97424	-4.97418	0.000554212	4.90408	4.99323	0.064168
148401	1.00497	1.06304	0.00131185	1.50157	1.58833	191.932	-6.47579	-6.56251	192.095	-4.97422	-4.97418	0.000552562	5.36136	4.99347	0.0640138
148601	1.01585	1.063	0.00131033	1.51782	1.58827	191.71	-6.49186	-6.56245	191.875	-4.97404	-4.97418	0.000552469	5.31175	4.99372	0.0639071
148801	1.07607	1.06304	0.00130948	1.6078	1.58833	191.585	-6.5819	-6.56251	191.75	-4.97409	-4.97418	0.000551634	4.85561	4.99341	0.0638775
149001	1.04313	1.06304	0.00131029	1.55858	1.58833	191.704	-6.53273	-6.56251	191.869	-4.97415	-4.97418	0.000550543	5.12622	4.99333	0.0639209
149201	1.08157	1.06305	0.00130755	1.61602	1.58835	191.303	-6.59009	-6.56253	191.468	-4.97408	-4.97418	0.000549816	4.86333	4.99327	0.0637829
149401	1.06596	1.06304	0.00130497	1.59269	1.58833	190.925	-6.56677	-6.56251	191.09	-4.97407	-4.97418	0.000552026	4.95448	4.9932	0.0636274
149601	1.09365	1.06303	0.00130139	1.63406	1.58832	190.401	-6.60824	-6.56249	190.566	-4.97417	-4.97418	0.000553169	4.81891	4.99325	0.0634399
149801	1.0079	1.06301	0.0012989	1.50595	1.58829	190.038	-6.48022	-6.56246	190.202	-4.97428	-4.97418	0.000552061	5.30785	4.99334	0.0633154
150001	1.04792	1.06299	0.0012982	1.56573	1.58826	189.935	-6.53992	-6.56244	190.099	-4.97418	-4.97418	0.000551298	5.0992	4.99338	0.0633029
150201	1.13222	1.06311	0.00129968	1.6917	1.58843	190.151	-6.66591	-6.56261	190.315	-4.97421	-4.97418	0.0005494	4.52275	4.99244	0.0634148
150401	1.06169	1.06307	0.00130517	1.58632	1.58838	190.954	-6.56045	-6.56256	191.118	-4.97414	-4.97418	0.000550612	4.94005	4.99258	0.0636194
150601	1.00452	1.06311	0.00130346	1.50089	1.58843	190.705	-6.47512	-6.56261	190.867	-4.97423	-4.97418	0.000551945	5.37858	4.99228	0.063542
150801	1.10392	1.06298	0.00130521	1.64942	1.58824	190.961	-6.62352	-6.56242	191.123	-4.9741	-4.97418	0.0005511	4.6527	4.99314	0.0636446
151001	1.0796	1.06308	0.00130411	1.61307	1.5884	190.799	-6.5871	-6.56258	190.96	-4.97404	-4.97418	0.000550696	4.8982	4.99232	0.0636313
151201	1.05062	1.06295	0.00130839	1.56978	1.5882	191.426	-6.54397	-6.56238	191.59	-4.97419	-4.97418	0.0005517	5.11628	4.99325	0.0638258
151401	1.04923	1.06297	0.00130491	1.5677	1.58823	190.917	-6.54177	-6.56241	191.081	-4.97407	-4.97418	0.000550011	5.07068	4.99323	0.063653
151601	1.0249	1.063	0.00130273	1.53134	1.58827	190.597	-6.50554	-6.56245	190.761	-4.97421	-4.97418	0.000548391	5.29191	4.99302	0.0635669
151801	1.10729	1.06305	0.00130075	1.65444	1.58834	190.308	-6.62851	-6.56252	190.47	-4.97407	-4.97418	0.000547822	4.66203	4.99265	0.0634827
152001	1.04241	1.06305	0.00130204	1.5575	1.58834	190.497	-6.53166	-6.56252	190.661	-4.97416	-4.97418	0.000547492	5.14998	4.99253	0.0635018
152201	1.12529	1.06299	0.00130091	1.68134	1.58825	190.331	-6.65548	-6.56243	190.495	-4.97414	-4.97418	0.000546635	4.49526	4.99302	0.063473
152401	1.04995	1.06297	0.00130842	1.56877	1.58823	191.43	-6.54287	-6.5624	191.597	-4.97411	-4.97418	0.000551223	5.11167	4.9931	0.0639318
152601	1.0313	1.06303	0.00130938	1.54091	1.58831	191.57	-6.51509	-6.56249	191.736	-4.97418	-4.97418	0.000549813	5.20026	4.99269	0.0639572
152801	1.01818	1.06301	0.00130766	1.52131	1.58828	191.319	-6.49543	-6.56246	191.484	-4.97411	-4.97418	0.00055124	5.28637	4.9927	0.0638907
153001	1.09572	1.06301	0.00130573	1.63717	1.58828	191.037	-6.61135	-6.56246	191.202	-4.97418	-4.97418	0.000549402	4.74671	4.99265	0.0637881
153201	1.08173	1.063	0.00130519	1.61626	1.58827	190.957	-6.59057	-6.56245	191.122	-4.97431	-4.97418	0.000548746	4.84911	4.99269	0.063757
153401	1.01573	1.06307	0.00130781	1.51765	1.58837	191.341	-6.49176	-6.56255	191.506	-4.97411	-4.97418	0.000548858	5.27757	4.99228	0.0638368
153601	1.03855	1.063	0.00130469	1.55174	1.58828	190.885	-6.52569	-6.56245	191.051	-4.97395	-4.97418	0.000552821	5.14301	4.99272	0.0636746
153801	1.07313	1.06296	0.00130437	1.60341	1.58821	190.837	-6.57759	-6.56239	191.005	-4.97418	-4.97417	0.000554643	4.85428	4.99293	0.0636453
154001	1.02285	1.06303	0.00130457	1.52828	1.58831	190.866	-6.50248	-6.56249	191.034	-4.9742	-4.97417	0.000553257	5.27216	4.99236	0.0636845
154201	1.16164	1.06302	0.00130767	1.73565	1.58829	191.32	-6.70993	-6.56247	191.487	-4.97428	-4.97417	0.000551808	4.35036	4.99247	0.0637906
154401	0.990987	1.063	0.00131275	1.48067	1.58827	192.064	-6.45494	-6.56244	192.231	-4.97426	-4.97417	0.000551493	5.53177	4.99269	0.0640268
154601	1.12203	1.06296	0.00131425	1.67647	1.5882	192.283	-6.65075	-6.56238	192.449	-4.97429	-4.97418	0.000550577	4.57645	4.99315	0.0641628
154801	1.07684	1.06304	0.00131659	1.60895	1.58833	192.625	-6.58305	-6.56251	192.79	-4.9741	-4.97418	0.000549527	4.86608	4.99251	0.0643132
155001	1.06444	1.06296	0.00131873	1.59043	1.58822	192.939	-6.56481	-6.56239	193.103	-4.97438	-4.97418	0.000549954	5.032	4.993	0.0644001
155201	1.0568	1.06294	0.00132114	1.57901	1.58818	193.291	-6.55339	-6.56235	193.453	-4.97438	-4.97418	0.000573824	5.15629	4.99343	0.0645151
155401	1.06813	1.063	0.00132509	1.59594	1.58827	193.868	-6.56998	-6.56244	194.03	-4.97404	-4.97418	0.000574622	4.919	4.99305	0.0647758
155601	1.07541	1.06304	0.00132201	1.60682	1.58833	193.419	-6.58103	-6.56251	193.581	-4.97422	-4.97418	0.000573854	4.97904	4.99287	0.0646063
155801	1.09478	1.06298	0.0013203	1.63576	1.58824	193.168	-6.61011	-6.56242	193.33	-4.97435	-4.97418	0.000572845	4.80259	4.99337	0.0645298
156001	1.07955	1.06299	0.00131896	1.613	1.58826	192.971	-6.58721	-6.56244	193.134	-4.97421	-4.97418	0.000572341	4.85752	4.99342	0.0644905
156201	1.08307	1.06307	0.0013171	1.61826	1.58837	192.7	-6.59231	-6.56255	192.863	-4.97405	-4.97418	0.000570975	4.83698	4.9929	0.0644009
156401	1.07802	1.063	0.00131433	1.61071	1.58828	192.295	-6.58481	-6.56245	192.458	-4.9741	-4.97418	0.000574276	4.9083	4.99336	0.0642855
156601	1.10579	1.06298	0.00131199	1.65221	1.58824	191.952	-6.62648	-6.56242	192.115	-4.97427	-4.97418	0.000572528	4.7276	4.99344	0.064145
156801	1.07744	1.06299	0.00130982	1.60984	1.58826	191.636	-6.58435	-6.56244	191.798	-4.9745	-4.97418	0.000579885	4.93701	4.99358	0.0640286
157001	1.05886	1.06297	0.00131	1.58208	1.58822	191.662	-6.55625	-6.5624	191.826	-4.97417	-4.97418	0.000582605	5.02439	4.99385	0.0640106
157201	1.06274	1.06304	0.00131081	1.58789	1.58833	191.779	-6.56223	-6.56251	191.945	-4.97434	-4.97418	0.000586736	5.05898	4.99348	0.0640045
157401	1.16422	1.06307	0.00132062	1.7395	1.58838	193.215	-6.71372	-6.56256	193.379	-4.97421	-4.97418	0.000590636	4.25652	4.9933	0.0644919
157601	1.02981	1.06305	0.00132431	1.53867	1.58835	193.755	-6.51272	-6.56253	193.919	-4.97405	-4.97418	0.000589435	5.18615	4.9934	0.0646618
157801	1.10346	1.063	0.00132307	1.64872	1.58827	193.573	-6.62296	-6.56245	193.738	-4.97424	-4.97418	0.000591032	4.72298	4.99363	0.064531
158001	1.06845	1.06299	0.00132024	1.59642	1.58826	193.159	-6.57054	-6.56244	193.324	-4.97413	-4.97418	0.000591655	4.99444	4.99369	0.0643852
158201	1.08693	1.06303	0.00131865	1.62403	1.58831	192.927	-6.59821	-6.56249	193.091	-4.97418	-4.97418	0.000589904	4.87456	4.99346	0.0642925
158401	1.04418	1.06302	0.00131662	1.56015	1.5883	192.63	-6.53432	-6.56248	192.795	-4.97418	-4.97418	0.00058866	5.0522	4.99347	0.0641878
158601	1.0877	1.06307	0.00131515	1.62517	1.58838	192.415	-6.59941	-6.56256	192.579	-4.97423	-4.97418	0.000586737	4.80791	4.99299	0.0641304
158801	1.02362	1.06304	0.00131339	1.52943	1.58833	192.158	-6.50357	-6.5625	192.322	-4.97414	-4.97418	0.000585272	5.2538	4.99316	0.0640316
159001	1.06536	1.06302	0.00131155	1.5918	1.58829	191.888	-6.56593	-6.56247	192.052	-4.97412	-4.97418	0.000583651	4.97096	4.99335	0.0639437
159201	1.02149	1.06309	0.0013115	1.52626	1.58841	191.88	-6.50025	-6.56258	192.044	-4.97399	-4.97418	0.00058317	5.25259	4.99273	0.0639622
159401	1.13032	1.06303	0.00131692	1.68885	1.58832	192.673	-6.66298	-6.56249	192.839	-4.97413	-4.97418	0.000587914	4.48807	4.9931	0.0642477
159601	1.0956	1.06303	0.00131483	1.63698	1.58832	192.367	-6.61121	-6.56249	192.532	-4.97423	-4.97418	0.000586581	4.79767	4.99319	0.0641386
159801	1.04844	1.06301	0.00131294	1.56651	1.58828	192.092	-6.54076	-6.56246	192.256	-4.97425	-4.97418	0.000585234	5.04872	4.99332	0.0640275
160001	1.12139	1.063	0.00131831	1.67552	1.58827	192.878	-6.64978	-6.56245	193.042	-4.97426	-4.97418	0.000583885	4.57696	4.99333	0.0642913
160201	1.02499	1.063	0.00132026	1.53148	1.58827	193.163	-6.50563	-6.56245	193.327	-4.97415	-4.97418	0.000582116	5.24983	4.99328	0.0643711
160401	1.06615	1.06304	0.00131786	1.59298	1.58834	192.812	-6.56733	-6.56251	192.976	-4.97435	-4.97418	0.000581861	5.02716	4.99294	0.0642591
160601	1.14083	1.06301	0.00132101	1.70456	1.58829	193.271	-6.67882	-6.56247	193.434	-4.97426	-4.97418	0.000582581	4.44461	4.99324	0.0644401
160801	1.01743	1.063	0.00132255	1.52019	1.58827	193.497	-6.49434	-6.56244	193.66	-4.97415	-4.97418	0.000581251	5.29015	4.99328	0.064498
161001	1.09726	1.06301	0.00132122	1.63946	1.58829	193.303	-6.61353	-6.56246	193.466	-4.97406	-4.97418	0.000580055	4.76799	4.9932	0.0644388
161201	1.08949	1.06298	0.00132032	1.62785	1.58824	193.171	-6.60201	-6.56242	193.334	-4.97415	-4.97418	0.000580133	4.80539	4.99338	0.0643942
161401	1.03657	1.06301	0.00131822	1.54879	1.58829	192.864	-6.52295	-6.56247	193.027	-4.97416	-4.97418	0.000579056	5.19669	4.99314	0.0642905
161601	1.07817	1.06299	0.00132164	1.61094	1.58826	193.364	-6.58503	-6.56243	193.527	-4.97409	-4.97418	0.000578421	4.92738	4.99337	0.0644245
161801	1.06947	1.06302	0.00132273	1.59794	1.58831	193.523	-6.57215	-6.56248	193.687	-4.97421	-4.97418	0.000577391	4.91717	4.99315	0.064505
162001	1.05004	1.06307	0.00132205	1.56891	1.58838	193.424	-6.54302	-6.56256	193.587	-4.97411	-4.97418	0.000576013	5.04568	4.99266	0.0644768
162201	1.03558	1.06305	0.00132093	1.54731	1.58835	193.261	-6.52132	-6.56253	193.423	-4.97401	-4.97418	0.000576776	5.18559	4.99277	0.0644267
162401	1.12608	1.063	0.00132174	1.68252	1.58828	193.379	-6.65669	-6.56245	193.543	-4.97416	-4.97418	0.000577307	4.5623	4.99308	0.0644546
162601	1.03264	1.06307	0.00132379	1.5429	1.58838	193.679	-6.51691	-6.56256	193.842	-4.97401	-4.97418	0.000576448	5.15414	4.99267	0.0645602
162801	1.02887	1.06303	0.00132197	1.53728	1.58832	193.413	-6.51157	-6.56249	193.577	-4.97429	-4.97418	0.000578478	5.22571	4.99286	0.0644574
163001	1.07993	1.06305	0.00132019	1.61356	1.58834	193.152	-6.58782	-6.56252	193.316	-4.97426	-4.97418	0.000577797	4.82021	4.99266	0.0643642
163201	0.99648	1.06308	0.00131941	1.48888	1.58839	193.038	-6.46299	-6.56257	193.202	-4.97411	-4.97418	0.000576357	5.52255	4.99251	0.0643599
163401	1.0719	1.063	0.00131985	1.60157	1.58827	193.103	-6.57561	-6.56245	193.268	-4.97405	-4.97418	0.000576124	4.93467	4.99319	0.0644362
163601	1.09466	1.06297	0.00131898	1.63557	1.58822	192.975	-6.60978	-6.5624	193.141	-4.97421	-4.97418	0.000575544	4.76517	4.99331	0.0643837
163801	0.94219	1.063	0.00132409	1.40776	1.58827	193.723	-6.38179	-6.56245	193.891	-4.97403	-4.97418	0.000575807	5.83678	4.99312	0.0646542
164001	1.09555	1.06283	0.00133605	1.6369	1.58802	195.473	-6.61122	-6.56219	195.645	-4.97432	-4.97418	0.000577511	4.81075	4.9944	0.0652568
164201	1.06778	1.06291	0.00133524	1.59541	1.58814	195.353	-6.56958	-6.56231	195.526	-4.97417	-4.97418	0.000577306	4.88406	4.99382	0.0651977
164401	1.06745	1.06289	0.0013329	1.59492	1.5881	195.012	-6.56897	-6.56228	195.185	-4.97405	-4.97418	0.000576544	4.91492	4.99389	0.06509
164601	1.02794	1.0629	0.0013298	1.53589	1.58813	194.558	-6.51007	-6.5623	194.73	-4.97418	-4.97418	0.000575835	5.22743	4.99378	0.0649349
164801	1.0398	1.06285	0.00133737	1.55361	1.58805	195.666	-6.52772	-6.56223	195.838	-4.97411	-4.97418	0.000575607	5.12956	4.99407	0.0653098
165001	1.00073	1.06285	0.00133739	1.49523	1.58805	195.668	-6.46935	-6.56223	195.841	-4.97412	-4.97418	0.000574341	5.48062	4.99415	0.0653403
165201	1.1267	1.06283	0.00134026	1.68345	1.58802	196.088	-6.65766	-6.56219	196.262	-4.97421	-4.97418	0.000573743	4.49566	4.99423	0.0655102
165401	1.05232	1.06287	0.00134004	1.57232	1.58808	196.056	-6.54651	-6.56225	196.23	-4.97419	-4.97418	0.000572592	5.04208	4.99386	0.0655052
165601	1.06649	1.06289	0.00133687	1.59348	1.5881	195.592	-6.56768	-6.56228	195.765	-4.9742	-4.97418	0.000573056	4.97276	4.99377	0.0653522
165801	1.06305	1.06285	0.00133628	1.58835	1.58805	195.506	-6.56246	-6.56222	195.679	-4.97411	-4.97418	0.000572149	5.00239	4.9941	0.0653259
166001	1.09724	1.06287	0.00133576	1.63943	1.58807	195.43	-6.61363	-6.56225	195.603	-4.9742	-4.97418	0.000570775	4.74174	4.9939	0.0652902
166201	1.04687	1.06289	0.00133299	1.56416	1.58811	195.025	-6.53816	-6.56228	195.198	-4.97399	-4.97417	0.000572089	5.04996	4.99366	0.0651636
166401	1.03756	1.0628	0.00133324	1.55026	1.58798	195.062	-6.52431	-6.56215	195.237	-4.97405	-4.97417	0.000576385	5.17561	4.99415	0.0651228
166601	1.02951	1.06278	0.00133544	1.53823	1.58794	195.383	-6.5122	-6.56211	195.559	-4.97397	-4.97417	0.000577388	5.20242	4.99434	0.0652381
166801	1.12168	1.06281	0.00133424	1.67595	1.58798	195.208	-6.65008	-6.56216	195.383	-4.97413	-4.97417	0.000576801	4.58974	4.99404	0.0651893
167001	1.07847	1.06281	0.00133295	1.61138	1.58798	195.02	-6.58539	-6.56216	195.194	-4.974	-4.97417	0.000578187	4.86759	4.99408	0.0651113
167201	1.02514	1.06268	0.00133856	1.53171	1.58779	195.84	-6.50579	-6.56196	196.017	-4.97408	-4.97417	0.00057879	5.31578	4.99502	0.0653791
167401	1.08659	1.06274	0.00133763	1.62352	1.58789	195.703	-6.59767	-6.56206	195.881	-4.97415	-4.97417	0.000579278	4.84074	4.9946	0.0653282
167601	1.08469	1.06273	0.00133669	1.62068	1.58786	195.567	-6.59479	-6.56204	195.744	-4.97411	-4.97417	0.000578052	4.87236	4.99466	0.0652823
167801	1.03951	1.06273	0.00133313	1.55317	1.58786	195.046	-6.52744	-6.56204	195.222	-4.97427	-4.97417	0.000577219	5.13544	4.99462	0.0651046
168001	1.09841	1.06275	0.0013321	1.64118	1.5879	194.895	-6.61568	-6.56208	195.073	-4.97451	-4.97417	0.000592248	4.81777	4.99455	0.0650351
168201	1.10368	1.06282	0.00133385	1.64905	1.58801	195.15	-6.62328	-6.56218	195.329	-4.97423	-4.97417	0.000594257	4.77564	4.99406	0.0650977
168401	1.02805	1.06278	0.00133179	1.53605	1.58795	194.849	-6.51017	-6.56212	195.027	-4.97412	-4.97417	0.000592885	5.19802	4.99434	0.0650125
168601	1.05108	1.0628	0.001331	1.57046	1.58797	194.734	-6.54483	-6.56214	194.912	-4.97437	-4.97417	0.000592597	5.17198	4.99439	0.0649566
168801	1.05565	1.06277	0.0013324	1.5773	1.58793	194.939	-6.55146	-6.5621	195.115	-4.97417	-4.97417	0.00059462	5.07625	4.99464	0.0650699
169001	1.05599	1.06277	0.00132908	1.57779	1.58792	194.453	-6.55197	-6.5621	194.629	-4.97417	-4.97417	0.000593504	5.04876	4.99461	0.0649153
169201	1.07138	1.0628	0.00132745	1.60079	1.58797	194.214	-6.57496	-6.56214	194.389	-4.97417	-4.97417	0.000592615	4.94828	4.99442	0.0648257
169401	1.04027	1.0628	0.00132627	1.55431	1.58797	194.042	-6.52871	-6.56214	194.217	-4.97439	-4.97417	0.000593292	5.13531	4.99437	0.0647583
169601	1.03761	1.06281	0.00132354	1.55033	1.58799	193.642	-6.52444	-6.56216	193.815	-4.97411	-4.97417	0.00059643	5.15862	4.99427	0.0646152
169801	1.09034	1.06277	0.00132213	1.62912	1.58793	193.436	-6.60348	-6.56211	193.609	-4.97436	-4.97418	0.000598997	4.88448	4.99464	0.0645439
170001	1.10875	1.0628	0.00131934	1.65663	1.58798	193.027	-6.63086	-6.56215	193.2	-4.97423	-4.97418	0.000598745	4.69503	4.99447	0.0644111
170201	1.04758	1.06286	0.00132066	1.56523	1.58806	193.221	-6.53938	-6.56223	193.395	-4.97415	-4.97418	0.000597284	5.13168	4.99416	0.0644658
170401	1.07414	1.06276	0.00132987	1.60492	1.58791	194.569	-6.57901	-6.56208	194.745	-4.97409	-4.97418	0.000599075	4.90348	4.99484	0.0648246
170601	0.953511	1.06276	0.00133402	1.42468	1.58791	195.175	-6.39878	-6.56209	195.351	-4.9741	-4.97417	0.000599337	5.82111	4.99482	0.0650988
170801	1.04535	1.06274	0.00133746	1.5619	1.58788	195.678	-6.5361	-6.56205	195.854	-4.9742	-4.97417	0.000598465	5.19538	4.99508	0.0653196
171001	1.0421	1.06273	0.00133535	1.55704	1.58787	195.37	-6.5312	-6.56205	195.546	-4.97416	-4.97417	0.000597876	5.11385	4.99516	0.0652372
171201	1.05599	1.06275	0.00133458	1.5778	1.58789	195.257	-6.55188	-6.56207	195.432	-4.97408	-4.97417	0.000596472	5.02153	4.99505	0.0651755
171401	1.02691	1.06266	0.00133416	1.53435	1.58777	195.196	-6.50851	-6.56194	195.371	-4.97416	-4.97417	0.000595832	5.24298	4.99564	0.0651552
171601	1.074	1.06271	0.00133439	1.60471	1.58783	195.229	-6.57888	-6.56201	195.404	-4.97417	-4.97417	0.000594224	4.91206	4.99531	0.0651775
171801	1.00667	1.06276	0.0013348	1.5041	1.58791	195.289	-6.47821	-6.56208	195.464	-4.97411	-4.97417	0.000594738	5.35571	4.9949	0.0652196
172001	1.08661	1.0627	0.00133512	1.62355	1.58782	195.336	-6.59779	-6.562	195.512	-4.97424	-4.97417	0.000593907	4.81116	4.99528	0.0651983
172201	1.09449	1.06274	0.00133358	1.63532	1.58789	195.111	-6.60943	-6.56206	195.286	-4.97411	-4.97417	0.000592735	4.74483	4.99486	0.0651413
172401	1.06039	1.06279	0.00133354	1.58438	1.58796	195.105	-6.55858	-6.56213	195.279	-4.9742	-4.97417	0.000591277	4.99186	4.99453	0.0651649
172601	1.04644	1.06279	0.00133085	1.56353	1.58796	194.712	-6.53784	-6.56213	194.886	-4.97431	-4.97417	0.000592695	5.08468	4.99446	0.0650351
172801	1.11774	1.06281	0.00132947	1.67006	1.58799	194.509	-6.64425	-6.56217	194.683	-4.97419	-4.97417	0.000593279	4.57828	4.99428	0.0649791
173001	1.03781	1.0628	0.00132852	1.55063	1.58797	194.37	-6.52475	-6.56214	194.544	-4.97411	-4.97417	0.000591835	5.20585	4.99443	0.0649399
173201	1.0165	1.06279	0.00132591	1.51879	1.58795	193.988	-6.49293	-6.56213	194.162	-4.97414	-4.97417	0.000593322	5.31884	4.99455	0.0648161
173401	1.05704	1.06277	0.00132414	1.57936	1.58793	193.73	-6.55344	-6.5621	193.903	-4.97407	-4.97417	0.000593129	4.98102	4.9946	0.064725
173601	1.14127	1.06284	0.00133166	1.70522	1.58803	194.83	-6.67944	-6.56221	195.003	-4.97422	-4.97417	0.000592088	4.44377	4.994	0.0650997
173801	1.00245	1.06282	0.00133517	1.4978	1.58801	195.343	-6.47189	-6.56218	195.516	-4.97409	-4.97417	0.000592519	5.44512	4.99418	0.065301
174001	1.05301	1.06277	0.00133359	1.57334	1.58793	195.112	-6.54742	-6.5621	195.285	-4.97408	-4.97417	0.00059129	5.08935	4.99458	0.065243
174201	1.08332	1.06275	0.00133362	1.61864	1.5879	195.117	-6.59283	-6.56207	195.29	-4.97419	-4.97417	0.000592774	4.84537	4.99472	0.0652468
174401	1.01705	1.06274	0.0013321	1.51962	1.58788	194.895	-6.49385	-6.56206	195.068	-4.97423	-4.97417	0.000592636	5.33836	4.99483	0.0651762
174601	0.99141	1.06275	0.00133191	1.48131	1.58789	194.867	-6.45537	-6.56207	195.04	-4.97406	-4.97417	0.000591765	5.45255	4.99475	0.0651552
174801	1.04768	1.06276	0.00133098	1.56539	1.58792	194.731	-6.53941	-6.56209	194.903	-4.97403	-4.97417	0.000594884	5.07655	4.99454	0.0651265
175001	1.06768	1.06276	0.00133378	1.59527	1.58791	195.14	-6.56936	-6.56208	195.311	-4.97409	-4.97417	0.000594044	4.9587	4.99456	0.0652438
175201	1.05761	1.06271	0.00133389	1.58023	1.58784	195.156	-6.55439	-6.56202	195.328	-4.97416	-4.97417	0.000595133	5.06404	4.99482	0.06527
175401	1.06949	1.06272	0.00133222	1.59797	1.58785	194.912	-6.57211	-6.56202	195.084	-4.97413	-4.97417	0.000593905	4.92027	4.99474	0.0651897
175601	1.08781	1.06273	0.00133129	1.62534	1.58787	194.776	-6.5995	-6.56204	194.948	-4.97415	-4.97417	0.000593429	4.86307	4.99465	0.065121
175801	1.09596	1.06277	0.00133127	1.63751	1.58793	194.773	-6.61179	-6.5621	194.946	-4.97428	-4.97417	0.000592813	4.78051	4.99443	0.0650964
176001	1.09077	1.06279	0.00132909	1.62976	1.58796	194.454	-6.60401	-6.56213	194.627	-4.97424	-4.97417	0.000592016	4.8181	4.99427	0.0649882
176201	1.04887	1.06281	0.00132911	1.56716	1.58798	194.457	-6.54125	-6.56215	194.63	-4.97409	-4.97417	0.000591288	5.11977	4.99422	0.0649899
176401	1.09386	1.06279	0.00133094	1.63438	1.58795	194.725	-6.60878	-6.56212	194.899	-4.97439	-4.97417	0.000592024	4.81999	4.99441	0.0650909
176601	1.08101	1.06283	0.00133007	1.61518	1.58801	194.598	-6.58928	-6.56219	194.771	-4.9741	-4.97417	0.000595255	4.87052	4.99419	0.0650297
176801	1.09308	1.06276	0.00133015	1.63322	1.58791	194.61	-6.60724	-6.56208	194.783	-4.97402	-4.97417	0.000595326	4.73818	4.99463	0.0650203
177001	1.00508	1.06273	0.00132889	1.50173	1.58786	194.426	-6.47592	-6.56203	194.599	-4.97418	-4.97417	0.000594964	5.42506	4.99488	0.0649828
177201	1.09122	1.06273	0.0013294	1.63044	1.58787	194.499	-6.6046	-6.56204	194.672	-4.97416	-4.97417	0.000595143	4.73184	4.99481	0.0650261
177401	1.08154	1.0627	0.00133036	1.61598	1.58783	194.64	-6.59024	-6.562	194.812	-4.97426	-4.97417	0.000594823	4.91533	4.995	0.0651096
177601	1.14215	1.06267	0.00133134	1.70653	1.58778	194.783	-6.68071	-6.56195	194.954	-4.97418	-4.97417	0.000594082	4.44678	4.99527	0.0651662
177801	1.10866	1.06275	0.00133127	1.65649	1.5879	194.773	-6.63091	-6.56207	194.946	-4.97442	-4.97417	0.000596661	4.75107	4.99472	0.0651656
178001	0.995858	1.06277	0.00133328	1.48795	1.58793	195.068	-6.46205	-6.5621	195.242	-4.9741	-4.97417	0.000597606	5.40288	4.99459	0.0652003
178201	1.00051	1.0627	0.00133367	1.4949	1.58782	195.125	-6.46919	-6.562	195.299	-4.97428	-4.97417	0.000597002	5.51146	4.99517	0.0652576
178401	1.12876	1.06271	0.00134059	1.68653	1.58784	196.137	-6.66078	-6.56201	196.311	-4.97425	-4.97417	0.000596211	4.5372	4.9952	0.0656886
178601	0.997967	1.06271	0.00134032	1.4911	1.58784	196.097	-6.46536	-6.56201	196.27	-4.97425	-4.97417	0.000595299	5.44903	4.99524	0.0656693
178801	1.03228	1.06272	0.00134035	1.54237	1.58786	196.102	-6.51635	-6.56203	196.275	-4.97397	-4.97417	0.000595253	5.21784	4.99514	0.0656869
179001	1.05009	1.06267	0.00133965	1.56898	1.58777	195.998	-6.54308	-6.56195	196.172	-4.9741	-4.97417	0.000598305	5.09999	4.99553	0.0656636
179201	1.05068	1.0627	0.0013421	1.56987	1.58782	196.357	-6.54401	-6.562	196.531	-4.97414	-4.97417	0.00059693	5.04955	4.99525	0.065779
179401	1.11737	1.06275	0.00134349	1.66951	1.58789	196.561	-6.64373	-6.56207	196.735	-4.97422	-4.97417	0.000596116	4.63097	4.99488	0.0658323
179601	1.06603	1.06266	0.00135006	1.5928	1.58777	197.522	-6.56686	-6.56194	197.701	-4.97407	-4.97417	0.000599579	5.01149	4.99543	0.0661046
179801	1.03629	1.06267	0.00134974	1.54836	1.58779	197.475	-6.52244	-6.56196	197.653	-4.97408	-4.97417	0.000598709	5.23499	4.99543	0.0660574
180001	1.08346	1.06268	0.00134891	1.61884	1.58779	197.353	-6.59295	-6.56196	197.532	-4.97411	-4.97417	0.000598208	4.88113	4.99543	0.0660266
180201	1.0482	1.06264	0.00134785	1.56615	1.58774	197.199	-6.54026	-6.56191	197.377	-4.97411	-4.97417	0.000598195	5.09504	4.99562	0.0659789
180401	1.12361	1.0627	0.00134697	1.67883	1.58783	197.07	-6.65308	-6.562	197.249	-4.97425	-4.97417	0.00059723	4.61083	4.99518	0.065923
180601	1.12502	1.0627	0.00134762	1.68094	1.58782	197.165	-6.65513	-6.562	197.345	-4.97419	-4.97417	0.00059654	4.59039	4.99528	0.0659519
180801	1.02163	1.06264	0.00134796	1.52646	1.58773	197.215	-6.50067	-6.5619	197.394	-4.97421	-4.97417	0.000595484	5.23562	4.99572	0.0659568
181001	1.03828	1.06269	0.00135213	1.55134	1.58781	197.826	-6.52546	-6.56199	198.005	-4.97412	-4.97417	0.000594565	5.20055	4.9953	0.0661473
181201	1.05296	1.06269	0.00135126	1.57326	1.5878	197.697	-6.54743	-6.56198	197.877	-4.97417	-4.97417	0.000593729	5.03441	4.9953	0.0661121
181401	1.10032	1.06271	0.00134883	1.64404	1.58784	197.342	-6.61815	-6.56202	197.521	-4.97411	-4.97417	0.000593289	4.76042	4.99503	0.0660024
181601	1.0642	1.06269	0.001348	1.59006	1.58781	197.22	-6.56412	-6.56198	197.4	-4.97406	-4.97417	0.000593548	4.94063	4.99519	0.0659604
181801	1.05312	1.06267	0.00134609	1.57351	1.58778	196.941	-6.54771	-6.56195	197.12	-4.9742	-4.97417	0.000593525	5.07416	4.99522	0.0658466
182001	1.0292	1.06267	0.00134944	1.53777	1.58777	197.431	-6.51178	-6.56194	197.611	-4.97401	-4.97417	0.000593507	5.18536	4.99525	0.0659868
182201	1.04475	1.06261	0.00134774	1.561	1.58769	197.182	-6.53526	-6.56187	197.362	-4.97427	-4.97417	0.000593887	5.112	4.99552	0.0658831
182401	1.04714	1.06265	0.00134827	1.56457	1.58775	197.26	-6.53863	-6.56192	197.439	-4.97406	-4.97417	0.000593527	5.11391	4.99521	0.0659384
182601	1.00993	1.06265	0.00134645	1.50898	1.58775	196.993	-6.48313	-6.56192	197.172	-4.97415	-4.97417	0.000592649	5.34208	4.99517	0.0658594
182801	1.06886	1.06263	0.00134471	1.59703	1.58771	196.74	-6.57123	-6.56189	196.918	-4.9742	-4.97417	0.00059148	4.91301	4.99539	0.0657944
183001	1.08107	1.06265	0.00134419	1.61527	1.58775	196.664	-6.58951	-6.56192	196.842	-4.97424	-4.97417	0.000590388	4.89713	4.99517	0.0657692
183201	1.02561	1.06264	0.00134752	1.53241	1.58774	197.151	-6.50649	-6.56191	197.328	-4.97408	-4.97417	0.000589995	5.25765	4.99513	0.0659512
183401	1.04583	1.06264	0.00134557	1.56262	1.58773	196.866	-6.53671	-6.5619	197.043	-4.97409	-4.97417	0.000590534	5.11035	4.99516	0.0658484
183601	1.05566	1.06267	0.00134402	1.5773	1.58778	196.638	-6.55167	-6.56195	196.816	-4.97437	-4.97417	0.000592927	5.11341	4.99495	0.0657705
183801	1.07183	1.06268	0.00134296	1.60147	1.58779	196.484	-6.57576	-6.56197	196.661	-4.97428	-4.97417	0.000594387	4.92916	4.99491	0.0657159
184001	1.06398	1.06269	0.00133993	1.58974	1.58781	196.04	-6.56381	-6.56199	196.218	-4.97408	-4.97417	0.000595381	5.02333	4.99485	0.0655687
184201	1.03583	1.06268	0.00133748	1.54767	1.58779	195.681	-6.52184	-6.56196	195.858	-4.97417	-4.97417	0.000594224	5.22909	4.99506	0.0654605
184401	1.07066	1.06266	0.00133571	1.59972	1.58776	195.422	-6.57389	-6.56193	195.599	-4.97417	-4.97417	0.00059319	4.99843	4.99525	0.0653798
184601	1.11495	1.06261	0.00133785	1.66589	1.58769	195.736	-6.64009	-6.56187	195.913	-4.97421	-4.97417	0.0005919	4.61778	4.99553	0.0654995
184801	1.04736	1.06265	0.00133761	1.56491	1.58775	195.701	-6.539	-6.56192	195.878	-4.97409	-4.97417	0.000590864	5.1152	4.99531	0.0654828
185001	1.06106	1.06265	0.00133508	1.58537	1.58775	195.331	-6.55951	-6.56192	195.507	-4.97414	-4.97417	0.000590022	5.00886	4.99533	0.0653545
185201	1.0228	1.06262	0.00133358	1.52821	1.58771	195.111	-6.50243	-6.56188	195.287	-4.97422	-4.97417	0.000589281	5.28078	4.99552	0.0652708
185401	1.11348	1.06267	0.00133465	1.6637	1.58778	195.267	-6.63793	-6.56195	195.443	-4.97423	-4.97417	0.000588321	4.65313	4.99518	0.065333
185601	1.03781	1.06268	0.00133269	1.55063	1.58779	194.981	-6.52459	-6.56196	195.157	-4.97396	-4.97417	0.000588959	5.12657	4.99509	0.0652416
185801	1.04812	1.06268	0.00133034	1.56604	1.58779	194.637	-6.54002	-6.56196	194.813	-4.97398	-4.97417	0.000590174	5.10789	4.99503	0.0651263
186001	1.01683	1.06259	0.00133231	1.51929	1.58766	194.926	-6.49331	-6.56183	195.105	-4.97402	-4.97417	0.000595475	5.32257	4.99563	0.0652243
186201	1.05211	1.06263	0.00133206	1.572	1.58772	194.889	-6.54626	-6.56189	195.067	-4.97427	-4.97417	0.000594912	5.05189	4.99523	0.0652381
186401	0.998749	1.06258	0.001335	1.49227	1.58765	195.319	-6.46632	-6.56182	195.498	-4.97405	-4.97417	0.000595299	5.40973	4.99556	0.0653591
186601	1.06773	1.06257	0.00133585	1.59534	1.58762	195.443	-6.5695	-6.56179	195.622	-4.97416	-4.97417	0.000594775	5.01839	4.99567	0.0654008
186801	1.05603	1.06261	0.00133446	1.57786	1.58769	195.239	-6.55192	-6.56186	195.418	-4.97406	-4.97417	0.00059417	5.00775	4.99539	0.0653101
187001	1.02846	1.06258	0.00133208	1.53666	1.58765	194.892	-6.5107	-6.56182	195.071	-4.97404	-4.97417	0.000594403	5.24321	4.99556	0.065186
187201	1.07306	1.0626	0.00133185	1.6033	1.58768	194.858	-6.57752	-6.56185	195.037	-4.97421	-4.97417	0.000593891	4.88399	4.99544	0.0651526
187401	1.03364	1.06264	0.00133252	1.5444	1.58773	194.957	-6.51855	-6.5619	195.136	-4.97415	-4.97417	0.000593305	5.17128	4.99519	0.0651922
187601	0.985534	1.06264	0.0013375	1.47253	1.58773	195.685	-6.44658	-6.5619	195.865	-4.97405	-4.97417	0.000592413	5.53723	4.99518	0.0654341
187801	1.03349	1.06253	0.00134157	1.54418	1.58756	196.28	-6.51825	-6.56173	196.462	-4.97406	-4.97417	0.00059418	5.18582	4.99604	0.0656934
188001	1.14047	1.06256	0.00134123	1.70402	1.58762	196.231	-6.67836	-6.56179	196.413	-4.97434	-4.97417	0.000593578	4.45553	4.99573	0.0656994
188201	1.08444	1.06259	0.00134321	1.6203	1.58766	196.52	-6.59458	-6.56183	196.703	-4.97428	-4.97417	0.000596015	4.85789	4.99553	0.0658
188401	1.02191	1.06258	0.00134116	1.52687	1.58765	196.221	-6.50102	-6.56182	196.404	-4.97415	-4.97417	0.00059491	5.279	4.99562	0.0656917
188601	1.05217	1.0626	0.00133943	1.57209	1.58768	195.967	-6.54623	-6.56185	196.15	-4.97413	-4.97417	0.000594408	5.12114	4.99549	0.0656194
188801	1.10348	1.06256	0.00133882	1.64876	1.58762	195.877	-6.62281	-6.56179	196.061	-4.97405	-4.97417	0.000595519	4.68779	4.9958	0.0655909
189001	1.02849	1.06257	0.00133701	1.53671	1.58763	195.613	-6.51106	-6.5618	195.796	-4.97435	-4.97417	0.000595674	5.23493	4.99572	0.0655134
189201	1.10062	1.06259	0.0013387	1.64449	1.58765	195.86	-6.61881	-6.56183	196.043	-4.97432	-4.97417	0.000596581	4.74413	4.99561	0.0655784
189401	1.10126	1.06263	0.00133988	1.64544	1.58772	196.032	-6.6198	-6.56189	196.216	-4.97436	-4.97417	0.000600955	4.78192	4.99536	0.065619
189601	1.03996	1.06256	0.0013413	1.55384	1.58762	196.24	-6.52812	-6.56179	196.423	-4.97428	-4.97417	0.000601881	5.17701	4.99598	0.0657444
189801	1.0935	1.06261	0.00134009	1.63384	1.58768	196.063	-6.60823	-6.56185	196.247	-4.97439	-4.97417	0.000609351	4.80357	4.99578	0.0656643
190001	1.03574	1.06263	0.00134257	1.54753	1.58772	196.426	-6.52163	-6.56189	196.609	-4.97409	-4.97417	0.000609348	5.18034	4.99565	0.0657683
190201	1.05185	1.0626	0.00134118	1.57161	1.58768	196.223	-6.54582	-6.56185	196.406	-4.97421	-4.97417	0.00060852	5.01774	4.99583	0.0657028
190401	1.04674	1.06262	0.00133933	1.56397	1.5877	195.952	-6.53825	-6.56188	196.134	-4.97428	-4.97417	0.000607662	5.12139	4.99573	0.065606
190601	1.10785	1.06264	0.00133941	1.65528	1.58773	195.964	-6.62951	-6.5619	196.147	-4.97423	-4.97417	0.000609955	4.61962	4.9957	0.0655956
190801	1.00617	1.06264	0.00134351	1.50335	1.58773	196.563	-6.47746	-6.56191	196.747	-4.97411	-4.97417	0.000609085	5.36625	4.99564	0.0658065
191001	1.05823	1.06262	0.00134239	1.58115	1.5877	196.399	-6.55532	-6.56188	196.583	-4.97417	-4.97417	0.00060795	5.01559	4.99578	0.0657423
191201	1.10861	1.06265	0.00134178	1.65641	1.58775	196.31	-6.63066	-6.56192	196.494	-4.97425	-4.97417	0.000608458	4.66438	4.99562	0.0657162
191401	1.03799	1.06267	0.00134023	1.5509	1.58778	196.085	-6.5249	-6.56195	196.268	-4.974	-4.97417	0.000607956	5.20418	4.99539	0.0656601
191601	1.16435	1.06267	0.00134807	1.7397	1.58777	197.23	-6.71394	-6.56195	197.416	-4.97424	-4.97417	0.000608457	4.25652	4.99549	0.0661203
191801	1.11255	1.06265	0.00135141	1.6623	1.58774	197.719	-6.63649	-6.56192	197.905	-4.97419	-4.97417	0.000607812	4.62594	4.99562	0.0662773
192001	1.06965	1.06267	0.00135069	1.59821	1.58778	197.614	-6.57229	-6.56195	197.799	-4.97408	-4.97417	0.000607832	4.94541	4.99546	0.0662494
192201	1.09514	1.06266	0.00134898	1.6363	1.58776	197.364	-6.61044	-6.56193	197.549	-4.97414	-4.97417	0.000607729	4.79494	4.99542	0.0661627
192401	1.04122	1.06269	0.00134983	1.55573	1.5878	197.489	-6.52992	-6.56197	197.674	-4.9742	-4.97417	0.000606585	5.13193	4.99519	0.0661888
192601	1.12015	1.06268	0.00135008	1.67367	1.5878	197.525	-6.64784	-6.56197	197.71	-4.97417	-4.97417	0.000605413	4.6114	4.99523	0.0661869
192801	1.07542	1.06263	0.00135047	1.60683	1.58772	197.582	-6.58079	-6.5619	197.768	-4.97396	-4.97417	0.000608465	4.83386	4.99549	0.0661832
193001	1.10175	1.06266	0.00135054	1.64616	1.58776	197.593	-6.62037	-6.56194	197.778	-4.97421	-4.97417	0.000608443	4.72665	4.99527	0.0662011
193201	1.06892	1.06263	0.00135109	1.59712	1.58772	197.672	-6.5713	-6.56189	197.858	-4.97417	-4.97417	0.000607286	4.98254	4.99544	0.0662002
193401	1.07087	1.0626	0.00134989	1.60003	1.58767	197.498	-6.57428	-6.56184	197.683	-4.97425	-4.97417	0.000606346	4.90947	4.99574	0.0661664
193601	1.05759	1.06258	0.00134843	1.58019	1.58764	197.283	-6.55418	-6.56182	197.468	-4.97399	-4.97417	0.000606884	5.00774	4.99581	0.0660762
193801	1.11019	1.06258	0.00134754	1.65878	1.58764	197.154	-6.63294	-6.56181	197.339	-4.97416	-4.97417	0.000606279	4.64079	4.99579	0.0660197
194001	1.04284	1.06258	0.00134634	1.55815	1.58765	196.978	-6.5323	-6.56182	197.162	-4.97415	-4.97417	0.000605583	5.10136	4.9957	0.0659642
194201	1.10193	1.06261	0.00134733	1.64644	1.58769	197.123	-6.62064	-6.56186	197.307	-4.9742	-4.97417	0.000605627	4.72794	4.99545	0.0660134
194401	1.04796	1.06261	0.00134626	1.5658	1.58769	196.967	-6.54001	-6.56187	197.151	-4.97421	-4.97417	0.000604444	5.07194	4.99545	0.0659598
194601	1.06269	1.06264	0.00134576	1.58781	1.58773	196.894	-6.56201	-6.56191	197.078	-4.9742	-4.97417	0.000604092	4.99632	4.99528	0.0659149
194801	0.991119	1.06261	0.00134754	1.48087	1.58768	197.154	-6.4551	-6.56186	197.338	-4.97422	-4.97417	0.000603223	5.56055	4.99561	0.0660221
195001	1.06997	1.06266	0.00134944	1.59869	1.58776	197.432	-6.57282	-6.56193	197.614	-4.97414	-4.97417	0.000602196	4.89292	4.99529	0.0661332
195201	1.08414	1.06264	0.0013484	1.61986	1.58774	197.279	-6.5941	-6.56191	197.462	-4.97424	-4.97417	0.000601201	4.81327	4.99539	0.0660761
195401	1.08261	1.06265	0.00134715	1.61756	1.58775	197.097	-6.59197	-6.56192	197.279	-4.97441	-4.97417	0.000601592	4.89546	4.99533	0.0660213
195601	1.04919	1.06268	0.00134591	1.56764	1.5878	196.916	-6.54184	-6.56197	197.1	-4.9742	-4.97417	0.000606305	5.08635	4.99515	0.0659488
195801	1.14511	1.06272	0.00134623	1.71096	1.58785	196.961	-6.68515	-6.56202	197.145	-4.97419	-4.97417	0.000605134	4.34519	4.99482	0.0660233
196001	1.05568	1.06272	0.00134619	1.57734	1.58785	196.956	-6.55138	-6.56203	197.14	-4.97404	-4.97417	0.000604497	5.04796	4.99472	0.0660278
196201	1.02824	1.06269	0.00134511	1.53634	1.58781	196.798	-6.51073	-6.56199	196.981	-4.97439	-4.97417	0.000604616	5.27136	4.99493	0.0659795
196401	1.08048	1.06277	0.00134617	1.6144	1.58792	196.953	-6.58873	-6.5621	197.138	-4.97433	-4.97417	0.000608044	4.92197	4.9944	0.0660508
196601	1.05472	1.06275	0.00134403	1.5759	1.5879	196.64	-6.54996	-6.56207	196.824	-4.97406	-4.97417	0.000609285	5.05091	4.9946	0.0659599
196801	1.00423	1.0627	0.00134321	1.50046	1.58782	196.52	-6.47464	-6.56199	196.704	-4.97418	-4.97417	0.000609072	5.42054	4.99501	0.0659529
197001	1.0969	1.06276	0.00134552	1.63892	1.58791	196.859	-6.61325	-6.56208	197.043	-4.97433	-4.97417	0.000608564	4.80577	4.99462	0.0660542
197201	1.02419	1.06271	0.00134516	1.53029	1.58784	196.806	-6.50425	-6.56201	196.991	-4.97396	-4.97417	0.000608546	5.30645	4.99503	0.0660514
197401	1.06042	1.06273	0.00134526	1.58442	1.58786	196.82	-6.55855	-6.56204	197.005	-4.97413	-4.97417	0.00060932	5.00789	4.99483	0.066056
197601	1.045	1.06268	0.00134457	1.56138	1.5878	196.719	-6.53549	-6.56197	196.905	-4.97411	-4.97417	0.000609946	5.04906	4.9951	0.0660013
197801	1.07553	1.0627	0.00134233	1.607	1.58783	196.392	-6.5812	-6.562	196.577	-4.9742	-4.97417	0.000608816	4.90478	4.99489	0.0658986
198001	1.06781	1.0627	0.00134502	1.59545	1.58783	196.785	-6.5696	-6.562	196.97	-4.97415	-4.97417	0.000608027	4.96411	4.99488	0.0660083
198201	1.10931	1.06272	0.00134384	1.65747	1.58786	196.612	-6.63162	-6.56203	196.796	-4.97415	-4.97417	0.000607664	4.68617	4.99472	0.0659508
198401	1.06958	1.06271	0.00134233	1.5981	1.58785	196.391	-6.57217	-6.56202	196.575	-4.97407	-4.97417	0.00060758	4.92786	4.99479	0.0658577
198601	1.11575	1.06269	0.00134288	1.66709	1.58781	196.472	-6.64113	-6.56198	196.656	-4.97403	-4.97417	0.000607454	4.60294	4.99489	0.0658477
198801	0.985483	1.06267	0.00134584	1.47245	1.58778	196.905	-6.44644	-6.56195	197.09	-4.97399	-4.97417	0.000609075	5.48734	4.99501	0.0659637
199001	1.1493	1.06263	0.00134564	1.71722	1.58772	196.876	-6.69135	-6.5619	197.062	-4.97413	-4.97417	0.000610374	4.37356	4.99519	0.0659344
199201	1.04061	1.06265	0.00134863	1.55482	1.58774	197.313	-6.52893	-6.56191	197.499	-4.97411	-4.97417	0.000609797	5.15371	4.9951	0.0661018
199401	1.01565	1.06264	0.00135007	1.51753	1.58773	197.524	-6.49166	-6.5619	197.711	-4.97414	-4.97417	0.000609543	5.36327	4.99516	0.0661868
199601	1.06305	1.06268	0.00134903	1.58835	1.5878	197.371	-6.56255	-6.56197	197.559	-4.9742	-4.97417	0.000608773	4.96145	4.99487	0.066136
199801	1.10191	1.06268	0.00134809	1.64642	1.58779	197.234	-6.62052	-6.56196	197.421	-4.9741	-4.97417	0.000608152	4.74337	4.99487	0.0660846
