timestep            	T              	T_{ave}             	T_{var}           	K/N            	K_{ave}/N           	K_{var}           	U/N            	U_{ave}/N           	U_{var}           	E/N            	E_{ave}/N           	E_{var}           	P              	P_{ave}             	P_{var}
100001	0.340663	0.340663	0	0.508998	0.508998	0	-7.50125	-7.50125	0	-6.99225	-6.99225	0	-0.82004	-0.82004	0
100201	0.309867	0.331187	0.000174394	0.462985	0.49484	25.5149	-7.45503	-7.48702	25.6371	-6.99204	-6.99218	0.0003025	-0.613574	-0.736914	0.0081937
100401	0.345905	0.333945	0.000142272	0.51683	0.498961	20.8153	-7.50901	-7.49112	20.8902	-6.99218	-6.99216	0.000242575	-0.863912	-0.770569	0.00803802
100601	0.337637	0.333374	0.000208001	0.504477	0.498107	30.4319	-7.49666	-7.49026	30.5326	-6.99219	-6.99215	0.000211343	-0.801635	-0.765333	0.0121304
100801	0.340715	0.333813	0.000158	0.509076	0.498764	23.1164	-7.50126	-7.49092	23.1941	-6.99218	-6.99216	0.000169145	-0.793141	-0.771286	0.00926114
101001	0.334658	0.333091	0.000136797	0.500026	0.497684	20.0142	-7.49225	-7.48984	20.0781	-6.99223	-6.99216	0.000140275	-0.768158	-0.764296	0.00794315
101201	0.330756	0.334141	0.000160775	0.494195	0.499253	23.5225	-7.48641	-7.49143	23.6115	-6.99222	-6.99218	0.000224647	-0.739755	-0.769548	0.00876592
101401	0.33563	0.334893	0.000157237	0.501479	0.500377	23.0048	-7.49379	-7.49257	23.1111	-6.99231	-6.99219	0.000345503	-0.775789	-0.773857	0.0084457
101601	0.325832	0.334833	0.000151049	0.486839	0.500287	22.0994	-7.47903	-7.49249	22.2025	-6.99219	-6.9922	0.000347887	-0.688231	-0.772109	0.0081439
101801	0.328934	0.334439	0.000146624	0.491474	0.499698	21.4519	-7.48364	-7.4919	21.5522	-6.99217	-6.9922	0.00032767	-0.748184	-0.768332	0.00789869
102001	0.348947	0.33514	0.000146138	0.521376	0.500746	21.3808	-7.51365	-7.49295	21.4794	-6.99227	-6.9922	0.000310672	-0.900126	-0.774013	0.00800969
102201	0.329114	0.33468	0.000141177	0.491743	0.500059	20.6551	-7.48394	-7.49226	20.751	-6.9922	-6.9922	0.000292902	-0.722545	-0.770735	0.00778324
102401	0.333997	0.334593	0.000144838	0.499038	0.499929	21.1907	-7.49116	-7.49213	21.286	-6.99212	-6.9922	0.00028409	-0.786655	-0.770599	0.00779719
102601	0.341206	0.334698	0.000135437	0.50981	0.500086	19.8153	-7.50207	-7.49228	19.9044	-6.99226	-6.9922	0.000272557	-0.830467	-0.771612	0.00732939
102801	0.34445	0.334957	0.000128196	0.514656	0.500472	18.7559	-7.5069	-7.49267	18.8404	-6.99225	-6.9922	0.000261441	-0.832556	-0.77435	0.00696546
103001	0.339332	0.334678	0.000124872	0.50701	0.500057	18.2696	-7.4992	-7.49226	18.3509	-6.99219	-6.9922	0.000247586	-0.814534	-0.772021	0.00678924
103201	0.33872	0.334838	0.000120061	0.506095	0.500294	17.5656	-7.49834	-7.49249	17.643	-6.99225	-6.9922	0.00023385	-0.812075	-0.773957	0.00656898
103401	0.332066	0.334989	0.000114625	0.496154	0.50052	16.7703	-7.48839	-7.49272	16.8446	-6.99223	-6.9922	0.000227663	-0.754874	-0.774624	0.00627796
103601	0.31989	0.334808	0.000114873	0.477961	0.50025	16.8066	-7.47016	-7.49245	16.8776	-6.9922	-6.9922	0.000216891	-0.641074	-0.772478	0.00639503
103801	0.311673	0.334684	0.000128422	0.465683	0.500064	18.7889	-7.45781	-7.49227	18.8637	-6.99213	-6.9922	0.00021123	-0.615723	-0.771377	0.00703924
104001	0.337144	0.335016	0.000127857	0.50374	0.500561	18.7063	-7.49603	-7.49277	18.7843	-6.99229	-6.99221	0.000218466	-0.796354	-0.773903	0.00697865
104201	0.337491	0.334917	0.000123906	0.504259	0.500414	18.1282	-7.49645	-7.49262	18.2042	-6.99219	-6.99221	0.000215386	-0.800235	-0.773268	0.00676905
104401	0.331877	0.334892	0.000125179	0.495871	0.500375	18.3144	-7.48808	-7.49258	18.3894	-6.99221	-6.99221	0.000209005	-0.761073	-0.773262	0.00685165
104601	0.319475	0.334889	0.000126556	0.47734	0.500371	18.516	-7.4695	-7.49258	18.5906	-6.99216	-6.9922	0.00020433	-0.657393	-0.773713	0.00698406
104801	0.325609	0.335027	0.000124628	0.486505	0.500578	18.2339	-7.47868	-7.49278	18.3073	-6.99218	-6.99221	0.000197696	-0.725682	-0.775386	0.00692621
105001	0.319684	0.335042	0.000126051	0.477652	0.500601	18.442	-7.46978	-7.4928	18.5161	-6.99212	-6.9922	0.000195982	-0.676898	-0.775793	0.00693791
105201	0.342649	0.33483	0.000124868	0.511966	0.500282	18.2689	-7.50416	-7.49248	18.344	-6.99219	-6.9922	0.00020463	-0.837931	-0.774688	0.00684814
105401	0.352383	0.335206	0.000133068	0.52651	0.500844	19.4686	-7.51873	-7.49305	19.5453	-6.99222	-6.9922	0.000202425	-0.913671	-0.778233	0.00737514
105601	0.35702	0.335008	0.000137664	0.533437	0.500549	20.141	-7.52566	-7.49275	20.2204	-6.99222	-6.9922	0.000201626	-0.950321	-0.777381	0.00759749
105801	0.327843	0.334923	0.000141145	0.489844	0.500421	20.6504	-7.48202	-7.49262	20.7305	-6.99218	-6.9922	0.000199271	-0.735466	-0.776909	0.00779116
106001	0.339556	0.335064	0.000141421	0.507344	0.500633	20.6908	-7.49962	-7.49283	20.7715	-6.99228	-6.9922	0.000202419	-0.791159	-0.777949	0.0078057
106201	0.332624	0.335037	0.000137444	0.496986	0.500593	20.1089	-7.48917	-7.4928	20.1871	-6.99218	-6.9922	0.000198915	-0.754575	-0.777571	0.00758207
106401	0.322509	0.335024	0.000134231	0.481874	0.500573	19.6389	-7.47411	-7.49278	19.715	-6.99224	-6.9922	0.000194498	-0.687155	-0.777379	0.00739739
106601	0.343076	0.335093	0.000133521	0.512603	0.500676	19.535	-7.50478	-7.49288	19.6104	-6.99218	-6.9922	0.000191664	-0.834053	-0.778143	0.00738681
106801	0.327333	0.334967	0.000132241	0.489081	0.500488	19.3476	-7.48116	-7.49269	19.4245	-6.99208	-6.9922	0.000203445	-0.719026	-0.77744	0.00728981
107001	0.348883	0.335015	0.000129927	0.521281	0.50056	19.0091	-7.51353	-7.49276	19.0856	-6.99225	-6.9922	0.000205245	-0.876677	-0.777854	0.00716675
107201	0.334514	0.335087	0.000128729	0.49981	0.500667	18.8339	-7.49201	-7.49287	18.9089	-6.9922	-6.9922	0.000201283	-0.765864	-0.778228	0.00709137
107401	0.338602	0.334929	0.000127897	0.505919	0.500431	18.7122	-7.49804	-7.49263	18.7886	-6.99212	-6.9922	0.000208092	-0.810732	-0.777172	0.0070049
107601	0.351788	0.335001	0.000127131	0.525621	0.500539	18.6001	-7.51789	-7.49274	18.6745	-6.99227	-6.9922	0.000204801	-0.906672	-0.777818	0.00695859
107801	0.350835	0.335007	0.000129665	0.524198	0.500548	18.9709	-7.51643	-7.49275	19.0455	-6.99224	-6.9922	0.000202998	-0.898943	-0.777587	0.00714936
108001	0.321893	0.335012	0.000128601	0.480953	0.500556	18.8152	-7.47308	-7.49275	18.8897	-6.99213	-6.9922	0.000200944	-0.679773	-0.777505	0.00709377
108201	0.335984	0.335057	0.00012937	0.502008	0.500623	18.9276	-7.49429	-7.49282	19.0037	-6.99229	-6.9922	0.000204264	-0.758251	-0.777851	0.00712582
108401	0.322078	0.334949	0.00012871	0.48123	0.500461	18.8311	-7.4735	-7.49266	18.9049	-6.99227	-6.9922	0.000201298	-0.673125	-0.776965	0.00711061
108601	0.317055	0.335023	0.000133514	0.473724	0.500572	19.534	-7.46587	-7.49277	19.6119	-6.99215	-6.9922	0.000207039	-0.654679	-0.777431	0.00731957
108801	0.332206	0.33507	0.000131772	0.496363	0.500641	19.279	-7.48859	-7.49284	19.3557	-6.99223	-6.9922	0.000203678	-0.762139	-0.777637	0.00721358
109001	0.344974	0.33509	0.000129867	0.51544	0.500672	19.0003	-7.50768	-7.49287	19.0758	-6.99224	-6.9922	0.000201711	-0.862147	-0.777951	0.0071107
109201	0.315707	0.335108	0.000127956	0.471711	0.500699	18.7208	-7.46384	-7.4929	18.7951	-6.99213	-6.9922	0.000198782	-0.651758	-0.77821	0.00700152
109401	0.339305	0.335125	0.000132414	0.50697	0.500724	19.3729	-7.4992	-7.49293	19.4507	-6.99223	-6.9922	0.000201118	-0.813042	-0.778578	0.00720022
109601	0.335298	0.334973	0.000134681	0.500982	0.500497	19.7046	-7.49321	-7.4927	19.7828	-6.99222	-6.9922	0.000198794	-0.773111	-0.777443	0.00730664
109801	0.313617	0.335019	0.000140781	0.468587	0.500565	20.5971	-7.46067	-7.49277	20.679	-6.99208	-6.9922	0.000200733	-0.597901	-0.777546	0.0076602
110001	0.341018	0.334991	0.000139591	0.509529	0.500523	20.4231	-7.50169	-7.49272	20.5039	-6.99216	-6.9922	0.000203696	-0.80753	-0.77716	0.0076172
110201	0.344585	0.334971	0.00013736	0.514859	0.500494	20.0967	-7.50711	-7.49269	20.1765	-6.99225	-6.9922	0.00020192	-0.849743	-0.776972	0.00748976
110401	0.326115	0.335073	0.000138272	0.487262	0.500646	20.2301	-7.47938	-7.49285	20.3093	-6.99212	-6.9922	0.000201026	-0.71231	-0.777612	0.00754225
110601	0.328175	0.335011	0.000141097	0.49034	0.500553	20.6434	-7.48253	-7.49275	20.7241	-6.99219	-6.9922	0.000203479	-0.696618	-0.776916	0.00770695
110801	0.343301	0.335008	0.000139068	0.51294	0.500549	20.3465	-7.50511	-7.49275	20.4257	-6.99217	-6.9922	0.000200155	-0.830821	-0.776837	0.00760047
111001	0.338178	0.335066	0.000136774	0.505285	0.500635	20.0109	-7.4975	-7.49283	20.0887	-6.99221	-6.9922	0.000196911	-0.784362	-0.777143	0.00747034
111201	0.354237	0.33503	0.000137143	0.52928	0.500583	20.0649	-7.52155	-7.49278	20.1435	-6.99227	-6.9922	0.000196596	-0.918538	-0.776953	0.00748153
111401	0.316379	0.334995	0.000139708	0.472715	0.500529	20.4401	-7.46495	-7.49273	20.5188	-6.99224	-6.9922	0.000197008	-0.633338	-0.776513	0.00762895
111601	0.340966	0.335113	0.000141381	0.509451	0.500706	20.6849	-7.50171	-7.49291	20.7653	-6.99226	-6.9922	0.00020218	-0.825328	-0.777294	0.00769952
111801	0.318216	0.335147	0.000141068	0.47546	0.500757	20.6391	-7.46765	-7.49296	20.7189	-6.99219	-6.9922	0.000200004	-0.622226	-0.777467	0.00768693
112001	0.335501	0.335165	0.000143284	0.501286	0.500784	20.9633	-7.49352	-7.49299	21.0438	-6.99223	-6.9922	0.000198991	-0.763849	-0.777318	0.0078452
112201	0.331933	0.335077	0.000141742	0.495955	0.500652	20.7378	-7.48818	-7.49285	20.8169	-6.99223	-6.9922	0.000195911	-0.730089	-0.776627	0.00776957
112401	0.31577	0.335093	0.000141903	0.471804	0.500676	20.7614	-7.46395	-7.49288	20.841	-6.99215	-6.9922	0.000195626	-0.637075	-0.776571	0.0077693
112601	0.325442	0.335207	0.000143515	0.486256	0.500847	20.9971	-7.47851	-7.49305	21.0796	-6.99226	-6.9922	0.000202354	-0.683969	-0.777325	0.00784231
112801	0.353708	0.335177	0.000142485	0.528489	0.500802	20.8464	-7.52081	-7.49301	20.9279	-6.99232	-6.9922	0.000204352	-0.899967	-0.777	0.00779066
113001	0.314919	0.33516	0.000143604	0.470533	0.500777	21.0101	-7.46265	-7.49298	21.0933	-6.99212	-6.9922	0.000205716	-0.639984	-0.776803	0.00783989
113201	0.350856	0.335127	0.000143315	0.524228	0.500726	20.9679	-7.51647	-7.49293	21.0509	-6.99224	-6.9922	0.000205345	-0.904595	-0.776647	0.00781545
113401	0.322793	0.335129	0.000142561	0.482298	0.500729	20.8576	-7.47448	-7.49293	20.9401	-6.99218	-6.9922	0.00020291	-0.668335	-0.776642	0.00781389
113601	0.330331	0.335124	0.000140877	0.493562	0.500722	20.6112	-7.48578	-7.49293	20.6926	-6.99222	-6.9922	0.000200683	-0.732664	-0.776584	0.00772258
113801	0.321175	0.335228	0.000141549	0.479881	0.500878	20.7095	-7.47207	-7.49308	20.7926	-6.99219	-6.99221	0.000204084	-0.680163	-0.777339	0.00776096
114001	0.340204	0.335171	0.000140963	0.508312	0.500793	20.6238	-7.50051	-7.493	20.7063	-6.9922	-6.99221	0.000201633	-0.803458	-0.776814	0.00771957
114201	0.347132	0.335157	0.000140504	0.518664	0.500771	20.5567	-7.51094	-7.49298	20.6385	-6.99227	-6.99221	0.000199822	-0.862664	-0.776738	0.00768864
114401	0.334289	0.335179	0.00013899	0.499474	0.500804	20.3351	-7.49169	-7.49301	20.416	-6.99222	-6.99221	0.000198824	-0.777606	-0.776893	0.00760878
114601	0.335251	0.335231	0.000138077	0.500912	0.500882	20.2016	-7.4932	-7.49309	20.2826	-6.99229	-6.99221	0.0001993	-0.768189	-0.777188	0.00754394
114801	0.34593	0.335147	0.000137029	0.516868	0.500757	20.0481	-7.50912	-7.49296	20.128	-6.99225	-6.99221	0.000197794	-0.846922	-0.776512	0.0074911
115001	0.344483	0.335221	0.000136084	0.514707	0.500867	19.9099	-7.50698	-7.49307	19.9896	-6.99227	-6.99221	0.000198648	-0.84465	-0.777036	0.00743552
115201	0.345386	0.335167	0.00013558	0.516055	0.500787	19.8362	-7.5083	-7.493	19.9148	-6.99225	-6.99221	0.000196831	-0.840053	-0.776638	0.00739728
115401	0.330299	0.335213	0.00013609	0.493513	0.500855	19.9109	-7.48567	-7.49306	19.9901	-6.99216	-6.99221	0.000196335	-0.732704	-0.777068	0.00743881
115601	0.343374	0.335196	0.000134928	0.513049	0.50083	19.7408	-7.50521	-7.49304	19.8193	-6.99216	-6.99221	0.000196502	-0.844658	-0.777093	0.00737112
115801	0.321943	0.335192	0.000134008	0.481029	0.500823	19.6063	-7.47319	-7.49303	19.684	-6.99216	-6.99221	0.000194663	-0.667604	-0.777068	0.00732909
116001	0.366159	0.335195	0.000134686	0.547093	0.500829	19.7055	-7.53932	-7.49304	19.7829	-6.99222	-6.99221	0.000193417	-1.03355	-0.777223	0.00738389
116201	0.330448	0.335142	0.000135796	0.493736	0.50075	19.8679	-7.48589	-7.49296	19.9459	-6.99215	-6.99221	0.000193526	-0.730315	-0.776906	0.00746751
116401	0.344034	0.335257	0.000135836	0.514035	0.500922	19.8737	-7.50622	-7.49313	19.9509	-6.99218	-6.99221	0.000191325	-0.845116	-0.777815	0.00748016
116601	0.358281	0.335162	0.000138122	0.535322	0.50078	20.2081	-7.52762	-7.49299	20.2871	-6.9923	-6.99221	0.000192644	-0.922207	-0.777037	0.00760195
116801	0.335874	0.335188	0.000137126	0.501843	0.500819	20.0623	-7.49403	-7.49303	20.1411	-6.99219	-6.99221	0.000193	-0.800356	-0.777154	0.00753459
117001	0.324437	0.335162	0.000136851	0.484754	0.500779	20.0222	-7.47685	-7.49298	20.101	-6.9921	-6.99221	0.000195044	-0.693499	-0.776915	0.00755889
117201	0.350276	0.335192	0.000137972	0.523362	0.500824	20.1861	-7.51563	-7.49303	20.2667	-6.99227	-6.99221	0.000197913	-0.893935	-0.777154	0.00760732
117401	0.336903	0.33518	0.00013777	0.503381	0.500806	20.1565	-7.49562	-7.49301	20.2367	-6.99223	-6.99221	0.000196242	-0.79963	-0.777118	0.00759484
117601	0.362109	0.335176	0.000138086	0.541042	0.500799	20.2028	-7.53334	-7.49301	20.2829	-6.9923	-6.99221	0.00019545	-0.983142	-0.776985	0.00763004
117801	0.331678	0.335093	0.000140487	0.495573	0.500676	20.5541	-7.48776	-7.49288	20.6358	-6.99218	-6.99221	0.000195861	-0.745555	-0.776343	0.00776554
118001	0.343259	0.33517	0.000140184	0.512878	0.500791	20.5098	-7.50515	-7.493	20.5913	-6.99227	-6.99221	0.000195544	-0.838037	-0.776871	0.00774067
118201	0.310964	0.335178	0.000139227	0.464623	0.500803	20.3698	-7.45681	-7.49301	20.4507	-6.99218	-6.99221	0.000194137	-0.587113	-0.776894	0.00769018
118401	0.350324	0.335181	0.000140208	0.523433	0.500808	20.5132	-7.51565	-7.49301	20.5938	-6.99222	-6.99221	0.000192308	-0.874324	-0.776767	0.0077446
118601	0.354049	0.335162	0.000142007	0.528999	0.500779	20.7765	-7.52126	-7.49299	20.8578	-6.99226	-6.99221	0.000191716	-0.917803	-0.7766	0.00784098
118801	0.352082	0.335183	0.000142243	0.52606	0.50081	20.811	-7.51837	-7.49302	20.8922	-6.99231	-6.99221	0.000192406	-0.897523	-0.776701	0.007848
119001	0.353134	0.335223	0.000142153	0.527633	0.500871	20.7979	-7.51984	-7.49308	20.8793	-6.99221	-6.99221	0.000193743	-0.909635	-0.776983	0.00785107
119201	0.354496	0.335185	0.000143477	0.529667	0.500814	20.9916	-7.52194	-7.49302	21.0739	-6.99227	-6.99221	0.000194349	-0.924735	-0.776749	0.00792063
119401	0.314893	0.335213	0.000143066	0.470495	0.500856	20.9314	-7.46266	-7.49306	21.0136	-6.99216	-6.99221	0.000193522	-0.634308	-0.77695	0.00789512
119601	0.345526	0.335174	0.000142628	0.516265	0.500797	20.8674	-7.50845	-7.493	20.949	-6.99219	-6.99221	0.000192007	-0.846606	-0.776669	0.00786794
119801	0.350835	0.335134	0.000142962	0.524197	0.500738	20.9162	-7.51649	-7.49294	20.9974	-6.99229	-6.99221	0.000191145	-0.897484	-0.776498	0.00786679
120001	0.34382	0.335211	0.000145719	0.513716	0.500852	21.3196	-7.50598	-7.49306	21.4023	-6.99226	-6.99221	0.000193856	-0.834424	-0.777016	0.00800333
120201	0.311194	0.335196	0.000145634	0.464968	0.500831	21.3071	-7.45708	-7.49304	21.3897	-6.99212	-6.99221	0.000193419	-0.612245	-0.776938	0.00799299
120401	0.351486	0.335188	0.00014523	0.525169	0.500818	21.2481	-7.51749	-7.49303	21.3309	-6.99232	-6.99221	0.000194576	-0.894083	-0.777033	0.00796328
120601	0.316294	0.335215	0.000144772	0.472587	0.500858	21.1811	-7.46474	-7.49307	21.2643	-6.99215	-6.99221	0.000195532	-0.658923	-0.777285	0.00793257
120801	0.341602	0.335194	0.000144738	0.510401	0.500827	21.176	-7.50267	-7.49304	21.2593	-6.99227	-6.99221	0.000194906	-0.844723	-0.777178	0.00792097
121001	0.341325	0.335196	0.000144262	0.509988	0.50083	21.1064	-7.5022	-7.49304	21.1893	-6.99221	-6.99221	0.000193871	-0.815807	-0.777303	0.00789496
121201	0.343432	0.335204	0.000145107	0.513135	0.500841	21.2301	-7.50539	-7.49305	21.3131	-6.99226	-6.99221	0.000193114	-0.821753	-0.777376	0.00792336
121401	0.340532	0.335174	0.000144169	0.508803	0.500797	21.0929	-7.50105	-7.493	21.1753	-6.99225	-6.99221	0.00019156	-0.809398	-0.777024	0.00788097
121601	0.315321	0.335195	0.000143958	0.471133	0.500828	21.062	-7.46337	-7.49304	21.1444	-6.99223	-6.99221	0.00019286	-0.63436	-0.777177	0.00786703
121801	0.353322	0.33527	0.000145746	0.527913	0.500941	21.3235	-7.52025	-7.49315	21.4085	-6.99233	-6.99221	0.000204285	-0.917189	-0.77777	0.00796342
122001	0.316783	0.335209	0.000145628	0.473318	0.50085	21.3064	-7.46539	-7.49306	21.392	-6.99207	-6.99221	0.000207034	-0.64663	-0.777393	0.00794953
122201	0.3086	0.33524	0.00014815	0.461091	0.500895	21.6752	-7.45328	-7.4931	21.7625	-6.99219	-6.99221	0.000208861	-0.589376	-0.777638	0.00808193
122401	0.343485	0.335224	0.000149819	0.513215	0.500871	21.9195	-7.50552	-7.49308	22.0077	-6.99231	-6.99221	0.000211067	-0.835755	-0.777529	0.0081565
122601	0.321832	0.335231	0.000149645	0.480862	0.500883	21.894	-7.47304	-7.49309	21.9815	-6.99217	-6.99221	0.00021057	-0.69651	-0.777507	0.00815581
122801	0.332017	0.335193	0.000148988	0.49608	0.500825	21.7979	-7.48831	-7.49304	21.8851	-6.99223	-6.99221	0.000209249	-0.762303	-0.777174	0.0081157
123001	0.332573	0.335236	0.00014828	0.496911	0.50089	21.6943	-7.48912	-7.4931	21.7811	-6.99221	-6.99221	0.00020822	-0.753376	-0.777661	0.00809141
123201	0.341223	0.335194	0.000147794	0.509835	0.500827	21.6232	-7.50198	-7.49304	21.7094	-6.99215	-6.99221	0.000207842	-0.833237	-0.777446	0.00807091
123401	0.328887	0.335228	0.000147291	0.491404	0.500877	21.5496	-7.48365	-7.49309	21.6356	-6.99224	-6.99221	0.000207657	-0.730202	-0.777645	0.00803675
123601	0.321685	0.335206	0.00014635	0.480642	0.500844	21.4119	-7.47278	-7.49305	21.4974	-6.99214	-6.99221	0.000206891	-0.682825	-0.777524	0.00798398
123801	0.326877	0.335177	0.000145529	0.4884	0.500802	21.2918	-7.4805	-7.49301	21.3772	-6.9921	-6.99221	0.000208485	-0.739024	-0.777373	0.00793187
124001	0.352549	0.335213	0.000146016	0.526758	0.500855	21.3631	-7.51904	-7.49306	21.4492	-6.99228	-6.99221	0.000210649	-0.915856	-0.777674	0.00795272
124201	0.347848	0.335179	0.000146334	0.519734	0.500804	21.4096	-7.51197	-7.49301	21.4961	-6.99223	-6.99221	0.000210541	-0.869597	-0.777517	0.00796157
124401	0.333843	0.335205	0.000145398	0.498808	0.500843	21.2726	-7.491	-7.49305	21.3586	-6.9922	-6.99221	0.000208965	-0.777636	-0.777751	0.00791496
124601	0.332487	0.335214	0.000144545	0.496782	0.500857	21.1478	-7.48898	-7.49307	21.2334	-6.9922	-6.99221	0.000208966	-0.746222	-0.777769	0.00786609
124801	0.355452	0.335207	0.00014415	0.531095	0.500846	21.09	-7.5233	-7.49306	21.1751	-6.99221	-6.99221	0.000207573	-0.926502	-0.777766	0.00784687
125001	0.345366	0.335165	0.000144845	0.516026	0.500783	21.1917	-7.50823	-7.49299	21.2769	-6.99221	-6.99221	0.000206837	-0.840969	-0.777434	0.00787996
125201	0.34291	0.335168	0.000146275	0.512355	0.500788	21.401	-7.50451	-7.493	21.4867	-6.99216	-6.99221	0.000206957	-0.842147	-0.777507	0.00794603
125401	0.333766	0.33518	0.000146674	0.498693	0.500805	21.4593	-7.49082	-7.49301	21.5449	-6.99213	-6.99221	0.000206666	-0.775139	-0.777605	0.00796627
125601	0.328445	0.335172	0.00014567	0.490744	0.500794	21.3124	-7.48293	-7.493	21.3974	-6.99219	-6.99221	0.000205604	-0.723105	-0.777561	0.00791461
125801	0.339444	0.335191	0.000144999	0.507178	0.500822	21.2142	-7.49936	-7.49303	21.2987	-6.99218	-6.99221	0.000204131	-0.803123	-0.777643	0.00788286
126001	0.315337	0.335154	0.000144725	0.471158	0.500768	21.1742	-7.46333	-7.49298	21.2584	-6.99217	-6.99221	0.000203683	-0.600504	-0.777299	0.00787432
126201	0.333682	0.335161	0.000145859	0.498567	0.500778	21.3401	-7.4908	-7.49299	21.4245	-6.99223	-6.99221	0.000203294	-0.764593	-0.777258	0.0079467
126401	0.350364	0.335178	0.00014552	0.523493	0.500803	21.2905	-7.51581	-7.49301	21.3747	-6.99232	-6.99221	0.000203264	-0.894615	-0.77738	0.00793
126601	0.340086	0.335187	0.000144798	0.508136	0.500817	21.1849	-7.50042	-7.49303	21.2687	-6.99228	-6.99221	0.000205454	-0.799878	-0.777452	0.00788982
126801	0.340589	0.335182	0.000145042	0.508888	0.50081	21.2206	-7.5011	-7.49302	21.3046	-6.99222	-6.99221	0.000205585	-0.795234	-0.777321	0.0079125
127001	0.340198	0.335191	0.000144147	0.508303	0.500822	21.0896	-7.50058	-7.49303	21.173	-6.99228	-6.99221	0.000205162	-0.822662	-0.777347	0.00786167
127201	0.34091	0.335214	0.000144036	0.509367	0.500857	21.0734	-7.50161	-7.49307	21.1568	-6.99224	-6.99221	0.000204741	-0.803134	-0.77746	0.00785876
127401	0.327168	0.335201	0.000143761	0.488834	0.500837	21.0332	-7.48107	-7.49305	21.1161	-6.99224	-6.99221	0.00020397	-0.677123	-0.777165	0.00785413
127601	0.338537	0.3352	0.000142824	0.505822	0.500836	20.8961	-7.49803	-7.49305	20.9784	-6.99221	-6.99221	0.000202555	-0.818661	-0.777116	0.00781398
127801	0.323822	0.335195	0.000142073	0.483835	0.500828	20.7862	-7.4761	-7.49304	20.8679	-6.99226	-6.99221	0.000201489	-0.676299	-0.776995	0.00777248
128001	0.345097	0.335191	0.000141443	0.515624	0.500823	20.694	-7.50795	-7.49303	20.7751	-6.99232	-6.99221	0.000202894	-0.842772	-0.776866	0.00773876
128201	0.333282	0.335177	0.000142616	0.49797	0.500801	20.8657	-7.49017	-7.49301	20.9475	-6.9922	-6.99221	0.000203705	-0.753424	-0.77667	0.00780228
128401	0.330121	0.335206	0.000141845	0.493247	0.500845	20.7529	-7.48544	-7.49306	20.8345	-6.99219	-6.99221	0.000204073	-0.739541	-0.776783	0.00775448
128601	0.342463	0.335196	0.000141091	0.511688	0.50083	20.6425	-7.50383	-7.49304	20.7237	-6.99214	-6.99221	0.000203959	-0.839985	-0.776714	0.00771479
128801	0.340661	0.335179	0.000140302	0.508996	0.500805	20.5271	-7.50123	-7.49302	20.6078	-6.99223	-6.99221	0.000203485	-0.818295	-0.776608	0.00767318
129001	0.352357	0.335213	0.000139637	0.526471	0.500856	20.4297	-7.51874	-7.49307	20.5103	-6.99227	-6.99221	0.000203915	-0.886448	-0.776849	0.00763536
129201	0.325682	0.335196	0.000139286	0.486615	0.500829	20.3784	-7.47877	-7.49304	20.4589	-6.99216	-6.99221	0.000203549	-0.717476	-0.776773	0.00760698
129401	0.348956	0.335162	0.000139236	0.521389	0.50078	20.3712	-7.51371	-7.49299	20.4512	-6.99232	-6.99221	0.000202869	-0.87366	-0.776478	0.00760998
129601	0.340525	0.335244	0.000139547	0.508793	0.500902	20.4165	-7.50104	-7.49311	20.4979	-6.99224	-6.99221	0.00020737	-0.798865	-0.777024	0.00761458
129801	0.347988	0.335186	0.000139522	0.519943	0.500815	20.413	-7.51225	-7.49303	20.4942	-6.99231	-6.99221	0.000206755	-0.852655	-0.776577	0.00761011
130001	0.32629	0.335233	0.000139258	0.487523	0.500885	20.3743	-7.47979	-7.4931	20.456	-6.99226	-6.99221	0.000210296	-0.703999	-0.776833	0.00758839
130201	0.329747	0.335216	0.000138498	0.492689	0.50086	20.2631	-7.48494	-7.49307	20.3442	-6.99225	-6.99221	0.000209556	-0.705877	-0.776602	0.00755125
130401	0.347961	0.335232	0.000138058	0.519902	0.500884	20.1987	-7.51218	-7.4931	20.2794	-6.99228	-6.99221	0.000208555	-0.86243	-0.776754	0.00752709
130601	0.341739	0.335223	0.000137407	0.510606	0.50087	20.1035	-7.50284	-7.49308	20.1837	-6.99223	-6.99221	0.000207706	-0.838368	-0.776631	0.0074938
130801	0.334612	0.33523	0.000136901	0.499957	0.500881	20.0295	-7.4922	-7.49309	20.1094	-6.99224	-6.99221	0.000206479	-0.782252	-0.776687	0.00746858
131001	0.319763	0.335236	0.000138647	0.477771	0.50089	20.2849	-7.46991	-7.4931	20.3653	-6.99214	-6.99221	0.000206131	-0.67821	-0.776818	0.00755543
131201	0.337071	0.335229	0.000138004	0.503632	0.500879	20.1908	-7.49575	-7.49309	20.2708	-6.99212	-6.99221	0.00020898	-0.793675	-0.776855	0.00752072
131401	0.334552	0.335227	0.000137177	0.499868	0.500876	20.0699	-7.49208	-7.49309	20.1494	-6.99221	-6.99221	0.000208831	-0.775978	-0.776887	0.00747597
131601	0.341417	0.335216	0.000136534	0.510125	0.50086	19.9758	-7.50233	-7.49307	20.055	-6.9922	-6.99221	0.000208638	-0.824237	-0.776846	0.00744169
131801	0.323023	0.335207	0.000137134	0.482642	0.500846	20.0636	-7.47472	-7.49306	20.1436	-6.99207	-6.99221	0.000211946	-0.689437	-0.776831	0.00747974
132001	0.332443	0.335244	0.000137719	0.496716	0.500901	20.1491	-7.48896	-7.49311	20.2296	-6.99224	-6.99221	0.000213023	-0.768014	-0.777159	0.00751069
132201	0.348123	0.335248	0.000138549	0.520144	0.500908	20.2706	-7.5123	-7.49312	20.3508	-6.99216	-6.99221	0.000211937	-0.851059	-0.7772	0.00754354
132401	0.355449	0.335164	0.00013985	0.53109	0.500782	20.4609	-7.52335	-7.49299	20.5425	-6.99226	-6.99221	0.000214472	-0.912947	-0.776597	0.0076031
132601	0.335759	0.335247	0.000140781	0.501671	0.500907	20.5972	-7.4939	-7.49312	20.6795	-6.99223	-6.99221	0.0002152	-0.790931	-0.77719	0.00764593
132801	0.339631	0.335216	0.000140176	0.507456	0.500859	20.5086	-7.49962	-7.49307	20.591	-6.99217	-6.99221	0.000216181	-0.821664	-0.776986	0.00761125
133001	0.329275	0.335208	0.000139535	0.491984	0.500848	20.4148	-7.48409	-7.49306	20.497	-6.99211	-6.99221	0.000218263	-0.739642	-0.776986	0.00757836
133201	0.316186	0.335213	0.00014095	0.472426	0.500856	20.6218	-7.46461	-7.49307	20.7043	-6.99218	-6.99221	0.000218521	-0.649644	-0.777023	0.00764576
133401	0.333096	0.335188	0.000141668	0.497692	0.500819	20.7269	-7.48979	-7.49303	20.81	-6.9921	-6.99221	0.000220632	-0.756761	-0.776875	0.00768639
133601	0.347443	0.335164	0.000141092	0.519128	0.500783	20.6427	-7.51139	-7.49299	20.7256	-6.99226	-6.99221	0.000220426	-0.862543	-0.776674	0.00765891
133801	0.334085	0.335187	0.000141158	0.49917	0.500816	20.6522	-7.49137	-7.49303	20.7352	-6.9922	-6.99221	0.0002197	-0.794689	-0.776881	0.00765468
134001	0.354725	0.335207	0.00014095	0.530009	0.500846	20.6219	-7.52228	-7.49306	20.7046	-6.99227	-6.99221	0.000219117	-0.9211	-0.777079	0.00764961
134201	0.337524	0.335174	0.000140873	0.504309	0.500797	20.6106	-7.49649	-7.49301	20.6936	-6.99218	-6.99221	0.000219368	-0.802366	-0.776804	0.00764889
134401	0.333834	0.335191	0.000140177	0.498795	0.500823	20.5088	-7.49104	-7.49303	20.5914	-6.99225	-6.99221	0.000218513	-0.781856	-0.776971	0.00761046
134601	0.318356	0.335207	0.000139649	0.475668	0.500847	20.4316	-7.46777	-7.49306	20.5137	-6.9921	-6.99221	0.000218451	-0.662197	-0.777162	0.00758613
134801	0.346929	0.335185	0.000139574	0.51836	0.500814	20.4205	-7.51057	-7.49302	20.5028	-6.99221	-6.99221	0.000218506	-0.866407	-0.777013	0.00757763
135001	0.329072	0.335183	0.000139413	0.49168	0.500811	20.397	-7.48386	-7.49302	20.4791	-6.99217	-6.99221	0.000217725	-0.74293	-0.777025	0.0075701
135201	0.324998	0.335195	0.0001389	0.485592	0.500829	20.322	-7.47771	-7.49304	20.4037	-6.99211	-6.99221	0.000217049	-0.729612	-0.777196	0.00754536
135401	0.331937	0.335178	0.000138205	0.495961	0.500804	20.2202	-7.48811	-7.49301	20.3018	-6.99215	-6.99221	0.000218717	-0.744321	-0.777154	0.00750444
135601	0.330637	0.335178	0.000138556	0.494018	0.500803	20.2716	-7.48616	-7.49301	20.3529	-6.99214	-6.99221	0.000218194	-0.761061	-0.777159	0.00751732
135801	0.327892	0.335188	0.000137994	0.489917	0.500818	20.1894	-7.48205	-7.49303	20.2702	-6.99214	-6.99221	0.0002178	-0.737745	-0.77726	0.00749047
136001	0.33317	0.335191	0.000137432	0.497803	0.500822	20.1071	-7.48997	-7.49303	20.1876	-6.99216	-6.99221	0.000217442	-0.773034	-0.777362	0.00746026
136201	0.336263	0.335185	0.000136807	0.502424	0.500814	20.0157	-7.49461	-7.49302	20.0958	-6.99219	-6.99221	0.000217164	-0.7904	-0.777332	0.00742527
136401	0.347766	0.335169	0.000137572	0.519611	0.50079	20.1277	-7.51179	-7.493	20.2081	-6.99218	-6.99221	0.000218718	-0.872175	-0.777221	0.00746955
136601	0.350452	0.335162	0.00013703	0.523625	0.500779	20.0484	-7.51583	-7.49299	20.1285	-6.9922	-6.99221	0.00021776	-0.889928	-0.777145	0.00744175
136801	0.339085	0.335126	0.000137941	0.50664	0.500725	20.1816	-7.49882	-7.49293	20.2623	-6.99218	-6.99221	0.000220003	-0.806115	-0.776932	0.0074831
137001	0.326667	0.335195	0.000138672	0.488087	0.500828	20.2886	-7.48019	-7.49304	20.3696	-6.99211	-6.99221	0.000219685	-0.732199	-0.777465	0.00752387
137201	0.330748	0.335152	0.000139534	0.494183	0.500765	20.4147	-7.48638	-7.49297	20.4972	-6.9922	-6.99221	0.000226127	-0.740108	-0.777185	0.00755173
137401	0.309202	0.335139	0.000139675	0.461991	0.500744	20.4353	-7.4541	-7.49295	20.5179	-6.99211	-6.99221	0.000225742	-0.614798	-0.777132	0.00754787
137601	0.342018	0.335165	0.000139822	0.511022	0.500783	20.4568	-7.50324	-7.49299	20.5393	-6.99222	-6.99221	0.000225336	-0.843434	-0.777375	0.00755271
137801	0.321886	0.335157	0.000139814	0.480943	0.500772	20.4557	-7.47307	-7.49298	20.5383	-6.99213	-6.99221	0.000225953	-0.681214	-0.777352	0.00755522
138001	0.350214	0.335151	0.000139654	0.523269	0.500762	20.4323	-7.51544	-7.49297	20.5147	-6.99217	-6.99221	0.00022582	-0.898574	-0.777286	0.00754776
138201	0.335228	0.335161	0.000139712	0.500878	0.500777	20.4407	-7.4931	-7.49298	20.5229	-6.99222	-6.99221	0.000224941	-0.764526	-0.777338	0.00754823
138401	0.332411	0.335143	0.00013925	0.496669	0.500751	20.3731	-7.48882	-7.49296	20.455	-6.99215	-6.99221	0.000224356	-0.743899	-0.777151	0.0075257
138601	0.336158	0.335125	0.000138769	0.502268	0.500724	20.3028	-7.49444	-7.49293	20.3844	-6.99217	-6.99221	0.000223853	-0.787706	-0.777013	0.00749773
138801	0.336	0.335149	0.000138364	0.502032	0.500759	20.2435	-7.49427	-7.49296	20.3251	-6.99224	-6.99221	0.000224186	-0.78394	-0.777183	0.007474
139001	0.327232	0.335122	0.000138054	0.488931	0.500719	20.1982	-7.48104	-7.49292	20.28	-6.99211	-6.99221	0.000224418	-0.726014	-0.776984	0.00745777
139201	0.333008	0.335134	0.000137682	0.497561	0.500738	20.1437	-7.48973	-7.49294	20.2252	-6.99217	-6.99221	0.000223844	-0.760997	-0.777054	0.00743791
139401	0.347756	0.335122	0.000137348	0.519597	0.500719	20.0949	-7.51181	-7.49292	20.1762	-6.99222	-6.9922	0.000223272	-0.860052	-0.776907	0.00742146
139601	0.343055	0.335117	0.00013705	0.512572	0.500712	20.0513	-7.50477	-7.49292	20.1325	-6.9922	-6.9922	0.000222643	-0.835752	-0.776844	0.00740499
139801	0.337954	0.335112	0.000137475	0.50495	0.500705	20.1134	-7.49713	-7.49291	20.1944	-6.99218	-6.9922	0.000222099	-0.807864	-0.776846	0.00742679
140001	0.330544	0.33511	0.000137014	0.49388	0.500701	20.046	-7.48608	-7.49291	20.1268	-6.9922	-6.9922	0.000221195	-0.733229	-0.776836	0.00739809
140201	0.333907	0.335082	0.000137878	0.498904	0.50066	20.1724	-7.4911	-7.49286	20.2531	-6.99219	-6.9922	0.000220309	-0.76797	-0.776647	0.00744712
140401	0.353071	0.335114	0.000138298	0.527538	0.500708	20.2338	-7.51983	-7.49291	20.3146	-6.9923	-6.9922	0.000220343	-0.92916	-0.776927	0.00747637
140601	0.340061	0.335092	0.000137976	0.508099	0.500675	20.1868	-7.50034	-7.49288	20.2673	-6.99224	-6.9922	0.00021959	-0.814294	-0.776788	0.00746095
140801	0.350432	0.335103	0.000137908	0.523595	0.500691	20.1768	-7.51582	-7.4929	20.2572	-6.99222	-6.9922	0.000218838	-0.893057	-0.776876	0.00745687
141001	0.342285	0.335098	0.000137492	0.511422	0.500684	20.116	-7.50359	-7.49289	20.196	-6.99217	-6.9922	0.000217878	-0.835386	-0.776839	0.00743482
141201	0.339616	0.335083	0.000137628	0.507434	0.500662	20.1358	-7.49967	-7.49287	20.216	-6.99224	-6.9922	0.000217865	-0.818219	-0.776764	0.00744109
141401	0.330084	0.335103	0.000137105	0.493192	0.500691	20.0593	-7.48539	-7.4929	20.1392	-6.9922	-6.9922	0.000217329	-0.768611	-0.776979	0.00741629
141601	0.330987	0.335095	0.000136821	0.494541	0.50068	20.0177	-7.48672	-7.49288	20.0974	-6.99218	-6.9922	0.00021646	-0.727944	-0.776949	0.00740716
141801	0.350153	0.335093	0.00013655	0.523178	0.500677	19.9782	-7.51541	-7.49288	20.0576	-6.99223	-6.9922	0.000215516	-0.867032	-0.776909	0.0073898
142001	0.325841	0.335107	0.000136651	0.486852	0.500697	19.9929	-7.47906	-7.4929	20.0723	-6.99221	-6.9922	0.000214854	-0.713346	-0.777	0.00739629
142201	0.344128	0.335113	0.000136649	0.514176	0.500706	19.9926	-7.50643	-7.49291	20.0718	-6.99225	-6.9922	0.000214065	-0.828797	-0.777	0.00739059
142401	0.319526	0.33511	0.000136288	0.477417	0.500701	19.9398	-7.46955	-7.49291	20.0186	-6.99214	-6.9922	0.000213399	-0.644845	-0.776936	0.00737323
142601	0.337274	0.335109	0.000135883	0.503935	0.500699	19.8805	-7.49612	-7.4929	19.9591	-6.99218	-6.9922	0.000212668	-0.796312	-0.77691	0.00735525
142801	0.337916	0.335107	0.000135545	0.504894	0.500697	19.831	-7.49707	-7.4929	19.9093	-6.99218	-6.9922	0.000211785	-0.791481	-0.776844	0.00733886
143001	0.339874	0.335105	0.00013648	0.507819	0.500694	19.9679	-7.5	-7.4929	20.0464	-6.99218	-6.9922	0.000211269	-0.807711	-0.776832	0.007387
143201	0.351514	0.335091	0.000136541	0.525211	0.500673	19.9768	-7.51741	-7.49288	20.0556	-6.9922	-6.9922	0.000212393	-0.892205	-0.776766	0.00738797
143401	0.332207	0.335064	0.000136649	0.496364	0.500633	19.9926	-7.48864	-7.49284	20.0712	-6.99228	-6.9922	0.000212156	-0.716288	-0.776522	0.00739565
143601	0.341713	0.33509	0.000137374	0.510567	0.500671	20.0986	-7.50283	-7.49288	20.1777	-6.99226	-6.9922	0.000212737	-0.836339	-0.776694	0.0074262
143801	0.326082	0.335099	0.000136967	0.487212	0.500685	20.0391	-7.47936	-7.49289	20.1181	-6.99215	-6.9922	0.000212218	-0.70051	-0.776701	0.00740539
144001	0.329541	0.335104	0.000136771	0.492381	0.500692	20.0105	-7.48465	-7.4929	20.0895	-6.99227	-6.9922	0.000212121	-0.730819	-0.77672	0.00739704
144201	0.317441	0.335094	0.000136801	0.474302	0.500678	20.0148	-7.46653	-7.49288	20.0933	-6.99222	-6.9922	0.000211987	-0.637117	-0.776654	0.0074045
144401	0.321068	0.335116	0.000136877	0.479721	0.500711	20.0259	-7.4719	-7.49292	20.1046	-6.99218	-6.99221	0.000212513	-0.640419	-0.776728	0.00740638
144601	0.339737	0.335079	0.000137277	0.507615	0.500655	20.0845	-7.49987	-7.49286	20.1632	-6.99226	-6.9922	0.000211932	-0.781993	-0.776397	0.00744166
144801	0.331687	0.335102	0.000137071	0.495587	0.500689	20.0544	-7.48785	-7.49289	20.1332	-6.99227	-6.99221	0.000212481	-0.754665	-0.776519	0.00742363
145001	0.329658	0.335127	0.000137062	0.492555	0.500727	20.0531	-7.48476	-7.49293	20.132	-6.9922	-6.99221	0.000212952	-0.70115	-0.77667	0.00742305
145201	0.327395	0.335114	0.000136572	0.489174	0.500708	19.9813	-7.48136	-7.49291	20.06	-6.99218	-6.99221	0.000212339	-0.710138	-0.776501	0.00740387
145401	0.333909	0.335131	0.000137327	0.498907	0.500732	20.0918	-7.49106	-7.49294	20.1706	-6.99215	-6.99221	0.000211748	-0.774975	-0.776598	0.00744928
145601	0.340833	0.335111	0.000137301	0.509252	0.500703	20.0879	-7.50147	-7.49291	20.1669	-6.99222	-6.99221	0.000211837	-0.820489	-0.776437	0.00744894
145801	0.340298	0.335113	0.000136769	0.508453	0.500706	20.0102	-7.50068	-7.49291	20.0888	-6.99223	-6.99221	0.000210981	-0.81503	-0.776447	0.00742114
146001	0.33459	0.335108	0.000136221	0.499924	0.500698	19.93	-7.49213	-7.4929	20.0083	-6.99221	-6.99221	0.000210209	-0.768392	-0.77638	0.00739302
146201	0.330247	0.335111	0.000135953	0.493436	0.500703	19.8907	-7.48563	-7.49291	19.9689	-6.99219	-6.99221	0.000209706	-0.734378	-0.776392	0.00737649
146401	0.324805	0.335128	0.000136527	0.485305	0.500728	19.9748	-7.47753	-7.49293	20.0535	-6.99222	-6.99221	0.000211736	-0.661647	-0.776409	0.00740084
146601	0.349368	0.335123	0.000136838	0.522005	0.500721	20.0203	-7.51429	-7.49293	20.0991	-6.99229	-6.99221	0.000211503	-0.867258	-0.776314	0.00742145
146801	0.332142	0.335112	0.000136874	0.496267	0.500704	20.0255	-7.48857	-7.49291	20.1041	-6.99231	-6.99221	0.000211947	-0.733715	-0.776182	0.00742244
147001	0.346252	0.335131	0.000137094	0.51735	0.500733	20.0578	-7.50959	-7.49294	20.1367	-6.99224	-6.99221	0.000213401	-0.858733	-0.776297	0.0074319
147201	0.303787	0.335106	0.000137967	0.4539	0.500695	20.1854	-7.44603	-7.4929	20.2646	-6.99213	-6.99221	0.000212906	-0.52682	-0.776055	0.00748705
147401	0.34783	0.335132	0.000138423	0.519707	0.500734	20.2521	-7.51195	-7.49294	20.3316	-6.99224	-6.99221	0.000213	-0.861878	-0.776198	0.00750763
147601	0.310695	0.335124	0.000138369	0.464222	0.500723	20.2442	-7.45635	-7.49293	20.3235	-6.99213	-6.99221	0.000212682	-0.588877	-0.77611	0.0075053
147801	0.345049	0.33511	0.000138308	0.515552	0.500701	20.2353	-7.50777	-7.49291	20.3144	-6.99222	-6.99221	0.000212025	-0.845833	-0.775953	0.00750522
148001	0.327952	0.335121	0.000138046	0.490007	0.500718	20.197	-7.48217	-7.49292	20.2761	-6.99216	-6.99221	0.000211747	-0.700671	-0.776011	0.00749088
148201	0.337076	0.335101	0.0001376	0.503639	0.500689	20.1318	-7.49585	-7.49289	20.2109	-6.99221	-6.99221	0.000212238	-0.76548	-0.77583	0.00746886
148401	0.344057	0.335117	0.000137135	0.514069	0.500711	20.0637	-7.50628	-7.49292	20.1426	-6.99221	-6.99221	0.000211666	-0.820293	-0.775878	0.00744102
148601	0.340751	0.3351	0.000137105	0.50913	0.500686	20.0593	-7.50136	-7.49289	20.1382	-6.99223	-6.99221	0.000211308	-0.820008	-0.775744	0.00743802
148801	0.352202	0.335106	0.000136882	0.526239	0.500695	20.0267	-7.51849	-7.4929	20.1054	-6.99225	-6.99221	0.000210726	-0.892592	-0.775783	0.00742625
149001	0.334211	0.335125	0.000137052	0.499359	0.500724	20.0516	-7.49155	-7.49293	20.1301	-6.9922	-6.99221	0.000210129	-0.770973	-0.775915	0.0074333
149201	0.347569	0.335122	0.000137242	0.519317	0.500719	20.0794	-7.51155	-7.49293	20.1578	-6.99224	-6.99221	0.000209657	-0.862851	-0.775885	0.00744286
149401	0.359565	0.335107	0.000138302	0.537241	0.500696	20.2344	-7.52954	-7.4929	20.3131	-6.9923	-6.99221	0.000209344	-0.947285	-0.775771	0.00749539
149601	0.339245	0.335126	0.000138283	0.50688	0.500726	20.2317	-7.49916	-7.49293	20.3105	-6.99228	-6.99221	0.000210909	-0.807034	-0.775914	0.00749171
149801	0.331784	0.335111	0.000138225	0.495732	0.500703	20.2232	-7.4879	-7.49291	20.3018	-6.99217	-6.99221	0.000210238	-0.729739	-0.7758	0.00749212
150001	0.343187	0.335111	0.000137743	0.512769	0.500703	20.1526	-7.50503	-7.49291	20.2309	-6.99226	-6.99221	0.000209575	-0.831493	-0.775769	0.00746563
150201	0.320053	0.335112	0.000137871	0.478204	0.500704	20.1714	-7.47036	-7.49291	20.2499	-6.99216	-6.99221	0.000209405	-0.672786	-0.775739	0.00747019
150401	0.348876	0.335111	0.000137906	0.52127	0.500703	20.1765	-7.5135	-7.49291	20.2547	-6.99223	-6.99221	0.000208646	-0.87928	-0.775739	0.00747626
150601	0.333354	0.33512	0.000137815	0.498077	0.500717	20.1633	-7.49029	-7.49292	20.2414	-6.99222	-6.99221	0.000207895	-0.751061	-0.775755	0.00747396
150801	0.332743	0.335121	0.000137542	0.497165	0.500718	20.1233	-7.48946	-7.49293	20.2012	-6.99229	-6.99221	0.000208099	-0.764983	-0.775757	0.00745981
151001	0.335471	0.335132	0.000137362	0.501241	0.500734	20.097	-7.49344	-7.49294	20.1749	-6.9922	-6.99221	0.0002087	-0.76785	-0.775811	0.00745262
151201	0.341449	0.33513	0.000137135	0.510173	0.500731	20.0638	-7.50244	-7.49294	20.1416	-6.99227	-6.99221	0.000208658	-0.825075	-0.77575	0.00743962
151401	0.353842	0.33514	0.000138461	0.528689	0.500746	20.2577	-7.52094	-7.49295	20.3356	-6.99225	-6.99221	0.000208158	-0.904059	-0.775802	0.00750573
151601	0.338322	0.335116	0.000138465	0.5055	0.50071	20.2582	-7.49768	-7.49292	20.3365	-6.99218	-6.99221	0.000208532	-0.787451	-0.775615	0.00750535
151801	0.337769	0.335139	0.000138274	0.504675	0.500745	20.2304	-7.49688	-7.49295	20.3083	-6.9922	-6.99221	0.000207745	-0.799372	-0.77578	0.00749052
152001	0.334354	0.335118	0.000138015	0.499572	0.500713	20.1924	-7.49181	-7.49292	20.2701	-6.99224	-6.99221	0.000206993	-0.772374	-0.775632	0.00747692
152201	0.345536	0.335135	0.000138325	0.51628	0.500739	20.2378	-7.50848	-7.49295	20.3155	-6.9922	-6.99221	0.000206626	-0.857017	-0.775748	0.00749607
152401	0.339835	0.335122	0.000137949	0.507761	0.50072	20.1829	-7.49998	-7.49293	20.2604	-6.99222	-6.99221	0.000206169	-0.825781	-0.77565	0.00747875
152601	0.324561	0.335136	0.00013772	0.48494	0.50074	20.1493	-7.47714	-7.49295	20.2267	-6.9922	-6.99221	0.000205588	-0.668403	-0.775785	0.00747394
152801	0.348214	0.335141	0.000137642	0.520281	0.500748	20.1379	-7.51249	-7.49296	20.2151	-6.99221	-6.99221	0.000204969	-0.86451	-0.775808	0.00747271
153001	0.334871	0.335149	0.000137555	0.500345	0.50076	20.1252	-7.49254	-7.49297	20.2022	-6.9922	-6.99221	0.000204207	-0.762004	-0.775859	0.00746565
153201	0.365388	0.335141	0.000137874	0.54594	0.500748	20.1718	-7.53824	-7.49296	20.249	-6.9923	-6.99221	0.000203997	-1.00111	-0.775816	0.00748447
153401	0.335143	0.335131	0.000138297	0.500751	0.500732	20.2337	-7.49292	-7.49294	20.3112	-6.99217	-6.99221	0.000203813	-0.787457	-0.775723	0.00751369
153601	0.348916	0.335134	0.000138073	0.52133	0.500738	20.2009	-7.51351	-7.49295	20.2781	-6.99218	-6.99221	0.000203944	-0.874552	-0.775768	0.00750048
153801	0.343936	0.335131	0.000138462	0.513889	0.500732	20.2579	-7.50619	-7.49294	20.3353	-6.9923	-6.99221	0.000203906	-0.821897	-0.775741	0.00751638
154001	0.348977	0.335129	0.000138692	0.521421	0.50073	20.2915	-7.51377	-7.49294	20.3689	-6.99235	-6.99221	0.000205239	-0.872621	-0.775654	0.00753057
154201	0.331748	0.33514	0.00013838	0.495678	0.500746	20.2459	-7.48787	-7.49295	20.3233	-6.99219	-6.99221	0.000205778	-0.756035	-0.775737	0.00751083
154401	0.338563	0.335147	0.000138176	0.50586	0.500756	20.2159	-7.49809	-7.49296	20.2932	-6.99223	-6.99221	0.000205286	-0.78535	-0.77575	0.00750234
154601	0.321985	0.335136	0.000137926	0.48109	0.500741	20.1795	-7.4733	-7.49295	20.2565	-6.99221	-6.99221	0.000204591	-0.681048	-0.775663	0.00748996
154801	0.332949	0.335139	0.000137774	0.497473	0.500744	20.1573	-7.48965	-7.49295	20.2342	-6.99218	-6.99221	0.000204279	-0.769726	-0.775691	0.00748138
155001	0.334526	0.335144	0.000137416	0.499829	0.500753	20.1049	-7.49206	-7.49296	20.1816	-6.99223	-6.99221	0.000203592	-0.76426	-0.775725	0.00746
155201	0.326674	0.33513	0.000137255	0.488098	0.500732	20.0813	-7.48034	-7.49294	20.1577	-6.99224	-6.99221	0.000203024	-0.718817	-0.775638	0.00745356
155401	0.333508	0.335144	0.000137524	0.498308	0.500752	20.1206	-7.49051	-7.49296	20.1972	-6.9922	-6.99221	0.000202817	-0.766953	-0.775771	0.00747734
155601	0.347304	0.33515	0.000137346	0.518921	0.500761	20.0946	-7.51124	-7.49297	20.1712	-6.99232	-6.99221	0.000202931	-0.87552	-0.775847	0.0074704
155801	0.341194	0.33518	0.000137895	0.509792	0.500806	20.1749	-7.50208	-7.49301	20.252	-6.99229	-6.99221	0.000205122	-0.840638	-0.776097	0.0075058
156001	0.344235	0.335156	0.000137746	0.514336	0.500771	20.1531	-7.50652	-7.49298	20.2301	-6.99218	-6.99221	0.000204704	-0.845031	-0.775973	0.00749211
156201	0.350227	0.335151	0.000137922	0.523288	0.500763	20.1788	-7.51557	-7.49297	20.2558	-6.99228	-6.99221	0.000204465	-0.884589	-0.77592	0.00750238
156401	0.332962	0.335156	0.000137638	0.497492	0.500771	20.1373	-7.48977	-7.49298	20.2142	-6.99228	-6.99221	0.000204426	-0.757093	-0.775923	0.00748712
156601	0.326894	0.335168	0.00013737	0.488425	0.500788	20.0981	-7.48059	-7.493	20.1748	-6.99217	-6.99221	0.000204135	-0.716341	-0.776033	0.00747361
156801	0.342924	0.335159	0.000137056	0.512377	0.500775	20.0521	-7.50466	-7.49298	20.1288	-6.99228	-6.99221	0.000203903	-0.833013	-0.775947	0.00745854
157001	0.334167	0.335157	0.000136866	0.499293	0.500771	20.0244	-7.49156	-7.49298	20.1009	-6.99226	-6.99221	0.00020362	-0.753029	-0.775873	0.00745187
157201	0.329554	0.335151	0.000137057	0.492399	0.500762	20.0523	-7.4846	-7.49297	20.129	-6.9922	-6.99221	0.00020349	-0.731788	-0.775787	0.0074678
157401	0.341234	0.335162	0.000136713	0.509852	0.500779	20.002	-7.50212	-7.49299	20.0785	-6.99226	-6.99221	0.000202979	-0.805143	-0.775849	0.00744697
157601	0.330811	0.335153	0.000136695	0.494279	0.500766	19.9994	-7.48654	-7.49297	20.0757	-6.99226	-6.99221	0.000202668	-0.73456	-0.775754	0.00744544
157801	0.341962	0.335158	0.000136569	0.51094	0.500773	19.9809	-7.50309	-7.49298	20.0571	-6.99215	-6.99221	0.000202259	-0.815519	-0.775772	0.00743559
158001	0.335741	0.335138	0.000136333	0.501644	0.500743	19.9463	-7.49389	-7.49295	20.0224	-6.99224	-6.99221	0.000202257	-0.758844	-0.775629	0.00742283
158201	0.337499	0.335147	0.000136992	0.504271	0.500757	20.0429	-7.4965	-7.49297	20.1192	-6.99223	-6.99221	0.000202213	-0.779649	-0.775664	0.00745861
158401	0.320419	0.335127	0.000137169	0.478752	0.500727	20.0686	-7.47091	-7.49294	20.1453	-6.99216	-6.99221	0.000202509	-0.677624	-0.775496	0.00746437
158601	0.335561	0.335163	0.000137574	0.501375	0.500781	20.1279	-7.49357	-7.49299	20.2049	-6.9922	-6.99221	0.000202559	-0.787866	-0.775751	0.00747924
158801	0.342771	0.33515	0.000137241	0.512147	0.500761	20.0792	-7.50431	-7.49297	20.156	-6.99216	-6.99221	0.000202281	-0.84359	-0.775668	0.00746216
159001	0.354311	0.335147	0.00013742	0.52939	0.500757	20.1054	-7.52168	-7.49297	20.1822	-6.99229	-6.99221	0.000202351	-0.91687	-0.775652	0.00747261
159201	0.315147	0.335141	0.00013754	0.470875	0.500748	20.123	-7.46296	-7.49296	20.2001	-6.99209	-6.99221	0.000202756	-0.631444	-0.775618	0.0074778
159401	0.341926	0.335144	0.000137296	0.510885	0.500752	20.0873	-7.50312	-7.49296	20.1643	-6.99224	-6.99221	0.00020286	-0.824276	-0.775674	0.00746655
159601	0.326653	0.335147	0.00013702	0.488065	0.500757	20.0469	-7.48027	-7.49297	20.1237	-6.9922	-6.99221	0.00020231	-0.732758	-0.775718	0.00745233
159801	0.337556	0.335141	0.000136836	0.504356	0.500748	20.02	-7.4966	-7.49296	20.0966	-6.99224	-6.99221	0.000201723	-0.804799	-0.775721	0.00743961
160001	0.324774	0.335152	0.000136816	0.485257	0.500764	20.0171	-7.47738	-7.49297	20.0938	-6.99213	-6.99221	0.000201861	-0.711662	-0.775801	0.0074346
160201	0.340574	0.335138	0.000136816	0.508866	0.500744	20.017	-7.5011	-7.49295	20.0939	-6.99223	-6.99221	0.000202006	-0.816121	-0.775744	0.00742859
160401	0.355212	0.335131	0.000136645	0.530737	0.500733	19.992	-7.52297	-7.49294	20.0686	-6.99223	-6.99221	0.000201387	-0.941854	-0.775675	0.00742447
160601	0.333426	0.335135	0.000136535	0.498185	0.500739	19.9759	-7.49036	-7.49295	20.0523	-6.99218	-6.99221	0.000200785	-0.780053	-0.775718	0.00742336
160801	0.344404	0.335134	0.000136225	0.514588	0.500737	19.9306	-7.5068	-7.49295	20.007	-6.99221	-6.99221	0.000200461	-0.860074	-0.775733	0.00740786
161001	0.325654	0.335129	0.000135978	0.486573	0.500729	19.8944	-7.47877	-7.49294	19.9706	-6.9922	-6.99221	0.000200022	-0.722464	-0.775725	0.00739328
161201	0.332362	0.335118	0.000135763	0.496595	0.500714	19.863	-7.48881	-7.49292	19.939	-6.99222	-6.99221	0.000199752	-0.777808	-0.775687	0.00738235
161401	0.315051	0.335142	0.000135823	0.470731	0.50075	19.8718	-7.4629	-7.49296	19.9477	-6.99217	-6.99221	0.000199267	-0.65412	-0.77593	0.00739364
161601	0.338424	0.335121	0.000136053	0.505653	0.500718	19.9054	-7.49787	-7.49293	19.9814	-6.99222	-6.99221	0.000198885	-0.806328	-0.7758	0.00739938
161801	0.349792	0.335126	0.000135674	0.522638	0.500725	19.85	-7.51496	-7.49293	19.9258	-6.99232	-6.99221	0.000199167	-0.889495	-0.775819	0.00737889
162001	0.350157	0.335128	0.000135894	0.523184	0.500728	19.8821	-7.51539	-7.49294	19.9579	-6.99221	-6.99221	0.000199671	-0.896988	-0.77587	0.00739258
162201	0.347708	0.335116	0.000135747	0.519525	0.500711	19.8606	-7.51177	-7.49292	19.9364	-6.99225	-6.99221	0.000199274	-0.881186	-0.77581	0.00738562
162401	0.341014	0.335144	0.000135865	0.509523	0.500752	19.8779	-7.50177	-7.49296	19.9539	-6.99224	-6.99221	0.000200623	-0.819547	-0.776022	0.00739299
162601	0.328507	0.335104	0.000136365	0.490836	0.500692	19.9511	-7.48299	-7.4929	20.0278	-6.99216	-6.99221	0.000202336	-0.720807	-0.775744	0.00741548
162801	0.320739	0.335114	0.000137745	0.479229	0.500707	20.153	-7.47137	-7.49292	20.2303	-6.99214	-6.99221	0.000202363	-0.680744	-0.775787	0.007487
163001	0.338205	0.335142	0.000138378	0.505326	0.500749	20.2455	-7.49761	-7.49296	20.3236	-6.99229	-6.99221	0.000203541	-0.792278	-0.775962	0.00751405
163201	0.336875	0.335109	0.000138358	0.503338	0.500701	20.2426	-7.49557	-7.49291	20.3205	-6.99224	-6.99221	0.000203198	-0.780646	-0.775738	0.00751168
163401	0.351068	0.335141	0.000138321	0.524545	0.500747	20.2372	-7.51682	-7.49296	20.3154	-6.99228	-6.99221	0.000203574	-0.898404	-0.775986	0.00751175
163601	0.356493	0.335131	0.000138833	0.532651	0.500733	20.3121	-7.52488	-7.49294	20.3901	-6.99223	-6.99221	0.000203093	-0.928625	-0.775904	0.00754435
163801	0.325495	0.335121	0.000138719	0.486335	0.500718	20.2955	-7.4785	-7.49293	20.3734	-6.99216	-6.99221	0.000202847	-0.702323	-0.775834	0.0075375
164001	0.344324	0.335134	0.000138653	0.514469	0.500737	20.2858	-7.5067	-7.49295	20.3636	-6.99224	-6.99221	0.000202318	-0.838266	-0.775915	0.00753205
164201	0.320516	0.335131	0.000138713	0.478897	0.500733	20.2945	-7.47103	-7.49294	20.3722	-6.99213	-6.99221	0.000201856	-0.664251	-0.775849	0.00753649
164401	0.35601	0.335122	0.000138776	0.531929	0.50072	20.3038	-7.52418	-7.49293	20.3817	-6.99226	-6.99221	0.000202184	-0.925361	-0.775768	0.00753926
164601	0.321652	0.335125	0.000138567	0.480593	0.500724	20.2732	-7.47279	-7.49293	20.3508	-6.9922	-6.99221	0.000201601	-0.668115	-0.775823	0.00752916
164801	0.321625	0.335116	0.000138507	0.480553	0.500711	20.2644	-7.47271	-7.49292	20.3419	-6.99216	-6.99221	0.00020132	-0.678133	-0.775745	0.00752756
165001	0.331895	0.335129	0.000138408	0.495897	0.500729	20.25	-7.48811	-7.49294	20.3275	-6.99221	-6.99221	0.000200909	-0.773953	-0.775858	0.0075211
165201	0.329604	0.335139	0.000138425	0.492474	0.500745	20.2524	-7.48462	-7.49295	20.3296	-6.99214	-6.99221	0.000200383	-0.739315	-0.775939	0.00752264
165401	0.328079	0.335125	0.000139102	0.490196	0.500724	20.3515	-7.48237	-7.49293	20.429	-6.99217	-6.99221	0.000200383	-0.716534	-0.775826	0.0075583
165601	0.370175	0.335141	0.00013983	0.553093	0.500748	20.458	-7.54538	-7.49296	20.5358	-6.99228	-6.99221	0.000200176	-1.03992	-0.775947	0.0075981
165801	0.325842	0.335124	0.000140284	0.486854	0.500722	20.5244	-7.47894	-7.49293	20.6024	-6.99209	-6.99221	0.000200924	-0.707226	-0.77583	0.00762193
166001	0.339117	0.335119	0.000140249	0.506689	0.500715	20.5194	-7.49898	-7.49292	20.5975	-6.99229	-6.99221	0.000201288	-0.812393	-0.775829	0.00762088
166201	0.327923	0.335141	0.000140386	0.489963	0.500748	20.5393	-7.48204	-7.49296	20.6179	-6.99208	-6.99221	0.000202444	-0.737738	-0.776017	0.00763316
166401	0.3406	0.335129	0.000140098	0.508905	0.50073	20.4971	-7.50104	-7.49294	20.5758	-6.99213	-6.99221	0.000204243	-0.832302	-0.775967	0.00761638
166601	0.332729	0.335128	0.000140049	0.497144	0.500729	20.4901	-7.48937	-7.49294	20.5688	-6.99223	-6.99221	0.000204396	-0.759255	-0.775958	0.00761211
166801	0.360878	0.335136	0.00013989	0.539202	0.500741	20.4667	-7.53146	-7.49295	20.5453	-6.99226	-6.99221	0.000203928	-0.972012	-0.776018	0.00760444
167001	0.322007	0.335128	0.000140127	0.481124	0.500728	20.5015	-7.47331	-7.49294	20.58	-6.99219	-6.99221	0.00020355	-0.666844	-0.775919	0.00762128
167201	0.326549	0.335142	0.000140029	0.487911	0.500749	20.4871	-7.48014	-7.49296	20.5656	-6.99223	-6.99221	0.000203522	-0.709979	-0.776009	0.00761687
167401	0.326702	0.335137	0.000139744	0.488139	0.500741	20.4455	-7.4803	-7.49295	20.5238	-6.99216	-6.99221	0.000203041	-0.706531	-0.775937	0.00760107
167601	0.336119	0.335133	0.000139546	0.502209	0.500737	20.4164	-7.49445	-7.49295	20.4946	-6.99224	-6.99221	0.000202676	-0.779464	-0.775871	0.0075941
167801	0.335551	0.335134	0.000139241	0.50136	0.500737	20.3718	-7.49362	-7.49295	20.4498	-6.99226	-6.99221	0.000202229	-0.748999	-0.775855	0.0075799
168001	0.340427	0.335138	0.00013922	0.508645	0.500743	20.3688	-7.50081	-7.49295	20.4469	-6.99217	-6.99221	0.000202157	-0.798699	-0.775851	0.00757999
168201	0.34297	0.33514	0.000139039	0.512445	0.500746	20.3423	-7.5048	-7.49295	20.4204	-6.99235	-6.99221	0.00020243	-0.820098	-0.775843	0.0075658
168401	0.338398	0.335142	0.000138902	0.505614	0.50075	20.3223	-7.49783	-7.49296	20.4003	-6.99221	-6.99221	0.000203383	-0.800099	-0.775851	0.00755619
168601	0.347695	0.335133	0.000138664	0.519505	0.500736	20.2875	-7.51177	-7.49294	20.3654	-6.99226	-6.99221	0.000203067	-0.870161	-0.775794	0.00754219
168801	0.343365	0.335143	0.000139143	0.513036	0.500751	20.3574	-7.5053	-7.49296	20.4354	-6.99227	-6.99221	0.0002031	-0.819785	-0.775851	0.00756515
169001	0.313745	0.335145	0.000138992	0.468779	0.500754	20.3354	-7.46091	-7.49296	20.4133	-6.99213	-6.99221	0.000202866	-0.605817	-0.775855	0.0075592
169201	0.345742	0.335132	0.000138863	0.516587	0.500734	20.3165	-7.50889	-7.49294	20.3944	-6.9923	-6.99221	0.000203086	-0.831865	-0.775743	0.00755358
169401	0.333376	0.335133	0.000138737	0.498111	0.500736	20.2981	-7.49036	-7.49294	20.3761	-6.99225	-6.99221	0.000203151	-0.75442	-0.775743	0.00754146
169601	0.308678	0.335128	0.000139232	0.461208	0.500729	20.3705	-7.45336	-7.49294	20.4486	-6.99215	-6.99221	0.000203007	-0.567793	-0.775673	0.00757099
169801	0.329079	0.335133	0.000139359	0.491691	0.500735	20.3891	-7.48388	-7.49294	20.4673	-6.99219	-6.99221	0.000202828	-0.719831	-0.775698	0.00758122
170001	0.330283	0.335134	0.000139483	0.493489	0.500737	20.4072	-7.48573	-7.49295	20.4853	-6.99224	-6.99221	0.000202401	-0.745742	-0.775706	0.00758552
170201	0.337316	0.335141	0.000139242	0.503998	0.500748	20.372	-7.49618	-7.49296	20.45	-6.99218	-6.99221	0.000202042	-0.805839	-0.77578	0.00757307
170401	0.344632	0.335135	0.000139262	0.514928	0.500739	20.3748	-7.50719	-7.49295	20.4528	-6.99226	-6.99221	0.000201883	-0.848048	-0.775738	0.00757649
170601	0.332139	0.335134	0.00013895	0.496262	0.500737	20.3293	-7.48846	-7.49295	20.4072	-6.9922	-6.99221	0.000201513	-0.761273	-0.775735	0.00755948
170801	0.338098	0.335142	0.000138701	0.505166	0.500749	20.2928	-7.49738	-7.49296	20.3705	-6.99221	-6.99221	0.000201258	-0.809068	-0.775801	0.00754649
171001	0.350036	0.335141	0.000138569	0.523003	0.500747	20.2736	-7.51523	-7.49296	20.3512	-6.99223	-6.99221	0.000200935	-0.884304	-0.775829	0.00753669
171201	0.355278	0.335141	0.00013859	0.530836	0.500748	20.2765	-7.52313	-7.49296	20.3541	-6.99229	-6.99221	0.000200555	-0.920613	-0.775856	0.00753654
171401	0.328049	0.335141	0.000138443	0.490152	0.500748	20.255	-7.48237	-7.49296	20.3325	-6.99222	-6.99221	0.000200356	-0.725167	-0.775846	0.007528
171601	0.327673	0.335135	0.000138113	0.48959	0.500739	20.2068	-7.48186	-7.49295	20.284	-6.99227	-6.99221	0.000200139	-0.698909	-0.775777	0.00751197
171801	0.339987	0.335148	0.000138177	0.507988	0.500759	20.2161	-7.50024	-7.49297	20.2933	-6.99225	-6.99221	0.000200136	-0.811604	-0.775887	0.0075128
172001	0.322695	0.335129	0.000138563	0.482152	0.50073	20.2727	-7.47432	-7.49294	20.3502	-6.99217	-6.99221	0.000200074	-0.688867	-0.775716	0.00753538
172201	0.341233	0.335145	0.000138567	0.50985	0.500754	20.2733	-7.50207	-7.49296	20.3506	-6.99222	-6.99221	0.000199595	-0.809554	-0.775854	0.00753927
172401	0.327751	0.335138	0.000138503	0.489706	0.500744	20.2638	-7.48182	-7.49295	20.3413	-6.99212	-6.99221	0.000199881	-0.728671	-0.775831	0.00753311
172601	0.324072	0.335141	0.000138513	0.484209	0.500748	20.2653	-7.47636	-7.49296	20.3427	-6.99215	-6.99221	0.00019977	-0.689457	-0.775851	0.00753169
172801	0.338907	0.335146	0.00013861	0.506375	0.500755	20.2796	-7.4986	-7.49296	20.3571	-6.99222	-6.99221	0.00019959	-0.819858	-0.775889	0.00753723
173001	0.3332	0.335142	0.000138421	0.497847	0.500749	20.2518	-7.49006	-7.49296	20.3292	-6.99221	-6.99221	0.000199093	-0.759379	-0.775892	0.00752707
173201	0.338838	0.335142	0.000138159	0.506271	0.500749	20.2136	-7.49852	-7.49296	20.2908	-6.99225	-6.99221	0.000198677	-0.794214	-0.775877	0.00751299
173401	0.337008	0.335142	0.000138096	0.503537	0.500749	20.2044	-7.49573	-7.49296	20.2815	-6.9922	-6.99221	0.000198229	-0.794785	-0.775876	0.00750774
173601	0.35227	0.335131	0.000137995	0.526341	0.500733	20.1895	-7.51861	-7.49294	20.2665	-6.99227	-6.99221	0.000197884	-0.903009	-0.7758	0.00750163
173801	0.327249	0.335145	0.000137915	0.488956	0.500753	20.1778	-7.48114	-7.49296	20.2548	-6.99219	-6.99221	0.000197983	-0.719621	-0.775902	0.00749753
174001	0.324686	0.335154	0.000137813	0.485127	0.500768	20.1629	-7.47731	-7.49298	20.24	-6.99218	-6.99221	0.000197825	-0.70785	-0.775998	0.00749306
174201	0.321545	0.335117	0.000138337	0.480434	0.500712	20.2396	-7.47262	-7.49292	20.3171	-6.99219	-6.99221	0.000198628	-0.672984	-0.77577	0.00751444
174401	0.309726	0.335151	0.000140089	0.462774	0.500763	20.4959	-7.45497	-7.49297	20.5743	-6.9922	-6.99221	0.000199714	-0.597043	-0.776035	0.00761281
174601	0.331033	0.335134	0.000139909	0.49461	0.500737	20.4696	-7.48684	-7.49295	20.5478	-6.99223	-6.99221	0.000199297	-0.744274	-0.775908	0.00760336
174801	0.326863	0.335138	0.000140288	0.488379	0.500743	20.525	-7.48059	-7.49295	20.6035	-6.99221	-6.99221	0.000199234	-0.733487	-0.77596	0.00762156
175001	0.33028	0.335151	0.000140071	0.493485	0.500763	20.4932	-7.48568	-7.49297	20.5716	-6.9922	-6.99221	0.000198959	-0.737104	-0.77606	0.00760867
175201	0.350312	0.335139	0.000140326	0.523415	0.500744	20.5306	-7.51568	-7.49295	20.6089	-6.99226	-6.99221	0.000198562	-0.898756	-0.775973	0.00762375
175401	0.322161	0.335134	0.000140469	0.481353	0.500738	20.5514	-7.47354	-7.49295	20.6298	-6.99219	-6.99221	0.000198539	-0.687411	-0.775944	0.00763074
175601	0.339367	0.33515	0.000140556	0.507062	0.500762	20.5642	-7.49932	-7.49297	20.6427	-6.99225	-6.99221	0.000198819	-0.801626	-0.776066	0.00763523
175801	0.332687	0.335136	0.000140387	0.497081	0.50074	20.5394	-7.48927	-7.49295	20.6179	-6.99219	-6.99221	0.000198378	-0.756304	-0.775972	0.00762406
176001	0.33104	0.335132	0.000140103	0.49462	0.500735	20.498	-7.48681	-7.49294	20.5762	-6.99219	-6.99221	0.000197923	-0.751005	-0.775942	0.0076076
176201	0.334454	0.33512	0.0001404	0.499722	0.500716	20.5414	-7.49191	-7.49293	20.6197	-6.99219	-6.99221	0.00019786	-0.750539	-0.775848	0.00762968
176401	0.334833	0.335133	0.000140355	0.500288	0.500735	20.5348	-7.49251	-7.49294	20.6132	-6.99222	-6.99221	0.000197877	-0.775163	-0.775937	0.00762657
176601	0.316962	0.335126	0.000140335	0.473586	0.500725	20.5319	-7.46577	-7.49293	20.6102	-6.99218	-6.99221	0.000197421	-0.654924	-0.775874	0.00762636
176801	0.333892	0.335136	0.000140191	0.498882	0.50074	20.5109	-7.49108	-7.49295	20.589	-6.9922	-6.99221	0.000196966	-0.77631	-0.775952	0.00761764
177001	0.325313	0.33514	0.000139922	0.486063	0.500747	20.4715	-7.47821	-7.49296	20.5494	-6.99214	-6.99221	0.000196623	-0.695016	-0.776009	0.00760466
177201	0.363128	0.335126	0.000139995	0.542564	0.500725	20.4821	-7.53488	-7.49294	20.5604	-6.99232	-6.99221	0.000197133	-0.978617	-0.775897	0.00760923
177401	0.345284	0.335132	0.000140623	0.515904	0.500735	20.574	-7.50821	-7.49294	20.6526	-6.99231	-6.99221	0.000197614	-0.836683	-0.775954	0.00763817
177601	0.300374	0.33514	0.000140809	0.448801	0.500746	20.6013	-7.44093	-7.49296	20.68	-6.99212	-6.99221	0.000198105	-0.532273	-0.776003	0.00764843
177801	0.334333	0.335144	0.000141137	0.499541	0.500752	20.6493	-7.49172	-7.49296	20.728	-6.99218	-6.99221	0.000197916	-0.764081	-0.776073	0.00766878
178001	0.344086	0.335137	0.000141096	0.514113	0.500742	20.6433	-7.50633	-7.49295	20.722	-6.99222	-6.99221	0.000197809	-0.862912	-0.776049	0.00766563
178201	0.328638	0.335146	0.000140801	0.491031	0.500755	20.6001	-7.48315	-7.49296	20.6786	-6.99212	-6.99221	0.000197479	-0.736611	-0.776131	0.00765158
178401	0.342561	0.335134	0.000141208	0.511834	0.500737	20.6596	-7.5041	-7.49295	20.7386	-6.99226	-6.99221	0.000198072	-0.830511	-0.77602	0.00766921
178601	0.346389	0.335128	0.000140989	0.517553	0.500728	20.6276	-7.5099	-7.49294	20.7064	-6.99234	-6.99221	0.000198091	-0.851634	-0.775998	0.00765597
178801	0.320267	0.335149	0.00014114	0.478523	0.500759	20.6496	-7.47069	-7.49297	20.729	-6.99217	-6.99221	0.000199608	-0.682663	-0.776159	0.00766172
179001	0.318998	0.33513	0.000141091	0.476628	0.500732	20.6425	-7.46886	-7.49294	20.7218	-6.99223	-6.99221	0.000199594	-0.64941	-0.776026	0.00765887
179201	0.341222	0.335153	0.000141133	0.509833	0.500766	20.6486	-7.5021	-7.49298	20.7281	-6.99227	-6.99221	0.000200382	-0.82184	-0.776184	0.00766133
179401	0.339599	0.335146	0.000141001	0.507408	0.500756	20.6293	-7.49958	-7.49297	20.7088	-6.99217	-6.99221	0.000200044	-0.800031	-0.776148	0.00765237
179601	0.329278	0.335133	0.000141477	0.491988	0.500736	20.6989	-7.48429	-7.49295	20.7786	-6.9923	-6.99221	0.000200385	-0.740097	-0.776049	0.0076843
179801	0.317145	0.335131	0.000141847	0.473859	0.500733	20.7531	-7.46603	-7.49294	20.833	-6.99217	-6.99221	0.000200534	-0.655259	-0.776034	0.00770182
180001	0.333375	0.335141	0.000141668	0.49811	0.500748	20.727	-7.49039	-7.49296	20.8068	-6.99228	-6.99221	0.0002004	-0.759447	-0.776125	0.00769238
180201	0.321749	0.33514	0.000141343	0.480738	0.500746	20.6794	-7.47293	-7.49296	20.7591	-6.9922	-6.99221	0.000200061	-0.672149	-0.776096	0.00767522
180401	0.340484	0.335132	0.000141272	0.508731	0.500735	20.6689	-7.50099	-7.49295	20.7484	-6.99226	-6.99221	0.000199806	-0.812341	-0.776026	0.00766974
180601	0.36979	0.335148	0.000141348	0.552519	0.500759	20.6801	-7.54483	-7.49297	20.7597	-6.99231	-6.99221	0.000200497	-1.03173	-0.776152	0.00767734
180801	0.329739	0.335124	0.000142094	0.492676	0.500722	20.7892	-7.48491	-7.49293	20.8692	-6.99224	-6.99221	0.000200519	-0.737377	-0.775973	0.00771787
181001	0.343422	0.335145	0.000142067	0.51312	0.500753	20.7853	-7.50543	-7.49296	20.8656	-6.99231	-6.99221	0.00020222	-0.83685	-0.776098	0.0077141
181201	0.325022	0.335132	0.000141912	0.485629	0.500734	20.7626	-7.4778	-7.49295	20.8428	-6.99217	-6.99221	0.000202058	-0.689263	-0.775996	0.00770825
181401	0.315177	0.335147	0.000142228	0.470919	0.500756	20.8089	-7.46309	-7.49297	20.8894	-6.99217	-6.99221	0.000202467	-0.636488	-0.776104	0.00772637
181601	0.330254	0.335139	0.000142123	0.493446	0.500745	20.7934	-7.48568	-7.49296	20.874	-6.99223	-6.99221	0.00020223	-0.759394	-0.776048	0.0077206
181801	0.324523	0.335148	0.000142059	0.484883	0.500758	20.7841	-7.47709	-7.49297	20.8647	-6.99221	-6.99221	0.000202309	-0.701551	-0.776136	0.00771986
182001	0.335586	0.335168	0.000142238	0.501412	0.500789	20.8103	-7.49365	-7.493	20.8912	-6.99224	-6.99221	0.000203093	-0.779471	-0.776276	0.00772587
182201	0.349165	0.335151	0.000142565	0.521701	0.500762	20.8581	-7.51391	-7.49297	20.939	-6.99221	-6.99221	0.000202808	-0.884477	-0.776143	0.00774385
182401	0.344329	0.335158	0.00014249	0.514476	0.500774	20.8471	-7.50674	-7.49298	20.928	-6.99227	-6.99221	0.000202501	-0.83118	-0.776204	0.0077398
182601	0.341913	0.335156	0.000142728	0.510866	0.50077	20.882	-7.50318	-7.49298	20.9629	-6.99232	-6.99221	0.00020306	-0.820795	-0.776174	0.00775895
182801	0.316088	0.335153	0.000142576	0.47228	0.500765	20.8597	-7.46446	-7.49298	20.9406	-6.99218	-6.99221	0.000203005	-0.62221	-0.776121	0.00775113
183001	0.336403	0.335164	0.000142597	0.502633	0.500783	20.8628	-7.49489	-7.49299	20.9438	-6.99226	-6.99221	0.000203655	-0.773781	-0.776197	0.00775352
183201	0.321426	0.335163	0.000142736	0.480255	0.500781	20.8832	-7.47244	-7.49299	20.9642	-6.99219	-6.99221	0.000203334	-0.676128	-0.776164	0.00776313
183401	0.340578	0.335155	0.000142525	0.508872	0.500769	20.8523	-7.50107	-7.49298	20.9332	-6.9922	-6.99221	0.000202936	-0.815248	-0.776109	0.00775167
183601	0.356366	0.335155	0.000142467	0.532461	0.500769	20.8439	-7.5247	-7.49298	20.9246	-6.99224	-6.99221	0.00020249	-0.930213	-0.776124	0.0077472
183801	0.338251	0.335145	0.000142503	0.505395	0.500754	20.8491	-7.49755	-7.49297	20.9299	-6.99215	-6.99221	0.000202882	-0.78574	-0.776036	0.0077503
184001	0.328307	0.335158	0.000142329	0.490537	0.500773	20.8237	-7.48272	-7.49298	20.9042	-6.99219	-6.99221	0.000202586	-0.739172	-0.776128	0.00773995
184201	0.32447	0.335155	0.000142292	0.484804	0.500769	20.8181	-7.47699	-7.49298	20.8986	-6.99219	-6.99221	0.000202184	-0.690568	-0.776125	0.00773877
184401	0.347466	0.335164	0.000142097	0.519163	0.500782	20.7897	-7.51138	-7.49299	20.8701	-6.99221	-6.99221	0.000201748	-0.87724	-0.776189	0.00772936
184601	0.334014	0.335149	0.000141946	0.499064	0.500759	20.7676	-7.49119	-7.49297	20.8481	-6.99213	-6.99221	0.000202734	-0.777011	-0.776086	0.00772058
184801	0.339579	0.335155	0.000141755	0.507379	0.500769	20.7397	-7.49956	-7.49298	20.82	-6.99218	-6.99221	0.000202696	-0.799535	-0.776152	0.00770896
185001	0.326895	0.335151	0.000141826	0.488428	0.500763	20.75	-7.48057	-7.49297	20.8303	-6.99215	-6.99221	0.000202772	-0.704587	-0.776137	0.0077156
185201	0.324895	0.335159	0.000141717	0.485439	0.500775	20.7341	-7.4776	-7.49299	20.8142	-6.99216	-6.99221	0.000202808	-0.709721	-0.776197	0.0077084
185401	0.332487	0.335154	0.000141659	0.496783	0.500768	20.7256	-7.48897	-7.49298	20.8056	-6.99219	-6.99221	0.000202604	-0.767146	-0.776173	0.00770443
185601	0.340188	0.335168	0.000141482	0.508289	0.500789	20.6997	-7.50048	-7.493	20.7795	-6.99219	-6.99221	0.000202149	-0.783038	-0.776279	0.00769403
185801	0.343327	0.335149	0.000141499	0.512979	0.500759	20.7022	-7.50517	-7.49297	20.7822	-6.99219	-6.99221	0.000202784	-0.829117	-0.776115	0.00769764
186001	0.348198	0.335155	0.000141624	0.520257	0.500769	20.7205	-7.51251	-7.49298	20.8005	-6.99225	-6.99221	0.000202528	-0.87979	-0.776193	0.00770524
186201	0.323031	0.33515	0.000141424	0.482654	0.500762	20.6912	-7.4748	-7.49297	20.7711	-6.99214	-6.99221	0.000202265	-0.696059	-0.776164	0.00769249
186401	0.31977	0.335147	0.000141375	0.477781	0.500756	20.6841	-7.46994	-7.49297	20.7639	-6.99216	-6.99221	0.000202254	-0.669103	-0.776136	0.00768772
186601	0.305434	0.335154	0.000141823	0.456362	0.500767	20.7495	-7.44851	-7.49298	20.8295	-6.99215	-6.99221	0.000202068	-0.559115	-0.776191	0.00771017
186801	0.332522	0.335155	0.000142139	0.496835	0.500768	20.7958	-7.48902	-7.49298	20.8759	-6.99219	-6.99221	0.000201951	-0.757237	-0.776206	0.0077286
187001	0.351309	0.335141	0.000142153	0.524905	0.500748	20.7979	-7.51709	-7.49296	20.8783	-6.99218	-6.99221	0.000202646	-0.899468	-0.776114	0.00773009
187201	0.319806	0.335138	0.000142027	0.477836	0.500744	20.7794	-7.47	-7.49295	20.8596	-6.99216	-6.99221	0.000202562	-0.684049	-0.776116	0.00772271
187401	0.324266	0.335157	0.000142371	0.484499	0.500772	20.8298	-7.47669	-7.49298	20.9103	-6.99219	-6.99221	0.000202888	-0.693732	-0.776264	0.0077413
187601	0.334013	0.335146	0.000142233	0.499062	0.500756	20.8096	-7.49123	-7.49297	20.8901	-6.99217	-6.99221	0.000202816	-0.773181	-0.776164	0.00773342
187801	0.347996	0.335142	0.000142198	0.519955	0.50075	20.8044	-7.51219	-7.49296	20.8849	-6.99224	-6.99221	0.000202768	-0.854761	-0.776142	0.00772993
188001	0.335375	0.335135	0.00014202	0.501097	0.500739	20.7784	-7.49332	-7.49295	20.8587	-6.99223	-6.99221	0.000202325	-0.760283	-0.776059	0.00772173
188201	0.341577	0.335142	0.000141882	0.510364	0.500749	20.7582	-7.50255	-7.49296	20.8383	-6.99219	-6.99221	0.000201976	-0.826823	-0.776099	0.00771146
188401	0.337799	0.335138	0.00014166	0.504719	0.500743	20.7258	-7.4969	-7.49295	20.8059	-6.99218	-6.99221	0.000201734	-0.77351	-0.776043	0.00770201
188601	0.34714	0.335137	0.000141566	0.518676	0.500742	20.712	-7.51086	-7.49295	20.792	-6.99218	-6.99221	0.000201642	-0.871123	-0.776022	0.00769717
188801	0.335784	0.335137	0.000141386	0.501708	0.500742	20.6856	-7.49386	-7.49295	20.7654	-6.99215	-6.99221	0.000201498	-0.780423	-0.776023	0.00768712
189001	0.346349	0.33514	0.00014139	0.517495	0.500747	20.6863	-7.50966	-7.49296	20.766	-6.99217	-6.99221	0.000201763	-0.875994	-0.776059	0.00768825
189201	0.345038	0.335139	0.000141147	0.515535	0.500744	20.6507	-7.50782	-7.49295	20.7302	-6.99229	-6.99221	0.000201545	-0.840656	-0.776049	0.00767616
189401	0.32285	0.335149	0.000140988	0.482383	0.50076	20.6274	-7.47455	-7.49297	20.7069	-6.99216	-6.99221	0.000201519	-0.682577	-0.776094	0.00766456
189601	0.31987	0.335152	0.000141172	0.477931	0.500764	20.6544	-7.47004	-7.49297	20.734	-6.99211	-6.99221	0.00020132	-0.650281	-0.7761	0.00767623
189801	0.336621	0.335152	0.000141696	0.502959	0.500764	20.731	-7.49517	-7.49297	20.8109	-6.99221	-6.99221	0.000201562	-0.789441	-0.776097	0.0077085
190001	0.327428	0.335141	0.000141625	0.489223	0.500747	20.7207	-7.48141	-7.49296	20.8005	-6.99219	-6.99221	0.000201252	-0.706798	-0.776019	0.00770419
190201	0.328719	0.335143	0.00014142	0.491152	0.50075	20.6906	-7.48331	-7.49296	20.7702	-6.99215	-6.99221	0.000201093	-0.723502	-0.776034	0.00769296
190401	0.334145	0.33514	0.000141234	0.49926	0.500746	20.6634	-7.49148	-7.49296	20.743	-6.99222	-6.99221	0.000200815	-0.763127	-0.776001	0.0076814
190601	0.339698	0.335137	0.000141061	0.507557	0.500742	20.6381	-7.49978	-7.49295	20.7174	-6.99222	-6.99221	0.000200435	-0.812395	-0.775962	0.00767282
190801	0.338885	0.335136	0.000140924	0.506342	0.50074	20.6181	-7.49854	-7.49295	20.6974	-6.99219	-6.99221	0.000200305	-0.815628	-0.775975	0.00766473
191001	0.334315	0.335138	0.000140804	0.499514	0.500743	20.6005	-7.49179	-7.49295	20.6796	-6.99228	-6.99221	0.000199973	-0.754872	-0.775992	0.00766096
191201	0.339071	0.335136	0.000140855	0.50662	0.500741	20.608	-7.49879	-7.49295	20.6871	-6.99217	-6.99221	0.0002	-0.816277	-0.775969	0.00766337
191401	0.341241	0.335141	0.00014063	0.509862	0.500747	20.575	-7.50211	-7.49296	20.654	-6.99225	-6.99221	0.000199722	-0.832517	-0.776008	0.00765269
191601	0.324644	0.335148	0.000140479	0.485063	0.500758	20.5529	-7.47724	-7.49297	20.6318	-6.99217	-6.99221	0.000199497	-0.699541	-0.77608	0.00764591
191801	0.352918	0.335144	0.000140369	0.527309	0.500752	20.5368	-7.51957	-7.49296	20.6157	-6.99227	-6.99221	0.000199191	-0.905029	-0.776044	0.00763886
192001	0.329836	0.335145	0.000140183	0.492821	0.500753	20.5097	-7.48495	-7.49296	20.5885	-6.99213	-6.99221	0.000198973	-0.730833	-0.776054	0.00762855
192201	0.337789	0.335136	0.000140315	0.504704	0.50074	20.5289	-7.49687	-7.49295	20.6077	-6.99216	-6.99221	0.000199279	-0.787696	-0.775982	0.00763538
192401	0.330513	0.335141	0.000140186	0.493833	0.500748	20.5102	-7.48601	-7.49296	20.5888	-6.99217	-6.99221	0.000199192	-0.753604	-0.776026	0.00762766
192601	0.312212	0.335139	0.000140069	0.466489	0.500745	20.493	-7.45859	-7.49295	20.5715	-6.9921	-6.99221	0.000199061	-0.62395	-0.77602	0.00762007
192801	0.358355	0.335149	0.000140064	0.535433	0.50076	20.4922	-7.52765	-7.49297	20.5707	-6.99222	-6.99221	0.000199012	-0.957441	-0.776101	0.00761954
193001	0.334025	0.33514	0.000140054	0.49908	0.500747	20.4907	-7.49125	-7.49296	20.5694	-6.99217	-6.99221	0.000199434	-0.751223	-0.776055	0.00761837
193201	0.33353	0.335134	0.000139824	0.49834	0.500737	20.4571	-7.49047	-7.49295	20.5357	-6.99213	-6.99221	0.000199917	-0.785602	-0.776024	0.00760536
193401	0.343131	0.335147	0.000139654	0.512685	0.500757	20.4323	-7.50488	-7.49297	20.5107	-6.9922	-6.99221	0.000199698	-0.850919	-0.776129	0.00759784
193601	0.324458	0.335138	0.00013954	0.484786	0.500743	20.4155	-7.47684	-7.49295	20.4941	-6.99206	-6.99221	0.00020082	-0.71183	-0.77608	0.00759041
193801	0.319182	0.33514	0.00013953	0.476903	0.500747	20.414	-7.46904	-7.49295	20.4925	-6.99214	-6.99221	0.000201983	-0.654078	-0.77611	0.00759002
194001	0.343792	0.335128	0.000139477	0.513673	0.500728	20.4063	-7.50582	-7.49294	20.4848	-6.99215	-6.99221	0.000202855	-0.849172	-0.776017	0.00758788
194201	0.334234	0.335141	0.000139354	0.499392	0.500748	20.3883	-7.49154	-7.49296	20.4666	-6.99215	-6.99221	0.000202605	-0.764401	-0.776124	0.00758177
194401	0.33461	0.335126	0.000139257	0.499954	0.500725	20.3742	-7.49213	-7.49293	20.4526	-6.99218	-6.99221	0.000202793	-0.763302	-0.776017	0.00757671
194601	0.325689	0.335129	0.000139487	0.486625	0.50073	20.4078	-7.47874	-7.49294	20.4863	-6.99212	-6.99221	0.000203298	-0.70332	-0.77606	0.00758966
194801	0.353792	0.33513	0.00013937	0.528616	0.500731	20.3906	-7.52079	-7.49294	20.469	-6.99218	-6.99221	0.000203072	-0.928009	-0.776077	0.00758262
195001	0.342211	0.335126	0.000139384	0.511311	0.500725	20.3927	-7.50353	-7.49293	20.4711	-6.99222	-6.99221	0.00020296	-0.825328	-0.776071	0.0075827
195201	0.349465	0.335126	0.000139226	0.52215	0.500725	20.3697	-7.51437	-7.49293	20.4479	-6.99222	-6.99221	0.000202552	-0.881196	-0.776063	0.00757476
195401	0.33857	0.335125	0.000139067	0.505871	0.500725	20.3463	-7.49804	-7.49293	20.4244	-6.99217	-6.99221	0.000202289	-0.784184	-0.776049	0.00756745
195601	0.35117	0.335115	0.000139064	0.524697	0.500709	20.3459	-7.5169	-7.49292	20.424	-6.9922	-6.99221	0.000202226	-0.878569	-0.775951	0.0075682
195801	0.345601	0.335128	0.00013899	0.516377	0.500728	20.3351	-7.5086	-7.49294	20.4131	-6.99222	-6.99221	0.000201857	-0.85444	-0.776026	0.00756327
196001	0.339028	0.335113	0.000139037	0.506555	0.500706	20.342	-7.49876	-7.49291	20.42	-6.99221	-6.99221	0.000201707	-0.809751	-0.77593	0.00756257
196201	0.330646	0.335126	0.000138919	0.494031	0.500726	20.3247	-7.48623	-7.49293	20.4026	-6.9922	-6.99221	0.000201406	-0.738377	-0.77605	0.00755806
196401	0.334871	0.335124	0.000138726	0.500344	0.500722	20.2965	-7.4925	-7.49293	20.3743	-6.99215	-6.99221	0.000201047	-0.771519	-0.776017	0.00754789
196601	0.33331	0.335119	0.000138819	0.498012	0.500714	20.31	-7.49022	-7.49292	20.3878	-6.99221	-6.99221	0.000201074	-0.774894	-0.775981	0.00755345
196801	0.34084	0.335128	0.000138905	0.509263	0.500729	20.3227	-7.50149	-7.49294	20.4005	-6.99223	-6.99221	0.000200975	-0.826527	-0.776041	0.00755784
197001	0.317678	0.335112	0.000138827	0.474655	0.500704	20.3113	-7.46677	-7.49291	20.3892	-6.99211	-6.99221	0.000201416	-0.640233	-0.775926	0.00755304
197201	0.329576	0.335117	0.000138945	0.492432	0.500712	20.3286	-7.48462	-7.49292	20.4066	-6.99219	-6.99221	0.000201378	-0.739674	-0.775973	0.00756453
197401	0.336436	0.33512	0.000138706	0.502683	0.500717	20.2935	-7.49483	-7.49292	20.3714	-6.99215	-6.99221	0.000201045	-0.789857	-0.775978	0.00755126
197601	0.334604	0.335115	0.000138587	0.499946	0.500709	20.2762	-7.49211	-7.49292	20.354	-6.99217	-6.99221	0.000200921	-0.772733	-0.775937	0.00754581
197801	0.337514	0.335121	0.000138424	0.504294	0.500718	20.2523	-7.49642	-7.49292	20.3299	-6.99213	-6.99221	0.000200762	-0.787592	-0.775994	0.00753891
198001	0.34771	0.335115	0.000138309	0.519528	0.500709	20.2355	-7.51171	-7.49292	20.3132	-6.99218	-6.99221	0.000200829	-0.860203	-0.775945	0.00753233
198201	0.331252	0.335109	0.000138121	0.494938	0.5007	20.208	-7.48707	-7.49291	20.2856	-6.99213	-6.99221	0.000201133	-0.748505	-0.77592	0.00752071
198401	0.320975	0.335114	0.000138003	0.479582	0.500707	20.1907	-7.47169	-7.49291	20.2682	-6.9921	-6.99221	0.000201144	-0.695843	-0.775972	0.00751418
198601	0.34716	0.335124	0.000137925	0.518707	0.500723	20.1793	-7.51096	-7.49293	20.2569	-6.99226	-6.99221	0.000201291	-0.860371	-0.776058	0.00750837
198801	0.338136	0.335117	0.000137733	0.505223	0.500712	20.1512	-7.49734	-7.49292	20.2287	-6.99212	-6.99221	0.000201119	-0.797427	-0.775993	0.00749868
199001	0.340552	0.335127	0.000137997	0.508833	0.500726	20.1898	-7.50109	-7.49293	20.2675	-6.99226	-6.99221	0.000201444	-0.811468	-0.776077	0.00751445
199201	0.347149	0.335117	0.000137851	0.51869	0.500712	20.1684	-7.51088	-7.49292	20.2461	-6.99219	-6.99221	0.000201416	-0.869834	-0.775998	0.00750722
199401	0.327819	0.335118	0.000137705	0.489807	0.500714	20.1471	-7.48202	-7.49292	20.2247	-6.99221	-6.99221	0.000201167	-0.737167	-0.776029	0.00749951
199601	0.333791	0.335122	0.000137897	0.498731	0.50072	20.1752	-7.49084	-7.49293	20.2528	-6.99211	-6.99221	0.000201186	-0.762667	-0.776076	0.00751065
199801	0.322486	0.335122	0.000138003	0.48184	0.500719	20.1907	-7.47401	-7.49293	20.2684	-6.99217	-6.99221	0.000201284	-0.695072	-0.776081	0.00751615
