timestep            	T              	T_{ave}             	T_{var}           	K/N            	K_{ave}/N           	K_{var}           	U/N            	U_{ave}/N           	U_{var}           	E/N            	E_{ave}/N           	E_{var}           	P              	P_{ave}             	P_{var}
100001	0.403849	0.403849	0	0.603407	0.603407	0	-5.57773	-5.57773	0	-4.97433	-4.97433	0	-0.987216	-0.987216	0
100201	0.418906	0.406908	8.20908e-05	0.625905	0.607978	12.0104	-5.59947	-5.58193	11.6776	-4.97357	-4.97395	0.00314023	-1.2571	-1.12525	0.0100523
100401	0.412786	0.411327	0.000118041	0.616761	0.61458	17.2701	-5.59013	-5.58826	16.8454	-4.97337	-4.97368	0.00642783	-1.30222	-1.21102	0.0152897
100601	0.421395	0.412832	9.39176e-05	0.629624	0.61683	13.7407	-5.60325	-5.59044	13.4434	-4.97363	-4.97361	0.00503458	-1.27628	-1.23242	0.0111894
100801	0.408981	0.412501	9.23443e-05	0.611075	0.616335	13.5106	-5.58529	-5.59002	13.3159	-4.97422	-4.97369	0.00549321	-1.11766	-1.22257	0.00907931
101001	0.391633	0.411387	9.08087e-05	0.585155	0.614671	13.2859	-5.55974	-5.58851	12.983	-4.97459	-4.97384	0.0103856	-0.949682	-1.18768	0.0126176
101201	0.395104	0.412789	0.000120448	0.59034	0.616765	17.6224	-5.56478	-5.59072	17.5379	-4.97444	-4.97396	0.0134543	-0.775451	-1.1602	0.0155157
101401	0.426763	0.415721	0.000213966	0.637644	0.621145	31.3045	-5.61182	-5.59515	31.3575	-4.97418	-4.97401	0.0124959	-0.935763	-1.1312	0.0200001
101601	0.456346	0.418824	0.000277345	0.681845	0.625782	40.5773	-5.65639	-5.59983	40.8185	-4.97455	-4.97404	0.0117002	-0.960116	-1.10824	0.0213063
101801	0.42857	0.421433	0.000316846	0.640344	0.62968	46.3566	-5.61508	-5.6038	46.8805	-4.97474	-4.97412	0.0136742	-0.887532	-1.08188	0.0249422
102001	0.405866	0.423055	0.000333581	0.60642	0.632103	48.805	-5.58035	-5.60625	49.401	-4.97393	-4.97415	0.0131091	-0.95404	-1.07962	0.023192
102201	0.428035	0.422859	0.000309079	0.639544	0.631811	45.2202	-5.61271	-5.60591	45.7649	-4.97317	-4.9741	0.0141413	-1.2822	-1.08389	0.0221078
102401	0.427715	0.422864	0.000290412	0.639066	0.631819	42.489	-5.61212	-5.60582	42.9953	-4.97305	-4.97401	0.0186921	-1.36077	-1.10443	0.0252999
102601	0.425476	0.422863	0.000270332	0.635722	0.631817	39.5512	-5.6093	-5.60576	40.0257	-4.97357	-4.97395	0.0200661	-1.27175	-1.1193	0.026076
102801	0.416363	0.423195	0.000256841	0.622104	0.632313	37.5774	-5.59639	-5.60626	38.0067	-4.97428	-4.97395	0.0188332	-1.15536	-1.12906	0.0256413
103001	0.443024	0.423644	0.000250455	0.66194	0.632984	36.6431	-5.63666	-5.60697	37.1055	-4.97472	-4.97398	0.0189314	-1.15452	-1.13199	0.0241225
103201	0.434158	0.424587	0.000255584	0.648694	0.634392	37.3935	-5.62399	-5.60844	38.0238	-4.97529	-4.97405	0.022029	-0.921858	-1.12583	0.0233721
103401	0.437992	0.42496	0.000253405	0.654421	0.63495	37.0748	-5.62997	-5.60908	37.7763	-4.97555	-4.97413	0.0275683	-0.844078	-1.10939	0.0264667
103601	0.453408	0.425202	0.000243638	0.677456	0.635312	35.6457	-5.65313	-5.60953	36.385	-4.97568	-4.97422	0.03435	-0.938677	-1.09257	0.0298868
103801	0.451433	0.426744	0.000282978	0.674504	0.637615	41.4014	-5.64978	-5.6119	42.4621	-4.97528	-4.97428	0.0376946	-1.07693	-1.08729	0.029368
104001	0.426588	0.427651	0.000291221	0.637383	0.638971	42.6074	-5.61245	-5.6133	43.7686	-4.97506	-4.97433	0.0383514	-1.00413	-1.08692	0.0280964
104201	0.434567	0.427691	0.000280822	0.649305	0.63903	41.086	-5.62408	-5.61338	42.1936	-4.97477	-4.97435	0.0375302	-1.16639	-1.08856	0.0270623
104401	0.451429	0.427929	0.000279251	0.674499	0.639386	40.8562	-5.64926	-5.61376	41.9311	-4.97476	-4.97437	0.0361971	-1.1773	-1.08998	0.0260847
104601	0.434819	0.428618	0.000284105	0.649681	0.640415	41.5663	-5.62468	-5.61481	42.659	-4.97499	-4.97439	0.035298	-0.936956	-1.08887	0.0252357
104801	0.432404	0.429633	0.000301527	0.646073	0.641931	44.1153	-5.62152	-5.61636	45.3116	-4.97544	-4.97443	0.0356197	-0.952915	-1.08646	0.0244068
105001	0.434976	0.429771	0.000291321	0.649915	0.642139	42.6221	-5.62585	-5.61662	43.8065	-4.97594	-4.97448	0.0383223	-0.848559	-1.07955	0.0246834
105201	0.432275	0.430425	0.000293824	0.645879	0.643115	42.9882	-5.62168	-5.61765	44.3127	-4.9758	-4.97453	0.0419449	-0.934418	-1.07289	0.0249006
105401	0.460288	0.43082	0.000290311	0.687735	0.643705	42.4743	-5.66313	-5.61828	43.8266	-4.9754	-4.97457	0.0432101	-1.16247	-1.07158	0.0241841
105601	0.442803	0.431209	0.000285676	0.66161	0.644287	41.7962	-5.63669	-5.61888	43.1498	-4.97508	-4.9746	0.0425781	-1.04084	-1.07113	0.0233758
105801	0.423335	0.431065	0.000277751	0.632522	0.644072	40.6367	-5.60722	-5.61868	41.9376	-4.9747	-4.97461	0.0413762	-0.932732	-1.06601	0.0233924
106001	0.444317	0.431146	0.000271764	0.663872	0.644193	39.7607	-5.63819	-5.6188	41.0098	-4.97431	-4.9746	0.0400588	-1.20355	-1.06654	0.0228934
106201	0.426303	0.430865	0.000273139	0.636956	0.643772	39.962	-5.61138	-5.61837	41.1817	-4.97442	-4.97459	0.0389083	-1.1706	-1.06862	0.0224299
106401	0.435758	0.430924	0.000268804	0.651084	0.64386	39.3278	-5.62598	-5.61846	40.5025	-4.9749	-4.97459	0.0377359	-1.16908	-1.07249	0.02236
106601	0.395898	0.430951	0.000268198	0.591528	0.643901	39.239	-5.56707	-5.61852	40.3737	-4.97554	-4.97461	0.0375133	-0.887391	-1.0737	0.0220032
106801	0.424624	0.430646	0.000267411	0.634447	0.643445	39.1239	-5.6101	-5.61809	40.1698	-4.97566	-4.97464	0.0383608	-0.983282	-1.07116	0.02166
107001	0.453696	0.430808	0.000263911	0.677886	0.643687	38.6118	-5.65369	-5.61836	39.6631	-4.97581	-4.97468	0.0394876	-0.974619	-1.06839	0.0214967
107201	0.44007	0.431243	0.000264362	0.657527	0.644338	38.6778	-5.63317	-5.61904	39.7912	-4.97565	-4.97471	0.0403983	-0.915735	-1.06433	0.021517
107401	0.429864	0.431586	0.000263654	0.642277	0.644851	38.5742	-5.61747	-5.61958	39.7026	-4.97519	-4.97473	0.0402413	-1.01918	-1.06283	0.0211896
107601	0.432115	0.431722	0.000258349	0.645641	0.645053	37.798	-5.62084	-5.61979	38.9087	-4.9752	-4.97474	0.0395169	-1.03561	-1.06356	0.0207128
107801	0.440832	0.431653	0.000253918	0.658664	0.64495	37.1498	-5.63388	-5.6197	38.2259	-4.97521	-4.97475	0.0388623	-0.962978	-1.0595	0.0208343
108001	0.446323	0.432222	0.000262861	0.666869	0.645801	38.4582	-5.64245	-5.62057	39.5796	-4.97558	-4.97476	0.0385527	-0.963079	-1.0592	0.0203856
108201	0.438091	0.432339	0.000258267	0.654569	0.645975	37.7861	-5.63058	-5.62077	38.9058	-4.97601	-4.97479	0.039362	-0.728034	-1.05294	0.0215871
108401	0.444202	0.432678	0.000264518	0.663701	0.646482	38.7007	-5.6392	-5.6213	39.8549	-4.9755	-4.97482	0.0401689	-0.890595	-1.04758	0.0226442
108601	0.415783	0.432423	0.000263918	0.621238	0.646101	38.6129	-5.59594	-5.62092	39.7362	-4.9747	-4.97482	0.0394383	-1.07728	-1.04424	0.0227402
108801	0.441816	0.432383	0.000259318	0.660136	0.646042	37.9399	-5.63457	-5.62086	39.0378	-4.97443	-4.97482	0.0386709	-1.19566	-1.04727	0.0226388
109001	0.44096	0.432518	0.00025469	0.658857	0.646243	37.2627	-5.63348	-5.62105	38.3284	-4.97463	-4.97481	0.0379647	-1.04763	-1.04865	0.0222616
109201	0.438505	0.432742	0.000251848	0.655188	0.646578	36.8469	-5.63002	-5.62139	37.8883	-4.97483	-4.97481	0.0371473	-1.04047	-1.04882	0.0217972
109401	0.414007	0.432676	0.000247408	0.618584	0.646479	36.1973	-5.59327	-5.62128	37.2177	-4.97469	-4.97481	0.0363662	-0.863717	-1.04765	0.0214474
109601	0.424081	0.432701	0.000248112	0.633636	0.646516	36.3004	-5.60866	-5.62132	37.3034	-4.97503	-4.97481	0.0356267	-0.887826	-1.04586	0.0213081
109801	0.419465	0.432882	0.000247604	0.62674	0.646786	36.226	-5.60184	-5.6216	37.2211	-4.9751	-4.97481	0.0350498	-0.905771	-1.04477	0.0210121
110001	0.464468	0.432918	0.000246612	0.693981	0.646841	36.0809	-5.66844	-5.62165	37.0468	-4.97446	-4.97481	0.0344044	-1.28265	-1.04414	0.020887
110201	0.428872	0.43304	0.000245277	0.640796	0.647023	35.8856	-5.61543	-5.62183	36.823	-4.97463	-4.97481	0.0338842	-1.13921	-1.04686	0.0209073
110401	0.432527	0.43338	0.000247957	0.646256	0.647531	36.2776	-5.62174	-5.62234	37.2173	-4.97549	-4.97481	0.0334107	-0.925263	-1.04835	0.020719
110601	0.452043	0.433594	0.000246968	0.675416	0.64785	36.133	-5.65098	-5.62268	37.0872	-4.97556	-4.97483	0.0334848	-1.01844	-1.04717	0.0204329
110801	0.45545	0.433588	0.000243982	0.680506	0.647842	35.696	-5.65541	-5.62268	36.6294	-4.97491	-4.97483	0.0331976	-1.24446	-1.04603	0.0203118
111001	0.42381	0.433543	0.000249612	0.633231	0.647775	36.5199	-5.60759	-5.6226	37.4513	-4.97436	-4.97483	0.0327101	-1.23065	-1.04913	0.020578
111201	0.422154	0.433427	0.000248051	0.630757	0.647601	36.2914	-5.60529	-5.62242	37.2157	-4.97453	-4.97482	0.0322983	-1.10258	-1.05146	0.0205677
111401	0.40938	0.433326	0.000247883	0.611671	0.64745	36.2668	-5.5862	-5.62227	37.1801	-4.97453	-4.97482	0.0318057	-1.06678	-1.05305	0.0204279
111601	0.405127	0.432852	0.000257603	0.605317	0.646742	37.689	-5.57938	-5.62155	38.6365	-4.97406	-4.97481	0.0316315	-1.19418	-1.05436	0.0202597
111801	0.431892	0.432854	0.0002544	0.645307	0.646745	37.2202	-5.62008	-5.62155	38.1523	-4.97477	-4.9748	0.0313659	-1.19021	-1.05887	0.021193
112001	0.431572	0.432957	0.000250945	0.64483	0.646898	36.7148	-5.62037	-5.62171	37.6396	-4.97554	-4.97481	0.0310518	-0.918292	-1.05949	0.0209584
112201	0.442396	0.432975	0.000248706	0.661002	0.646925	36.3872	-5.63693	-5.62175	37.3005	-4.97592	-4.97482	0.03151	-0.938097	-1.05663	0.0211668
112401	0.426151	0.43306	0.00024598	0.63673	0.647053	35.9884	-5.61271	-5.62189	36.9072	-4.97598	-4.97484	0.0323918	-0.865485	-1.0544	0.0211501
112601	0.447039	0.433247	0.000246268	0.667939	0.647332	36.0305	-5.64371	-5.62219	36.9736	-4.97577	-4.97486	0.0330353	-0.990514	-1.05388	0.0209412
112801	0.447123	0.433398	0.000245816	0.668064	0.647557	35.9644	-5.64322	-5.62243	36.914	-4.97516	-4.97487	0.0329097	-1.00854	-1.0514	0.0211241
113001	0.426592	0.433376	0.000242526	0.637389	0.647525	35.483	-5.61246	-5.6224	36.4177	-4.97507	-4.97487	0.0324411	-1.14979	-1.052	0.0208713
113201	0.431034	0.433332	0.000239734	0.644026	0.64746	35.0746	-5.61963	-5.62234	35.9933	-4.97561	-4.97488	0.032126	-0.82861	-1.05147	0.0207055
113401	0.463331	0.433493	0.000240959	0.692282	0.6477	35.2539	-5.66865	-5.62259	36.2015	-4.97637	-4.97489	0.0329291	-0.922972	-1.04827	0.0211569
113601	0.462326	0.433941	0.000252895	0.690781	0.648369	37.0002	-5.66777	-5.62329	38.0941	-4.97699	-4.97492	0.0355167	-0.803205	-1.04573	0.0213201
113801	0.44915	0.434272	0.000256781	0.671094	0.648863	37.5687	-5.64828	-5.62382	38.7968	-4.97719	-4.97495	0.0398668	-0.633722	-1.04042	0.022975
114001	0.45173	0.434542	0.000260999	0.674949	0.649267	38.1858	-5.651	-5.62424	39.4812	-4.97605	-4.97498	0.0419842	-1.05021	-1.03825	0.0233994
114201	0.442457	0.434611	0.000258243	0.661093	0.649371	37.7826	-5.63703	-5.62436	39.0732	-4.97594	-4.97499	0.0421437	-0.894849	-1.03737	0.0231831
114401	0.441339	0.434798	0.00025924	0.659423	0.64965	37.9285	-5.63555	-5.62465	39.2385	-4.97612	-4.975	0.0425012	-0.869294	-1.0359	0.0230785
114601	0.446104	0.434864	0.000256927	0.666541	0.649748	37.5901	-5.64282	-5.62477	38.8977	-4.97628	-4.97502	0.0431052	-0.774628	-1.03246	0.023654
114801	0.454008	0.435145	0.000259817	0.678352	0.650167	38.0129	-5.65454	-5.6252	39.3733	-4.97619	-4.97504	0.0439331	-0.907793	-1.03017	0.023732
115001	0.459023	0.435595	0.000272905	0.685845	0.650841	39.9278	-5.6622	-5.62589	41.375	-4.97636	-4.97505	0.0445904	-0.953754	-1.02951	0.0234745
115201	0.457038	0.435791	0.000272995	0.682879	0.651134	39.9409	-5.65907	-5.6262	41.4196	-4.97619	-4.97507	0.0454618	-1.04522	-1.02849	0.0232739
115401	0.430865	0.436047	0.000275418	0.643773	0.651515	40.2954	-5.6194	-5.6266	41.7986	-4.97563	-4.97508	0.0455115	-1.03259	-1.02944	0.0230805
115601	0.438207	0.436005	0.000272422	0.654743	0.651453	39.8571	-5.62962	-5.62654	41.3366	-4.97488	-4.97508	0.0449967	-1.04719	-1.02932	0.0227891
115801	0.426071	0.435971	0.000270504	0.63661	0.651403	39.5764	-5.61124	-5.62648	41.0403	-4.97463	-4.97508	0.0445936	-1.13168	-1.0304	0.0226276
116001	0.428898	0.435843	0.000269106	0.640834	0.65121	39.372	-5.61596	-5.62629	40.8209	-4.97513	-4.97508	0.0440841	-1.09573	-1.03127	0.0224489
116201	0.42644	0.435975	0.000270325	0.637162	0.651408	39.5502	-5.61256	-5.62649	40.9863	-4.9754	-4.97508	0.0435764	-0.825817	-1.03237	0.022566
116401	0.442418	0.435986	0.000269207	0.661034	0.651424	39.3866	-5.63678	-5.62651	40.8058	-4.97574	-4.97508	0.0432794	-0.820202	-1.02971	0.0229281
116601	0.446705	0.435984	0.000267734	0.66744	0.651422	39.1711	-5.6426	-5.62651	40.5695	-4.97516	-4.97509	0.0429163	-1.00716	-1.02793	0.0230607
116801	0.429656	0.435867	0.00026728	0.641967	0.651247	39.1048	-5.6167	-5.62633	40.4928	-4.97474	-4.97509	0.0424392	-1.08712	-1.02746	0.0228226
117001	0.421569	0.435748	0.000268061	0.629883	0.651069	39.219	-5.60435	-5.62615	40.6034	-4.97447	-4.97508	0.042103	-1.19285	-1.02889	0.0227606
117201	0.409326	0.435601	0.000268125	0.611591	0.650849	39.2283	-5.58556	-5.62592	40.6243	-4.97397	-4.97507	0.0422153	-1.2181	-1.03135	0.0230339
117401	0.409678	0.435316	0.000273533	0.612117	0.650423	40.0195	-5.58599	-5.62548	41.4664	-4.97388	-4.97506	0.0427856	-1.22943	-1.03375	0.0233123
117601	0.409621	0.435154	0.000273924	0.612031	0.650181	40.0769	-5.58628	-5.62523	41.5414	-4.97425	-4.97505	0.0430813	-1.25999	-1.03719	0.0241309
117801	0.405153	0.435108	0.0002758	0.605356	0.650113	40.3513	-5.5802	-5.62515	41.802	-4.97484	-4.97504	0.0428166	-0.987475	-1.03969	0.024673
118001	0.457553	0.43497	0.000277079	0.683648	0.649906	40.5384	-5.6588	-5.62495	41.9758	-4.97515	-4.97504	0.0423459	-1.20101	-1.03964	0.0244532
118201	0.442038	0.434933	0.000275989	0.660467	0.649852	40.3788	-5.63587	-5.62489	41.7985	-4.9754	-4.97504	0.0419181	-1.03881	-1.0394	0.0242714
118401	0.436279	0.435087	0.000275639	0.651863	0.650081	40.3276	-5.6274	-5.62513	41.7454	-4.97554	-4.97505	0.0416114	-0.993863	-1.03975	0.0240332
118601	0.387364	0.434979	0.000276991	0.578777	0.64992	40.5255	-5.55416	-5.62497	41.9204	-4.97538	-4.97505	0.0412997	-0.824825	-1.03896	0.0238919
118801	0.414108	0.434709	0.000281949	0.618735	0.649517	41.2509	-5.59359	-5.62457	42.626	-4.97486	-4.97505	0.0408841	-1.10983	-1.03874	0.0236953
119001	0.414694	0.434489	0.000284312	0.619611	0.649187	41.5966	-5.59373	-5.62423	42.9836	-4.97412	-4.97505	0.0407295	-1.23486	-1.03982	0.0235702
119201	0.418545	0.434311	0.000285333	0.625365	0.648921	41.746	-5.59971	-5.62396	43.1499	-4.97434	-4.97504	0.0408796	-1.23013	-1.04209	0.0238515
119401	0.416146	0.434187	0.000284165	0.621781	0.648737	41.5752	-5.59721	-5.62377	42.97	-4.97543	-4.97504	0.0405525	-0.885409	-1.04281	0.0237576
119601	0.411746	0.434085	0.000282824	0.615206	0.648584	41.379	-5.59195	-5.62363	42.7426	-4.97675	-4.97505	0.0410654	-0.481858	-1.0396	0.0246013
119801	0.430285	0.434087	0.000282106	0.642907	0.648587	41.2739	-5.62002	-5.62365	42.6295	-4.97712	-4.97507	0.043212	-0.428841	-1.03401	0.0274412
120001	0.456497	0.434146	0.000284612	0.682071	0.648676	41.6405	-5.65885	-5.62376	43.0036	-4.97678	-4.97509	0.0451714	-0.678345	-1.0288	0.0300879
120201	0.445362	0.434407	0.000291093	0.665433	0.649066	42.5887	-5.641	-5.62416	43.9873	-4.97557	-4.9751	0.0455903	-0.967041	-1.02714	0.0303865
120401	0.448972	0.434417	0.000288986	0.670827	0.64908	42.2804	-5.64561	-5.62418	43.6624	-4.97479	-4.9751	0.0451806	-1.22916	-1.02748	0.0302266
120601	0.433376	0.434433	0.000286535	0.647525	0.649104	41.9219	-5.62228	-5.6242	43.2895	-4.97475	-4.97509	0.0448328	-1.15959	-1.0288	0.0301183
120801	0.434445	0.434374	0.00028467	0.649121	0.649016	41.6489	-5.62405	-5.62411	43.0058	-4.97493	-4.97509	0.0444441	-1.21084	-1.03021	0.030039
121001	0.425159	0.43428	0.000284556	0.635247	0.648875	41.6324	-5.61005	-5.62397	42.9802	-4.97481	-4.97509	0.0440409	-1.13218	-1.03156	0.0300062
121201	0.405596	0.434017	0.000290635	0.606018	0.648483	42.5217	-5.58094	-5.62357	43.8694	-4.97492	-4.97509	0.0436698	-0.875818	-1.03072	0.0299247
121401	0.449585	0.433996	0.000289851	0.671743	0.648451	42.407	-5.64669	-5.62354	43.7428	-4.97495	-4.97509	0.043282	-1.11863	-1.03047	0.0296966
121601	0.430707	0.434087	0.000290002	0.643536	0.648587	42.4291	-5.61863	-5.62367	43.7508	-4.97509	-4.97509	0.042884	-0.892395	-1.03069	0.029549
121801	0.440451	0.43408	0.000288121	0.658096	0.648576	42.1539	-5.63328	-5.62366	43.4636	-4.97519	-4.97509	0.0424951	-0.821238	-1.02871	0.0297245
122001	0.434845	0.434216	0.000287886	0.64972	0.64878	42.1195	-5.62467	-5.62387	43.4174	-4.97495	-4.97509	0.0421117	-1.02846	-1.02859	0.0295124
122201	0.441619	0.434307	0.00028686	0.659841	0.648916	41.9693	-5.63458	-5.624	43.2515	-4.97474	-4.97508	0.0417733	-1.08033	-1.02899	0.0292805
122401	0.427077	0.434307	0.0002846	0.638114	0.648916	41.6388	-5.61275	-5.624	42.9095	-4.97464	-4.97508	0.0414742	-1.07575	-1.02918	0.0290358
122601	0.425478	0.434324	0.000282754	0.635724	0.648941	41.3686	-5.61025	-5.62402	42.6267	-4.97453	-4.97508	0.0412742	-1.08784	-1.03033	0.0289463
122801	0.452827	0.434364	0.000282334	0.676586	0.649001	41.3073	-5.65127	-5.62407	42.5517	-4.97468	-4.97507	0.0410488	-1.16058	-1.03125	0.0288259
123001	0.453382	0.434485	0.00028294	0.677416	0.649182	41.3959	-5.6522	-5.62425	42.6215	-4.97479	-4.97507	0.0407548	-1.07157	-1.03192	0.0286822
123201	0.419793	0.434505	0.000281058	0.627229	0.649212	41.1206	-5.60213	-5.62428	42.3345	-4.9749	-4.97507	0.0404311	-0.934416	-1.03145	0.0284706
123401	0.433907	0.434374	0.000282836	0.648318	0.649016	41.3806	-5.62289	-5.62408	42.5922	-4.97457	-4.97506	0.0401392	-1.23068	-1.03126	0.0283251
123601	0.402708	0.434237	0.000283069	0.601702	0.648811	41.4148	-5.57641	-5.62387	42.6296	-4.97471	-4.97506	0.0399483	-0.903076	-1.03174	0.0281766
123801	0.435659	0.434281	0.000281943	0.650935	0.648877	41.25	-5.62587	-5.62393	42.4536	-4.97493	-4.97506	0.0396378	-1.03777	-1.03189	0.0279599
124001	0.444371	0.434281	0.000280481	0.663953	0.648877	41.0361	-5.63893	-5.62393	42.2295	-4.97498	-4.97506	0.0393107	-1.06195	-1.03181	0.02775
124201	0.439027	0.434244	0.000280259	0.655968	0.648822	41.0036	-5.63094	-5.62388	42.1875	-4.97497	-4.97506	0.0389891	-1.03246	-1.03118	0.0276277
124401	0.427014	0.434317	0.000279474	0.638018	0.64893	40.8888	-5.61299	-5.62399	42.0619	-4.97497	-4.97506	0.0386727	-1.05677	-1.03178	0.0274595
124601	0.437047	0.434364	0.000278001	0.65301	0.649001	40.6733	-5.62816	-5.62406	41.837	-4.97515	-4.97506	0.0383603	-1.03535	-1.03237	0.0272927
124801	0.445533	0.434512	0.000279934	0.66569	0.649222	40.9561	-5.64099	-5.62428	42.1177	-4.9753	-4.97506	0.0380776	-0.965003	-1.03248	0.0270996
125001	0.44899	0.434657	0.000280845	0.670854	0.649439	41.0894	-5.64625	-5.6245	42.2487	-4.97539	-4.97506	0.0378048	-0.948373	-1.03236	0.0269087
125201	0.453421	0.43471	0.000279428	0.677474	0.649518	40.882	-5.65351	-5.62458	42.0379	-4.97604	-4.97506	0.0377132	-0.916898	-1.03084	0.0270073
125401	0.451973	0.434823	0.000280184	0.675312	0.649687	40.9927	-5.65169	-5.62476	42.1667	-4.97638	-4.97507	0.038119	-0.870309	-1.02971	0.0269818
125601	0.466223	0.435001	0.000282747	0.696603	0.649953	41.3676	-5.67275	-5.62504	42.5744	-4.97614	-4.97508	0.0385755	-0.953085	-1.02864	0.0269372
125801	0.454207	0.435175	0.000285064	0.678649	0.650212	41.7066	-5.6547	-5.6253	42.9371	-4.97605	-4.97509	0.0387457	-0.965849	-1.02807	0.0267937
126001	0.460298	0.435369	0.00028811	0.687749	0.650503	42.1523	-5.66385	-5.6256	43.4112	-4.9761	-4.9751	0.0389385	-0.801991	-1.02717	0.0267107
126201	0.466174	0.435638	0.000296013	0.69653	0.650904	43.3085	-5.67268	-5.62601	44.6161	-4.97615	-4.97511	0.0392392	-0.892159	-1.02596	0.0267303
126401	0.463005	0.435867	0.000302273	0.691794	0.651247	44.2244	-5.66762	-5.62636	45.5598	-4.97583	-4.97511	0.0393191	-1.02613	-1.02543	0.0266679
126601	0.462809	0.435943	0.000302636	0.691502	0.65136	44.2775	-5.66741	-5.62648	45.6142	-4.97591	-4.97512	0.0392832	-1.0268	-1.02457	0.0266148
126801	0.453252	0.436018	0.000302907	0.677222	0.651472	44.3171	-5.65329	-5.6266	45.6566	-4.97607	-4.97513	0.0393826	-0.895465	-1.02378	0.0265801
127001	0.443767	0.436126	0.000302595	0.66305	0.651633	44.2715	-5.63891	-5.62677	45.6193	-4.97586	-4.97513	0.0394512	-0.944016	-1.02309	0.0264733
127201	0.45706	0.436238	0.00030273	0.682912	0.6518	44.2914	-5.65832	-5.62694	45.6409	-4.9754	-4.97514	0.0393039	-0.981989	-1.02292	0.0262956
127401	0.406897	0.436118	0.000303263	0.607962	0.651622	44.3692	-5.58307	-5.62676	45.7077	-4.97511	-4.97514	0.0390225	-0.858549	-1.02155	0.026393
127601	0.4252	0.435998	0.000303486	0.635309	0.651443	44.4018	-5.60984	-5.62658	45.7357	-4.97453	-4.97513	0.038793	-0.972828	-1.02086	0.0262785
127801	0.411633	0.435931	0.00030255	0.615038	0.651343	44.265	-5.58937	-5.62647	45.5996	-4.97433	-4.97513	0.0387781	-0.994306	-1.021	0.0261048
128001	0.427611	0.435822	0.000303018	0.638911	0.651179	44.3334	-5.61325	-5.6263	45.6757	-4.97434	-4.97512	0.0387928	-1.12278	-1.02126	0.0259516
128201	0.44024	0.435727	0.00030276	0.65778	0.651037	44.2957	-5.63229	-5.62615	45.6432	-4.97451	-4.97512	0.0387795	-1.19184	-1.02209	0.0258746
128401	0.413625	0.435674	0.000301632	0.618013	0.650959	44.1306	-5.59308	-5.62607	45.4728	-4.97507	-4.97512	0.0385796	-0.886825	-1.02243	0.0257383
128601	0.468466	0.435679	0.000303183	0.699953	0.650965	44.3576	-5.67554	-5.62608	45.6951	-4.97559	-4.97512	0.038355	-1.08872	-1.02192	0.0256757
128801	0.445793	0.435664	0.000304162	0.666078	0.650944	44.5008	-5.64172	-5.62606	45.8265	-4.97564	-4.97512	0.038228	-0.977062	-1.02074	0.0258249
129001	0.416961	0.435791	0.000308062	0.622998	0.651133	45.0714	-5.59786	-5.62625	46.3969	-4.97486	-4.97512	0.037996	-0.890251	-1.02104	0.0257563
129201	0.452775	0.435802	0.000306582	0.676509	0.651149	44.8549	-5.65111	-5.62627	46.1698	-4.9746	-4.97512	0.0378157	-1.20713	-1.02132	0.0256465
129401	0.416591	0.435788	0.00030604	0.622446	0.651129	44.7756	-5.59702	-5.62624	46.0834	-4.97458	-4.97511	0.0377172	-1.05429	-1.02193	0.0255569
129601	0.429703	0.435863	0.0003056	0.642036	0.65124	44.7112	-5.61752	-5.62635	46.0086	-4.97548	-4.97511	0.0375032	-1.08615	-1.02341	0.025747
129801	0.459461	0.435936	0.000304971	0.6865	0.65135	44.6191	-5.6629	-5.62647	45.9242	-4.9764	-4.97512	0.0376348	-0.945834	-1.02328	0.0255903
130001	0.464504	0.436065	0.000305525	0.694035	0.651542	44.7002	-5.67048	-5.62667	46.0308	-4.97644	-4.97513	0.0381649	-0.979302	-1.02263	0.0254869
130201	0.435254	0.436229	0.000308511	0.65033	0.651787	45.137	-5.62645	-5.62692	46.4977	-4.97612	-4.97514	0.0384998	-0.813978	-1.02193	0.0254146
130401	0.44498	0.436276	0.000307923	0.664863	0.651858	45.0511	-5.64073	-5.627	46.4106	-4.97587	-4.97514	0.0385891	-0.917666	-1.02115	0.0253825
130601	0.441704	0.436359	0.000308131	0.659968	0.651982	45.0814	-5.63568	-5.62713	46.4407	-4.97571	-4.97515	0.0384789	-0.906335	-1.02045	0.0253214
130801	0.441078	0.436431	0.000307279	0.659032	0.65209	44.9568	-5.635	-5.62724	46.3182	-4.97597	-4.97515	0.0384551	-0.966569	-1.02016	0.0251895
131001	0.43473	0.436479	0.000307066	0.649548	0.652162	44.9257	-5.62568	-5.62732	46.2861	-4.97613	-4.97516	0.0385076	-0.838578	-1.01971	0.0251123
131201	0.475653	0.436657	0.000310699	0.710692	0.652427	45.4572	-5.6871	-5.62759	46.8478	-4.97641	-4.97516	0.0387708	-0.978956	-1.01933	0.0249892
131401	0.460898	0.436737	0.000310897	0.688646	0.652546	45.4862	-5.66536	-5.62772	46.8906	-4.97672	-4.97517	0.0393352	-0.894242	-1.01804	0.0251288
131601	0.423893	0.436828	0.000310975	0.633356	0.652682	45.4976	-5.61017	-5.62787	46.9232	-4.97681	-4.97518	0.0401831	-0.586724	-1.01661	0.0253191
131801	0.435675	0.436834	0.000312162	0.650959	0.652692	45.6713	-5.62769	-5.62788	47.09	-4.97673	-4.97519	0.0409087	-0.581143	-1.01428	0.0260898
132001	0.471313	0.436931	0.000312315	0.704208	0.652836	45.6937	-5.681	-5.62804	47.1346	-4.97679	-4.9752	0.0416734	-0.726722	-1.01188	0.0268521
132201	0.451904	0.437056	0.000313539	0.675208	0.653023	45.8728	-5.65224	-5.62824	47.3468	-4.97703	-4.97521	0.0425989	-0.727874	-1.00987	0.027343
132401	0.444243	0.437125	0.000312483	0.663761	0.653126	45.7182	-5.64054	-5.62835	47.2073	-4.97678	-4.97522	0.0435453	-0.720267	-1.00812	0.0276732
132601	0.449274	0.437152	0.00031086	0.671278	0.653167	45.4808	-5.64729	-5.6284	46.9669	-4.97602	-4.97523	0.0438901	-0.849281	-1.00644	0.0279852
132801	0.42309	0.437065	0.000310686	0.632156	0.653036	45.4553	-5.60748	-5.62827	46.9266	-4.97533	-4.97523	0.0436933	-0.84078	-1.00504	0.0281518
133001	0.428742	0.437025	0.000309257	0.640601	0.652977	45.2463	-5.61596	-5.62821	46.708	-4.97536	-4.97523	0.0434321	-0.756056	-1.00407	0.0281533
133201	0.436636	0.437057	0.000307841	0.652396	0.653025	45.0391	-5.628	-5.62826	46.4941	-4.9756	-4.97524	0.0432028	-0.669672	-1.00266	0.028324
133401	0.445153	0.437039	0.00030684	0.665121	0.652997	44.8926	-5.64109	-5.62824	46.3386	-4.97597	-4.97524	0.0430493	-0.93901	-1.00128	0.0285874
133601	0.424518	0.437077	0.000305643	0.634289	0.653055	44.7174	-5.61093	-5.6283	46.1621	-4.97664	-4.97524	0.0432175	-0.692281	-1.00047	0.0285564
133801	0.451081	0.437083	0.000304207	0.673979	0.653063	44.5073	-5.65114	-5.62832	45.9466	-4.97717	-4.97525	0.0440931	-0.642457	-0.998293	0.0292188
134001	0.48208	0.43727	0.000309702	0.720295	0.653342	45.3113	-5.69745	-5.62861	46.8141	-4.97715	-4.97527	0.0452766	-0.673009	-0.996475	0.0296164
134201	0.457657	0.437424	0.000312649	0.683803	0.653573	45.7425	-5.66061	-5.62885	47.2909	-4.97681	-4.97528	0.0461634	-0.625304	-0.994012	0.0304938
134401	0.486818	0.437588	0.000316215	0.727374	0.653818	46.2642	-5.70404	-5.6291	47.849	-4.97666	-4.97528	0.0466528	-0.911321	-0.992658	0.030697
134601	0.440706	0.437598	0.000316788	0.658477	0.653833	46.3481	-5.6347	-5.62912	47.9275	-4.97622	-4.97529	0.0469705	-0.817585	-0.99103	0.0310381
134801	0.453097	0.437588	0.000315349	0.676991	0.653818	46.1376	-5.65267	-5.62911	47.7067	-4.97568	-4.9753	0.0468538	-1.06568	-0.990537	0.0309374
135001	0.431264	0.437545	0.000314641	0.644369	0.653754	46.034	-5.61997	-5.62905	47.5915	-4.9756	-4.9753	0.0466256	-0.903046	-0.990082	0.0308246
135201	0.4123	0.437485	0.000314375	0.616034	0.653663	45.995	-5.59168	-5.62896	47.5396	-4.97565	-4.9753	0.0464072	-0.764372	-0.989168	0.0308264
135401	0.444632	0.437488	0.000312862	0.664342	0.653668	45.7737	-5.64053	-5.62897	47.3106	-4.97619	-4.9753	0.0462641	-0.764915	-0.98837	0.0307775
135601	0.454191	0.43757	0.000313263	0.678625	0.653791	45.8324	-5.65538	-5.6291	47.3814	-4.97676	-4.97531	0.0465272	-0.608777	-0.986485	0.0312632
135801	0.403989	0.437631	0.000316444	0.603616	0.653883	46.2978	-5.58069	-5.6292	47.8587	-4.97708	-4.97532	0.0473133	-0.406866	-0.984296	0.0320457
136001	0.450631	0.437722	0.000318411	0.673305	0.654019	46.5856	-5.64983	-5.62935	48.1663	-4.97652	-4.97533	0.0478936	-0.855086	-0.983213	0.0321593
136201	0.435499	0.437804	0.000318232	0.650696	0.654141	46.5593	-5.62649	-5.62947	48.1451	-4.97579	-4.97533	0.0478915	-0.974736	-0.983316	0.0320208
136401	0.424871	0.437801	0.000316949	0.634816	0.654136	46.3716	-5.61061	-5.62947	47.9482	-4.97579	-4.97533	0.0476819	-0.931914	-0.98338	0.0318605
136601	0.437131	0.437791	0.000315718	0.653135	0.654122	46.1916	-5.62963	-5.62946	47.7571	-4.97649	-4.97534	0.0476933	-0.801191	-0.982878	0.0317797
136801	0.456512	0.437812	0.000316803	0.682093	0.654152	46.3502	-5.65898	-5.6295	47.9156	-4.97688	-4.97535	0.0480877	-0.600963	-0.981343	0.0320538
137001	0.477093	0.437991	0.000321283	0.712845	0.65442	47.0056	-5.69005	-5.62977	48.6228	-4.97721	-4.97535	0.0488331	-0.758491	-0.979648	0.0324217
137201	0.479157	0.438184	0.000328213	0.715928	0.654709	48.0196	-5.69368	-5.63007	49.7079	-4.97775	-4.97537	0.0501922	-0.778024	-0.978326	0.032618
137401	0.460051	0.438281	0.000328703	0.687381	0.654854	48.0913	-5.66486	-5.63023	49.8163	-4.97748	-4.97538	0.0517592	-0.776289	-0.976973	0.0327875
137601	0.451361	0.438405	0.000330022	0.674397	0.655038	48.2842	-5.6507	-5.63042	50.0391	-4.97631	-4.97539	0.0523743	-0.711268	-0.975816	0.0328712
137801	0.434833	0.438511	0.000332077	0.649701	0.655198	48.5849	-5.62502	-5.63059	50.3363	-4.97532	-4.97539	0.0521757	-0.899546	-0.975287	0.0328586
138001	0.441685	0.438457	0.000331915	0.65994	0.655116	48.5612	-5.63459	-5.6305	50.3093	-4.97465	-4.97539	0.0519735	-1.21496	-0.975412	0.032721
138201	0.412943	0.438455	0.000330965	0.616994	0.655113	48.4222	-5.59145	-5.63049	50.1624	-4.97446	-4.97538	0.0519675	-1.04954	-0.976616	0.0328556
138401	0.42069	0.438414	0.000330733	0.62857	0.655052	48.3883	-5.60335	-5.63043	50.1271	-4.97478	-4.97538	0.051917	-0.93825	-0.977109	0.0327461
138601	0.405553	0.438352	0.000330058	0.605953	0.65496	48.2895	-5.58084	-5.63034	50.0255	-4.97489	-4.97538	0.0517346	-0.920415	-0.977075	0.0325834
138801	0.430648	0.43821	0.000332772	0.643448	0.654747	48.6866	-5.61805	-5.63012	50.4318	-4.9746	-4.97537	0.0516058	-1.16144	-0.977134	0.0324328
139001	0.425372	0.43817	0.00033164	0.635566	0.654688	48.5209	-5.61035	-5.63006	50.2622	-4.97479	-4.97537	0.0514935	-1.05147	-0.978095	0.0324743
139201	0.40812	0.438079	0.000332132	0.609788	0.654551	48.5929	-5.58467	-5.62992	50.335	-4.97488	-4.97537	0.0513332	-1.02713	-0.978495	0.0323439
139401	0.415531	0.437974	0.000332813	0.620862	0.654394	48.6927	-5.59545	-5.62976	50.4384	-4.97459	-4.97536	0.0512002	-1.12937	-0.97903	0.0322475
139601	0.413722	0.437906	0.000334448	0.618158	0.654294	48.9318	-5.59244	-5.62965	50.6824	-4.97428	-4.97536	0.0512312	-1.24817	-0.980348	0.0324764
139801	0.399125	0.437792	0.000335906	0.596349	0.654123	49.1452	-5.57069	-5.62948	50.912	-4.97434	-4.97535	0.0513737	-1.21052	-0.982003	0.0328668
140001	0.431912	0.437715	0.000336275	0.645337	0.654008	49.1991	-5.62012	-5.62936	50.9705	-4.97478	-4.97535	0.051319	-1.03425	-0.982932	0.0328884
140201	0.430968	0.437662	0.000335205	0.643927	0.653929	49.0426	-5.61909	-5.62928	50.8092	-4.97516	-4.97535	0.0511125	-0.915347	-0.982774	0.0327337
140401	0.432981	0.437618	0.000334416	0.646934	0.653863	48.9271	-5.62263	-5.62921	50.6832	-4.97569	-4.97535	0.0508698	-0.866356	-0.982296	0.0326349
140601	0.454528	0.437692	0.000334153	0.679128	0.653973	48.8887	-5.65502	-5.62932	50.6435	-4.97589	-4.97535	0.050696	-0.954447	-0.982131	0.0324857
140801	0.475379	0.43777	0.000334711	0.710283	0.654089	48.9703	-5.68612	-5.62944	50.7242	-4.97584	-4.97535	0.0505332	-1.05817	-0.981956	0.0323602
141001	0.4729	0.437907	0.000337129	0.706579	0.654295	49.324	-5.68204	-5.62965	51.0783	-4.97546	-4.97535	0.0503279	-1.12586	-0.982275	0.0322335
141201	0.467155	0.437937	0.000337052	0.697996	0.654339	49.3128	-5.673	-5.62969	51.0585	-4.97501	-4.97535	0.0500933	-1.2672	-0.982579	0.0321413
141401	0.444849	0.437968	0.000336364	0.664668	0.654385	49.2122	-5.63949	-5.62974	50.9468	-4.97482	-4.97535	0.049922	-1.10365	-0.983399	0.032141
141601	0.467059	0.438027	0.00033615	0.697852	0.654474	49.1809	-5.67275	-5.62982	50.9017	-4.9749	-4.97535	0.0497619	-1.17365	-0.983908	0.0320562
141801	0.460432	0.438127	0.000336716	0.68795	0.654624	49.2636	-5.66299	-5.62997	50.9686	-4.97504	-4.97535	0.0495733	-1.09254	-0.984549	0.0319894
142001	0.413017	0.438158	0.000336652	0.617105	0.65467	49.2543	-5.59246	-5.63002	50.9492	-4.97535	-4.97535	0.0493461	-0.740242	-0.984357	0.0319078
142201	0.439726	0.438162	0.000335881	0.657012	0.654676	49.1414	-5.63247	-5.63002	50.8287	-4.97546	-4.97535	0.0491133	-0.97292	-0.984147	0.0318153
142401	0.453653	0.438163	0.000335123	0.677821	0.654677	49.0306	-5.65337	-5.63002	50.7098	-4.97555	-4.97535	0.04889	-0.992967	-0.983827	0.0317201
142601	0.438048	0.438177	0.000334235	0.654505	0.654697	48.9007	-5.63009	-5.63005	50.5726	-4.97559	-4.97535	0.0486778	-1.07268	-0.983969	0.031582
142801	0.411207	0.438136	0.000333596	0.614401	0.654637	48.8072	-5.58968	-5.62999	50.4709	-4.97528	-4.97535	0.0484576	-0.816859	-0.983894	0.0314737
143001	0.407132	0.438128	0.000332518	0.608313	0.654626	48.6494	-5.58327	-5.62997	50.3057	-4.97495	-4.97535	0.0482544	-0.895306	-0.98388	0.0313402
143201	0.452564	0.438078	0.000332707	0.676195	0.654551	48.6771	-5.65097	-5.6299	50.3305	-4.97478	-4.97534	0.0481291	-1.29889	-0.984441	0.0313512
143401	0.44525	0.438066	0.000332034	0.665267	0.654532	48.5786	-5.64044	-5.62988	50.2257	-4.97518	-4.97534	0.047949	-1.11972	-0.9851	0.0313277
143601	0.441422	0.438074	0.000330885	0.659547	0.654544	48.4106	-5.63482	-5.62989	50.05	-4.97527	-4.97534	0.0477326	-0.990426	-0.985349	0.0312044
143801	0.451364	0.438019	0.000331448	0.674402	0.654462	48.4929	-5.64952	-5.6298	50.1257	-4.97512	-4.97534	0.0475206	-1.10587	-0.985165	0.0311364
144001	0.443332	0.438071	0.000330864	0.662401	0.65454	48.4074	-5.63774	-5.62988	50.0321	-4.97534	-4.97534	0.0473103	-0.97261	-0.985294	0.0310048
144201	0.461108	0.438125	0.000330527	0.68896	0.65462	48.3582	-5.66426	-5.62996	49.9756	-4.9753	-4.97534	0.0470965	-1.188	-0.985737	0.030925
144401	0.435489	0.438158	0.000329571	0.650682	0.654669	48.2183	-5.62639	-5.63001	49.8281	-4.97571	-4.97534	0.0468924	-0.998295	-0.986353	0.0308854
144601	0.44141	0.438094	0.000329503	0.659529	0.654575	48.2083	-5.63511	-5.62992	49.8062	-4.97558	-4.97534	0.0467221	-0.973509	-0.985935	0.0307988
144801	0.409256	0.438041	0.000329141	0.611486	0.654494	48.1554	-5.58691	-5.62984	49.7448	-4.97543	-4.97534	0.0465213	-0.948912	-0.985809	0.0306685
145001	0.427025	0.437995	0.000328428	0.638035	0.654426	48.0511	-5.61349	-5.62977	49.6326	-4.97546	-4.97534	0.0463173	-1.07127	-0.986224	0.0305835
145201	0.422321	0.43797	0.000327767	0.631007	0.654388	47.9543	-5.60642	-5.62973	49.5283	-4.97541	-4.97534	0.0461151	-1.07359	-0.98675	0.0305264
145401	0.44472	0.437971	0.000326649	0.664474	0.65439	47.7908	-5.63945	-5.62973	49.3572	-4.97498	-4.97534	0.0459222	-1.15438	-0.987454	0.030509
145601	0.447485	0.437949	0.000326562	0.668606	0.654357	47.778	-5.64278	-5.6297	49.3384	-4.97418	-4.97534	0.0459001	-1.44843	-0.988554	0.0307711
145801	0.408521	0.437844	0.000328289	0.610387	0.654201	48.0308	-5.58453	-5.62954	49.6102	-4.97415	-4.97534	0.0461399	-1.21788	-0.989724	0.0309729
146001	0.429493	0.437763	0.000328951	0.641722	0.65408	48.1275	-5.6158	-5.62941	49.7191	-4.97408	-4.97533	0.0463438	-1.46247	-0.991302	0.0314601
146201	0.420418	0.437643	0.000331045	0.628164	0.6539	48.434	-5.60226	-5.62923	50.0486	-4.97409	-4.97533	0.0465868	-1.32592	-0.992728	0.0317991
146401	0.4251	0.437527	0.000333119	0.635159	0.653727	48.7374	-5.60913	-5.62905	50.3742	-4.97397	-4.97532	0.0468419	-1.35847	-0.993912	0.0319993
146601	0.388511	0.437375	0.000337594	0.58049	0.6535	49.3921	-5.55444	-5.62881	51.0623	-4.97395	-4.97531	0.0471487	-1.24985	-0.995099	0.0322031
146801	0.424107	0.437295	0.000338344	0.633675	0.65338	49.5019	-5.60728	-5.62869	51.1882	-4.9736	-4.97531	0.047581	-1.45221	-0.996798	0.0327577
147001	0.398106	0.437193	0.000339483	0.594826	0.653228	49.6685	-5.56879	-5.62853	51.3799	-4.97396	-4.9753	0.0481116	-1.20297	-0.998408	0.0332442
147201	0.431738	0.437141	0.000339251	0.645077	0.653151	49.6346	-5.61963	-5.62845	51.3503	-4.97455	-4.9753	0.0481987	-1.14968	-0.999388	0.0333431
147401	0.417069	0.437094	0.000338467	0.623159	0.653079	49.5198	-5.59795	-5.62837	51.2336	-4.97479	-4.97529	0.0480939	-0.972725	-0.999575	0.033224
147601	0.421247	0.437045	0.000337772	0.629403	0.653007	49.4181	-5.60437	-5.6283	51.1291	-4.97497	-4.97529	0.0479508	-0.993902	-0.999625	0.0330882
147801	0.454739	0.437077	0.000336975	0.679444	0.653055	49.3016	-5.65497	-5.62835	51.0049	-4.97553	-4.97529	0.0477591	-0.99391	-0.999759	0.0329807
148001	0.445406	0.437081	0.000336044	0.665499	0.65306	49.1653	-5.64133	-5.62835	50.8613	-4.97583	-4.97529	0.0476151	-0.938842	-0.999321	0.0329089
148201	0.419703	0.437078	0.000337318	0.627096	0.653056	49.3517	-5.60265	-5.62835	51.0418	-4.97556	-4.9753	0.0474765	-0.840335	-0.999058	0.0328567
148401	0.456361	0.437055	0.000336576	0.681867	0.653022	49.2432	-5.65649	-5.62832	50.9258	-4.97462	-4.97529	0.0473144	-1.19438	-0.998972	0.0327613
148601	0.420507	0.437035	0.000335909	0.628296	0.652992	49.1455	-5.60239	-5.62828	50.8271	-4.97409	-4.97529	0.0473945	-1.2193	-0.999702	0.0327567
148801	0.423665	0.436948	0.000336468	0.633015	0.652862	49.2274	-5.60733	-5.62815	50.9215	-4.97432	-4.97529	0.0475498	-1.18869	-1.00054	0.0327981
149001	0.428705	0.436905	0.000335711	0.640545	0.652797	49.1166	-5.61539	-5.62808	50.8106	-4.97484	-4.97528	0.0474924	-1.14145	-1.00117	0.0327645
149201	0.426729	0.436894	0.000334529	0.637594	0.652782	48.9437	-5.61337	-5.62806	50.6304	-4.97577	-4.97528	0.0473201	-0.863819	-1.00141	0.0326833
149401	0.440621	0.43691	0.000333383	0.658349	0.652805	48.776	-5.63504	-5.62809	50.4599	-4.97669	-4.97529	0.0473855	-0.665713	-1.00062	0.0327183
149601	0.460234	0.437027	0.000336544	0.687655	0.652979	49.2384	-5.66497	-5.62827	50.9575	-4.97732	-4.97529	0.0480294	-0.655165	-0.999549	0.032897
149801	0.446123	0.437079	0.000336854	0.666571	0.653057	49.2838	-5.64408	-5.62836	51.0187	-4.97751	-4.9753	0.049063	-0.534272	-0.997827	0.0335305
150001	0.436827	0.437163	0.000337947	0.652681	0.653182	49.4438	-5.62957	-5.62849	51.2054	-4.97689	-4.97531	0.0498845	-0.591286	-0.99636	0.0339491
150201	0.453462	0.437264	0.000339733	0.677535	0.653334	49.7051	-5.65352	-5.62865	51.4827	-4.97599	-4.97531	0.0500383	-0.86184	-0.995608	0.0339775
150401	0.431544	0.437316	0.000339526	0.644787	0.653412	49.6747	-5.62023	-5.62873	51.4496	-4.97544	-4.97532	0.0498747	-0.961739	-0.99557	0.0338537
150601	0.441089	0.437312	0.000338279	0.659049	0.653405	49.4923	-5.63505	-5.62872	51.2599	-4.976	-4.97532	0.0497193	-0.955179	-0.995501	0.0337263
150801	0.456925	0.437355	0.000337556	0.68271	0.65347	49.3865	-5.65915	-5.62879	51.1555	-4.97644	-4.97532	0.0497624	-0.841347	-0.995155	0.0336414
151001	0.438446	0.437453	0.000339693	0.655099	0.653617	49.6993	-5.63178	-5.62894	51.4858	-4.97668	-4.97533	0.0499745	-0.604573	-0.994295	0.0337299
151201	0.459157	0.437462	0.000338802	0.686045	0.653629	49.5689	-5.66275	-5.62896	51.3512	-4.9767	-4.97533	0.0502862	-0.826211	-0.992959	0.0340668
151401	0.45013	0.437529	0.000338748	0.672558	0.65373	49.561	-5.64876	-5.62907	51.3515	-4.9762	-4.97534	0.0503974	-0.786216	-0.992373	0.0340264
151601	0.471348	0.437541	0.000338149	0.704261	0.653748	49.4732	-5.68047	-5.62909	51.2589	-4.97621	-4.97534	0.0504039	-0.940702	-0.991559	0.0340805
151801	0.45601	0.437587	0.000337944	0.681344	0.653816	49.4434	-5.65739	-5.62916	51.2297	-4.97605	-4.97534	0.0503812	-0.95789	-0.990942	0.0340708
152001	0.459249	0.43761	0.000337079	0.686183	0.65385	49.3168	-5.66238	-5.6292	51.0997	-4.97619	-4.97535	0.0503027	-0.991396	-0.990881	0.0339431
152201	0.460932	0.437731	0.000340225	0.688697	0.654031	49.777	-5.66563	-5.62938	51.5845	-4.97694	-4.97535	0.050504	-0.69355	-0.990428	0.0338749
152401	0.458739	0.437816	0.000341548	0.68542	0.654159	49.9707	-5.66253	-5.62952	51.8016	-4.97711	-4.97536	0.051079	-0.660538	-0.98907	0.0342442
152601	0.431117	0.437832	0.000341478	0.644149	0.654182	49.9603	-5.62066	-5.62954	51.791	-4.97651	-4.97536	0.0514485	-0.701482	-0.98783	0.034535
152801	0.456836	0.437823	0.000340412	0.682578	0.654168	49.8044	-5.65814	-5.62953	51.6262	-4.97556	-4.97536	0.0513813	-1.03677	-0.987355	0.0344897
153001	0.419536	0.437782	0.000340254	0.626846	0.654108	49.7813	-5.60185	-5.62947	51.5984	-4.975	-4.97536	0.0511981	-1.00349	-0.987225	0.0343781
153201	0.422816	0.437714	0.000340277	0.631747	0.654007	49.7847	-5.60691	-5.62937	51.5998	-4.97516	-4.97536	0.0510398	-1.04647	-0.98742	0.034263
153401	0.440123	0.437754	0.000339627	0.657606	0.654066	49.6896	-5.63347	-5.62943	51.499	-4.97586	-4.97536	0.0508645	-0.852002	-0.987653	0.0341871
153601	0.426751	0.437751	0.000339147	0.637627	0.654062	49.6193	-5.61383	-5.62943	51.4215	-4.97621	-4.97537	0.0507934	-0.764002	-0.987112	0.0341631
153801	0.439506	0.437803	0.000339773	0.656684	0.654139	49.7109	-5.63333	-5.62951	51.5174	-4.97664	-4.97537	0.0508835	-0.704332	-0.986648	0.0341398
154001	0.433978	0.437813	0.00033973	0.648424	0.654155	49.7046	-5.62516	-5.62953	51.5079	-4.97673	-4.97537	0.0511191	-0.780145	-0.985715	0.0342984
154201	0.436734	0.437822	0.000338618	0.652542	0.654168	49.5419	-5.62925	-5.62955	51.3411	-4.9767	-4.97538	0.0513544	-0.791357	-0.98511	0.0342749
154401	0.450027	0.437835	0.000337544	0.672403	0.654188	49.3849	-5.64922	-5.62957	51.1815	-4.97682	-4.97538	0.0516141	-0.851362	-0.98451	0.0342511
154601	0.422199	0.437822	0.000337554	0.630825	0.654167	49.3863	-5.60778	-5.62956	51.1723	-4.97695	-4.97539	0.0519834	-0.709643	-0.983665	0.0343495
154801	0.459577	0.437796	0.00033723	0.686673	0.654129	49.3388	-5.66364	-5.62953	51.1112	-4.97697	-4.9754	0.0523845	-0.851872	-0.982632	0.0345346
155001	0.446275	0.437818	0.000337031	0.666798	0.654161	49.3098	-5.64332	-5.62956	51.0825	-4.97653	-4.9754	0.0526676	-0.863606	-0.981962	0.0345567
155201	0.443296	0.437759	0.000338004	0.662347	0.654073	49.4521	-5.63817	-5.62948	51.2112	-4.97582	-4.9754	0.0526167	-0.914735	-0.981135	0.0346569
155401	0.426007	0.437755	0.000337008	0.636515	0.654067	49.3064	-5.61205	-5.62947	51.0593	-4.97554	-4.9754	0.0524443	-0.99149	-0.981104	0.034535
155601	0.427585	0.437699	0.000336954	0.638873	0.653984	49.2985	-5.61444	-5.62939	51.0441	-4.97557	-4.97541	0.0522585	-1.05321	-0.98132	0.0344318
155801	0.448607	0.437676	0.000336094	0.670282	0.653949	49.1727	-5.64641	-5.62936	50.9109	-4.97613	-4.97541	0.0521228	-0.963861	-0.98128	0.0343111
156001	0.423771	0.437701	0.000336109	0.633174	0.653987	49.1748	-5.60916	-5.6294	50.9108	-4.97599	-4.97541	0.05205	-0.750634	-0.980909	0.0342618
156201	0.456612	0.437704	0.000335225	0.682242	0.653991	49.0456	-5.65816	-5.6294	50.7756	-4.97592	-4.97541	0.0519241	-0.980213	-0.980625	0.0341811
156401	0.431456	0.437732	0.000334684	0.644656	0.654033	48.9663	-5.62046	-5.62945	50.6928	-4.9758	-4.97541	0.0517879	-0.796942	-0.980208	0.0341209
156601	0.439478	0.437707	0.000333754	0.656642	0.653996	48.8303	-5.63238	-5.62941	50.5491	-4.97574	-4.97541	0.0516306	-0.937956	-0.979804	0.0340545
156801	0.427961	0.437728	0.000333028	0.639435	0.654028	48.7241	-5.61512	-5.62944	50.438	-4.97569	-4.97541	0.051469	-0.855548	-0.979673	0.0339468
157001	0.439797	0.437753	0.000332989	0.657118	0.654064	48.7184	-5.63288	-5.62948	50.428	-4.97576	-4.97542	0.0513146	-0.898727	-0.979456	0.0338648
157201	0.444736	0.437783	0.000332478	0.664498	0.654109	48.6436	-5.6403	-5.62953	50.3492	-4.9758	-4.97542	0.0511595	-0.880058	-0.979318	0.0337677
157401	0.42326	0.437812	0.00033221	0.63241	0.654152	48.6044	-5.60882	-5.62957	50.3066	-4.97641	-4.97542	0.0511007	-0.669961	-0.978776	0.0337619
157601	0.447493	0.437835	0.000331441	0.668618	0.654188	48.4919	-5.6447	-5.62961	50.1919	-4.97608	-4.97542	0.0510942	-0.753237	-0.97801	0.0338164
157801	0.431522	0.437826	0.000330863	0.644755	0.654174	48.4073	-5.62093	-5.6296	50.1004	-4.97618	-4.97543	0.0510242	-0.785337	-0.977082	0.033977
158001	0.449752	0.437846	0.000329988	0.671992	0.654204	48.2792	-5.64806	-5.62963	49.9696	-4.97607	-4.97543	0.0509795	-1.01866	-0.976905	0.0338843
158201	0.444839	0.437862	0.000329079	0.664653	0.654227	48.1462	-5.64053	-5.62966	49.8326	-4.97588	-4.97543	0.0508601	-1.07639	-0.977044	0.0337756
158401	0.440435	0.437851	0.000328286	0.658071	0.65421	48.0303	-5.63412	-5.62964	49.7096	-4.97604	-4.97543	0.0507494	-0.895908	-0.977003	0.0336895
158601	0.447588	0.437847	0.00032741	0.66876	0.654205	47.9022	-5.645	-5.62964	49.5755	-4.97624	-4.97543	0.0506927	-0.784972	-0.976337	0.0337148
158801	0.452547	0.437837	0.000327902	0.676168	0.654189	47.974	-5.65253	-5.62963	49.64	-4.97636	-4.97544	0.0506733	-0.8031	-0.97543	0.0338886
159001	0.427144	0.437874	0.000328022	0.638213	0.654246	47.9916	-5.61525	-5.62969	49.6596	-4.97704	-4.97544	0.0508591	-0.527364	-0.974608	0.0340385
159201	0.46001	0.437908	0.000327536	0.687319	0.654296	47.9206	-5.66467	-5.62974	49.5953	-4.97735	-4.97545	0.0513518	-0.564122	-0.973266	0.034462
159401	0.481432	0.438017	0.000330559	0.719327	0.654458	48.3628	-5.69714	-5.62991	50.0793	-4.97781	-4.97545	0.0522105	-0.671867	-0.971904	0.0349226
159601	0.499442	0.438172	0.000337482	0.746237	0.65469	49.3758	-5.72423	-5.63015	51.1636	-4.978	-4.97546	0.0533906	-0.751629	-0.970917	0.035113
159801	0.44754	0.438223	0.000338328	0.668687	0.654767	49.4994	-5.64613	-5.63024	51.3067	-4.97744	-4.97547	0.0544011	-0.554302	-0.969356	0.0357621
160001	0.426038	0.438265	0.000338629	0.63656	0.65483	49.5436	-5.61328	-5.63031	51.3605	-4.97672	-4.97548	0.0547894	-0.573207	-0.968181	0.0360664
160201	0.463742	0.438278	0.000338656	0.692896	0.654848	49.5475	-5.66891	-5.63033	51.3599	-4.97602	-4.97548	0.0547809	-0.925909	-0.967456	0.0361472
160401	0.443084	0.438287	0.000337971	0.66203	0.654863	49.4473	-5.63818	-5.63034	51.2549	-4.97615	-4.97548	0.0546646	-0.852298	-0.966935	0.0361247
160601	0.461687	0.438308	0.000337758	0.689826	0.654894	49.4161	-5.66622	-5.63038	51.2221	-4.97639	-4.97548	0.0546402	-1.01501	-0.966661	0.0360553
160801	0.427115	0.438322	0.000337837	0.638169	0.654915	49.4276	-5.61459	-5.6304	51.2303	-4.97642	-4.97549	0.0546456	-0.655089	-0.966162	0.0360922
161001	0.432339	0.438377	0.000338226	0.645975	0.654998	49.4846	-5.62233	-5.63049	51.2912	-4.97636	-4.97549	0.0546392	-0.724548	-0.96567	0.0360618
161201	0.464384	0.438395	0.00033793	0.693855	0.655024	49.4412	-5.67019	-5.63052	51.2448	-4.97634	-4.97549	0.0546108	-0.880327	-0.965084	0.0360672
161401	0.483665	0.43849	0.00034116	0.722663	0.655166	49.9139	-5.69909	-5.63066	51.7289	-4.97643	-4.97549	0.0546192	-0.959485	-0.964837	0.0360062
161601	0.43172	0.438578	0.000343447	0.64505	0.655297	50.2485	-5.62116	-5.63079	52.0723	-4.97611	-4.9755	0.0545901	-0.797868	-0.964632	0.0359292
161801	0.41681	0.438573	0.000342683	0.622773	0.65529	50.1367	-5.59803	-5.63079	51.9554	-4.97526	-4.9755	0.0544351	-0.898658	-0.964533	0.0358285
162001	0.442355	0.438541	0.000342317	0.660941	0.655242	50.0831	-5.63611	-5.63074	51.8983	-4.97517	-4.9755	0.0542935	-1.01879	-0.964598	0.0357257
162201	0.464174	0.438564	0.000341533	0.693541	0.655277	49.9684	-5.66922	-5.63077	51.778	-4.97568	-4.9755	0.0541243	-0.981579	-0.964534	0.0356169
162401	0.447737	0.438626	0.000342162	0.668982	0.655368	50.0604	-5.64551	-5.63087	51.8693	-4.97653	-4.9755	0.0540324	-0.809037	-0.964325	0.0355446
162601	0.457554	0.438702	0.000343063	0.68365	0.655482	50.1923	-5.66066	-5.63098	52.0157	-4.97701	-4.9755	0.0542439	-0.695933	-0.963796	0.0355418
162801	0.440851	0.438779	0.000344691	0.658694	0.655597	50.4304	-5.63595	-5.63111	52.2731	-4.97726	-4.97551	0.0546513	-0.648049	-0.963062	0.0356164
163001	0.464655	0.43886	0.000346292	0.69426	0.655718	50.6646	-5.67076	-5.63123	52.5223	-4.9765	-4.97551	0.0548946	-0.85746	-0.962577	0.0356025
163201	0.454852	0.438906	0.00034636	0.679613	0.655788	50.6747	-5.65549	-5.6313	52.5332	-4.97588	-4.97551	0.0548275	-0.947059	-0.962317	0.0355217
163401	0.441014	0.438889	0.000345619	0.658938	0.655762	50.5662	-5.63395	-5.63128	52.4197	-4.97502	-4.97551	0.0546696	-1.16075	-0.962275	0.0354304
163601	0.424691	0.438861	0.000345176	0.634547	0.65572	50.5014	-5.6087	-5.63123	52.356	-4.97415	-4.97551	0.0546995	-1.25949	-0.963088	0.0355308
163801	0.434113	0.438818	0.000345179	0.648627	0.655656	50.5018	-5.62243	-5.63116	52.3637	-4.97381	-4.97551	0.0550218	-1.50186	-0.964293	0.035916
164001	0.408759	0.438756	0.000346428	0.610743	0.655563	50.6846	-5.58467	-5.63106	52.562	-4.97393	-4.9755	0.0554484	-1.2445	-0.965632	0.0364388
164201	0.418917	0.438633	0.000350412	0.625921	0.655379	51.2675	-5.6005	-5.63088	53.1699	-4.97458	-4.9755	0.0556052	-1.14552	-0.966126	0.0364107
164401	0.397782	0.438563	0.000351372	0.594342	0.655275	51.4079	-5.56911	-5.63077	53.3145	-4.97477	-4.9755	0.0555476	-0.953494	-0.96653	0.0363775
164601	0.443024	0.438539	0.000351071	0.66194	0.655239	51.3639	-5.63668	-5.63073	53.2681	-4.97474	-4.97549	0.0554845	-1.17411	-0.966917	0.0363301
164801	0.426872	0.438557	0.00035056	0.637807	0.655266	51.2891	-5.61237	-5.63076	53.1847	-4.97457	-4.97549	0.0554656	-1.15946	-0.967806	0.0364837
165001	0.408301	0.438517	0.000350179	0.610058	0.655206	51.2333	-5.58472	-5.63069	53.1298	-4.97467	-4.97549	0.0554406	-1.02468	-0.968223	0.0364356
165201	0.432211	0.438464	0.000350342	0.645785	0.655127	51.2573	-5.62087	-5.63061	53.1562	-4.97508	-4.97549	0.0553778	-1.04204	-0.968483	0.0363486
165401	0.426356	0.438426	0.000349825	0.637037	0.65507	51.1816	-5.61259	-5.63055	53.0748	-4.97555	-4.97549	0.0552132	-0.952701	-0.968483	0.0362421
165601	0.403052	0.438409	0.000349537	0.602216	0.655045	51.1395	-5.57754	-5.63053	53.0275	-4.97532	-4.97548	0.0550465	-0.808928	-0.968567	0.0361598
165801	0.408753	0.438387	0.00034956	0.610734	0.655012	51.1428	-5.58581	-5.6305	53.0265	-4.97507	-4.97548	0.0548938	-0.8479	-0.968524	0.0360752
166001	0.44686	0.438321	0.000350386	0.667671	0.654913	51.2637	-5.64261	-5.6304	53.1484	-4.97494	-4.97548	0.054783	-1.16671	-0.968509	0.0359949
166201	0.452561	0.438328	0.000349714	0.67619	0.654924	51.1654	-5.6517	-5.63041	53.044	-4.97551	-4.97548	0.0546485	-1.07918	-0.968855	0.0359442
166401	0.430689	0.438318	0.000349122	0.64351	0.654909	51.0787	-5.62012	-5.63039	52.9499	-4.97661	-4.97548	0.0545752	-0.747822	-0.968703	0.0358727
166601	0.45299	0.43836	0.000349306	0.676831	0.654972	51.1056	-5.65424	-5.63046	52.9845	-4.97741	-4.97549	0.0549539	-0.74444	-0.968159	0.0358887
166801	0.453996	0.438406	0.00034943	0.678334	0.65504	51.1238	-5.65523	-5.63053	53.0116	-4.9769	-4.97549	0.0553442	-0.848984	-0.967696	0.0358746
167001	0.447808	0.438452	0.000349249	0.669088	0.655109	51.0973	-5.64544	-5.63061	52.9896	-4.97636	-4.9755	0.0554273	-0.905255	-0.967479	0.0357903
167201	0.434793	0.438459	0.0003484	0.649642	0.65512	50.9732	-5.62535	-5.63062	52.8604	-4.9757	-4.9755	0.0553408	-0.880939	-0.967218	0.0357122
167401	0.434155	0.438428	0.000347936	0.648688	0.655073	50.9052	-5.6235	-5.63057	52.7895	-4.97481	-4.9755	0.0552129	-1.13313	-0.967236	0.0356237
167601	0.417671	0.438386	0.000347958	0.624059	0.65501	50.9085	-5.5991	-5.63051	52.7925	-4.97504	-4.9755	0.0551222	-1.04306	-0.96756	0.0355646
167801	0.452812	0.438334	0.000348736	0.676565	0.654933	51.0222	-5.65245	-5.63043	52.903	-4.97589	-4.9755	0.0549733	-1.03442	-0.96747	0.0354835
168001	0.444703	0.438361	0.000348049	0.664448	0.654973	50.9217	-5.64083	-5.63047	52.8008	-4.97638	-4.9755	0.0549032	-0.940636	-0.967504	0.0353809
168201	0.441231	0.438369	0.000347095	0.659261	0.654984	50.7821	-5.63579	-5.63048	52.6573	-4.97653	-4.9755	0.0549227	-0.817455	-0.967223	0.0353069
168401	0.440402	0.438355	0.000346221	0.658023	0.654964	50.6543	-5.63401	-5.63047	52.5215	-4.97598	-4.9755	0.0549119	-0.91908	-0.966776	0.0352818
168601	0.43781	0.438376	0.000345761	0.65415	0.654995	50.5871	-5.62926	-5.6305	52.4482	-4.97511	-4.9755	0.0547638	-1.00646	-0.966891	0.0352038
168801	0.43835	0.438377	0.000345018	0.654957	0.654997	50.4782	-5.63	-5.6305	52.3341	-4.97504	-4.9755	0.0546624	-0.909188	-0.966918	0.0351059
169001	0.426237	0.438361	0.00034422	0.636858	0.654973	50.3616	-5.61263	-5.63047	52.2126	-4.97578	-4.9755	0.0545152	-0.857678	-0.966577	0.0350461
169201	0.445392	0.438393	0.000343826	0.665479	0.655021	50.3038	-5.64171	-5.63052	52.1534	-4.97623	-4.9755	0.0544152	-0.878199	-0.966554	0.034951
169401	0.46726	0.438448	0.000344133	0.698152	0.655103	50.3489	-5.67478	-5.63061	52.2032	-4.97663	-4.97551	0.0544102	-0.922189	-0.966309	0.0348761
169601	0.458198	0.438481	0.000343613	0.684612	0.655153	50.2727	-5.66168	-5.63066	52.1312	-4.97707	-4.97551	0.0546268	-0.772415	-0.965785	0.0348753
169801	0.469669	0.438521	0.00034327	0.701751	0.655211	50.2225	-5.67876	-5.63073	52.088	-4.97701	-4.97551	0.0549232	-0.821038	-0.965093	0.034945
170001	0.48643	0.438615	0.00034562	0.726795	0.655352	50.5663	-5.70332	-5.63087	52.4499	-4.97653	-4.97552	0.0550784	-1.03148	-0.964912	0.0348778
170201	0.443656	0.438653	0.000345675	0.662885	0.655409	50.5745	-5.63921	-5.63093	52.4592	-4.97632	-4.97552	0.0550553	-0.868974	-0.964654	0.0348183
170401	0.418143	0.438661	0.000345061	0.624765	0.65542	50.4846	-5.60149	-5.63094	52.3659	-4.97673	-4.97552	0.0550749	-0.699339	-0.964336	0.0347652
170601	0.482582	0.43867	0.000346563	0.721045	0.655434	50.7043	-5.69768	-5.63096	52.5825	-4.97664	-4.97553	0.055208	-1.07892	-0.963937	0.0348143
170801	0.450821	0.4387	0.000346452	0.67359	0.655479	50.6882	-5.6497	-5.63101	52.5671	-4.97611	-4.97553	0.0551847	-0.94617	-0.963876	0.0347279
171001	0.465562	0.438736	0.000346662	0.695615	0.655533	50.7188	-5.67148	-5.63106	52.5954	-4.97586	-4.97553	0.0550629	-1.11622	-0.963964	0.0346588
171201	0.458519	0.438763	0.00034623	0.685092	0.655573	50.6556	-5.6608	-5.6311	52.5283	-4.97571	-4.97553	0.0549199	-1.03452	-0.96402	0.0345729
171401	0.459577	0.438807	0.000346175	0.686672	0.655639	50.6475	-5.6628	-5.63117	52.5175	-4.97613	-4.97553	0.0547866	-0.922951	-0.964055	0.0344862
171601	0.469689	0.438843	0.00034592	0.701782	0.655693	50.6102	-5.67875	-5.63123	52.4822	-4.97697	-4.97553	0.054849	-0.861328	-0.963547	0.0344996
171801	0.482955	0.438901	0.000346977	0.721602	0.65578	50.765	-5.69841	-5.63132	52.6477	-4.97681	-4.97554	0.0550636	-1.03749	-0.963255	0.0344726
172001	0.441904	0.438961	0.00034763	0.660267	0.65587	50.8604	-5.63671	-5.63141	52.7512	-4.97644	-4.97554	0.0551173	-0.854519	-0.963204	0.0343835
172201	0.422622	0.438984	0.000347755	0.631456	0.655904	50.8787	-5.60812	-5.63145	52.7688	-4.97667	-4.97554	0.0551503	-0.738419	-0.962961	0.0343338
172401	0.431831	0.43897	0.000347055	0.645217	0.655882	50.7763	-5.62185	-5.63143	52.6584	-4.97664	-4.97555	0.0552083	-0.749021	-0.962455	0.0343347
172601	0.467909	0.439037	0.000348268	0.699121	0.655983	50.9537	-5.67591	-5.63153	52.8458	-4.97679	-4.97555	0.0552883	-0.814126	-0.962191	0.0342755
172801	0.482312	0.439098	0.00034929	0.720642	0.656074	51.1033	-5.69765	-5.63163	53.0073	-4.977	-4.97555	0.055471	-0.875195	-0.961696	0.0342917
173001	0.466747	0.439152	0.000349798	0.697385	0.656155	51.1776	-5.67383	-5.63171	53.0895	-4.97644	-4.97556	0.0556113	-0.857166	-0.961123	0.0343367
173201	0.451171	0.439195	0.000350107	0.674114	0.656219	51.2228	-5.64954	-5.63178	53.1347	-4.97543	-4.97556	0.055501	-1.02355	-0.960978	0.0342559
173401	0.431369	0.439196	0.000349941	0.644526	0.656221	51.1986	-5.61946	-5.63178	53.106	-4.97494	-4.97556	0.0553869	-1.05078	-0.961224	0.0341985
173601	0.425425	0.439151	0.000350073	0.635645	0.656154	51.2178	-5.61028	-5.63171	53.1266	-4.97464	-4.97555	0.0553401	-1.07365	-0.961438	0.0341324
173801	0.432506	0.439097	0.000350262	0.646225	0.656073	51.2455	-5.62037	-5.63162	53.1618	-4.97415	-4.97555	0.0554409	-1.22482	-0.961841	0.0341051
174001	0.43443	0.439084	0.000349481	0.649099	0.656053	51.1313	-5.62323	-5.6316	53.0465	-4.97413	-4.97555	0.0556598	-1.15419	-0.96239	0.0341337
174201	0.444297	0.439078	0.000349087	0.663843	0.656044	51.0736	-5.63851	-5.63159	52.9862	-4.97466	-4.97554	0.055777	-1.13235	-0.962906	0.0341484
174401	0.448209	0.439074	0.00034827	0.669688	0.656038	50.954	-5.64499	-5.63158	52.8624	-4.9753	-4.97554	0.0556777	-1.0413	-0.963161	0.0340833
174601	0.451802	0.439072	0.000347636	0.675056	0.656035	50.8614	-5.65044	-5.63158	52.7645	-4.97538	-4.97554	0.0555328	-1.04033	-0.963136	0.0340022
174801	0.426939	0.439072	0.000347148	0.637907	0.656036	50.79	-5.61288	-5.63158	52.6888	-4.97497	-4.97554	0.055406	-0.979719	-0.963303	0.0339275
175001	0.435098	0.439071	0.000346263	0.650098	0.656034	50.6605	-5.62448	-5.63157	52.5544	-4.97438	-4.97554	0.0554	-1.19583	-0.963707	0.0339111
175201	0.41876	0.439046	0.00034575	0.625686	0.655996	50.5854	-5.59977	-5.63153	52.4811	-4.97408	-4.97554	0.0555547	-1.18549	-0.964401	0.0340089
175401	0.425892	0.438994	0.000346084	0.636342	0.655918	50.6342	-5.61031	-5.63145	52.5409	-4.97397	-4.97553	0.0558132	-1.20629	-0.964942	0.0340362
175601	0.417647	0.438938	0.000346569	0.624023	0.655835	50.7053	-5.59829	-5.63136	52.623	-4.97427	-4.97553	0.0560363	-0.993189	-0.965383	0.0340408
175801	0.438792	0.438902	0.000346308	0.655617	0.655781	50.667	-5.63033	-5.63131	52.5874	-4.97472	-4.97553	0.0560717	-1.02278	-0.965339	0.0339568
176001	0.422157	0.438886	0.000345643	0.630762	0.655757	50.5697	-5.60574	-5.63128	52.4871	-4.97497	-4.97552	0.0560042	-0.832203	-0.96529	0.0338797
176201	0.435089	0.438869	0.000345029	0.650084	0.655732	50.48	-5.62515	-5.63125	52.394	-4.97507	-4.97552	0.0559015	-1.05979	-0.965262	0.0338038
176401	0.437276	0.43884	0.000345128	0.653352	0.655689	50.4944	-5.62836	-5.63121	52.4061	-4.97501	-4.97552	0.0557962	-1.09864	-0.965484	0.0337577
176601	0.448231	0.438839	0.000344282	0.66972	0.655687	50.3706	-5.64511	-5.63121	52.2775	-4.97539	-4.97552	0.0556756	-1.11268	-0.965714	0.0336906
176801	0.41643	0.43883	0.000344023	0.622204	0.655674	50.3327	-5.59769	-5.63119	52.2346	-4.97548	-4.97552	0.0555311	-0.790175	-0.965744	0.0336459
177001	0.415598	0.438807	0.000343755	0.620962	0.655639	50.2935	-5.59666	-5.63116	52.1903	-4.9757	-4.97552	0.0553883	-0.68837	-0.965377	0.0336247
177201	0.458391	0.438811	0.000343122	0.6849	0.655646	50.201	-5.66083	-5.63117	52.0932	-4.97593	-4.97552	0.0552678	-0.968232	-0.964947	0.0336179
177401	0.439091	0.438827	0.000342699	0.656063	0.655669	50.139	-5.63166	-5.63119	52.0276	-4.97559	-4.97552	0.0551382	-1.01447	-0.96508	0.0335403
177601	0.412331	0.438783	0.000343316	0.616081	0.655604	50.2293	-5.59068	-5.63112	52.1191	-4.9746	-4.97552	0.0550414	-0.935506	-0.964996	0.0334735
177801	0.447067	0.438741	0.00034356	0.66798	0.655541	50.2649	-5.64232	-5.63106	52.1592	-4.97434	-4.97552	0.0551146	-1.19155	-0.965278	0.0334312
178001	0.435304	0.438698	0.000343662	0.650405	0.655476	50.2799	-5.62487	-5.63099	52.1794	-4.97446	-4.97551	0.0551972	-1.11276	-0.965467	0.0333681
178201	0.434453	0.438686	0.000342851	0.649134	0.655459	50.1613	-5.62386	-5.63097	52.0582	-4.97473	-4.97551	0.0552019	-0.995219	-0.965724	0.0333132
178401	0.440976	0.43869	0.000342054	0.658881	0.655465	50.0446	-5.63405	-5.63098	51.9366	-4.97517	-4.97551	0.0551103	-1.07168	-0.965956	0.0332557
178601	0.444212	0.438688	0.000341246	0.663716	0.655462	49.9264	-5.63887	-5.63097	51.8136	-4.97516	-4.97551	0.0549866	-1.14181	-0.966215	0.0332004
178801	0.420552	0.438689	0.000340622	0.628363	0.655464	49.8351	-5.60339	-5.63097	51.7178	-4.97503	-4.97551	0.054878	-0.962967	-0.966565	0.0331781
179001	0.4471	0.438699	0.000340478	0.66803	0.655479	49.8141	-5.64355	-5.63099	51.6923	-4.97552	-4.97551	0.054756	-1.06613	-0.966872	0.0331525
179201	0.45009	0.438693	0.000339745	0.672498	0.65547	49.7069	-5.64832	-5.63098	51.5801	-4.97583	-4.97551	0.0546265	-0.984454	-0.966825	0.0330745
179401	0.436076	0.438693	0.000339307	0.651559	0.655469	49.6428	-5.62774	-5.63098	51.5106	-4.97618	-4.97551	0.0545237	-0.843961	-0.966585	0.0330354
179601	0.432138	0.438687	0.000338839	0.645675	0.65546	49.5743	-5.62172	-5.63097	51.4366	-4.97604	-4.97551	0.0544695	-0.857981	-0.966341	0.0329831
179801	0.461385	0.438705	0.000338517	0.689374	0.655488	49.5272	-5.66528	-5.631	51.3864	-4.97591	-4.97551	0.0543621	-0.87537	-0.966016	0.0329558
180001	0.451607	0.438732	0.000338014	0.674765	0.655528	49.4535	-5.65067	-5.63104	51.3101	-4.97591	-4.97551	0.0542497	-0.742208	-0.965469	0.0329962
180201	0.463541	0.438809	0.000339829	0.692595	0.655642	49.7191	-5.66839	-5.63116	51.5762	-4.97579	-4.97551	0.0541345	-0.89901	-0.965288	0.032947
180401	0.455085	0.438821	0.000339215	0.679961	0.65566	49.6293	-5.65553	-5.63117	51.4823	-4.97557	-4.97551	0.0540039	-0.918368	-0.96489	0.0329345
180601	0.454431	0.43885	0.000339032	0.678984	0.655703	49.6025	-5.65441	-5.63122	51.4507	-4.97543	-4.97551	0.0538703	-0.987313	-0.96483	0.0328636
180801	0.445038	0.438868	0.000338375	0.664949	0.655731	49.5064	-5.63983	-5.63124	51.3487	-4.97489	-4.97551	0.0537648	-0.942889	-0.964806	0.0327841
181001	0.412173	0.438878	0.000337984	0.615844	0.655745	49.4492	-5.59072	-5.63126	51.2858	-4.97487	-4.97551	0.0537043	-0.768653	-0.964657	0.0327241
181201	0.434817	0.438829	0.0003383	0.649677	0.655672	49.4954	-5.62454	-5.63118	51.3333	-4.97486	-4.97551	0.0536313	-0.995129	-0.964461	0.0326748
181401	0.425264	0.438822	0.000337735	0.635404	0.655662	49.4128	-5.61038	-5.63117	51.2468	-4.97498	-4.97551	0.053556	-0.887719	-0.96447	0.0326036
181601	0.411382	0.438815	0.000337117	0.614663	0.655651	49.3223	-5.58923	-5.63116	51.1532	-4.97456	-4.97551	0.0535136	-0.627242	-0.964206	0.0325697
181801	0.442828	0.438825	0.000336985	0.661647	0.655666	49.303	-5.63656	-5.63117	51.1286	-4.97492	-4.97551	0.0534975	-0.909953	-0.963862	0.0325746
182001	0.427178	0.438837	0.000336395	0.638264	0.655684	49.2168	-5.61372	-5.63119	51.0374	-4.97546	-4.9755	0.053387	-0.90876	-0.963906	0.0325044
182201	0.460041	0.438825	0.000336097	0.687366	0.655666	49.173	-5.66323	-5.63117	50.9896	-4.97586	-4.97551	0.0532638	-0.92845	-0.963729	0.0324398
182401	0.412723	0.438829	0.000335542	0.616666	0.655673	49.0919	-5.59267	-5.63118	50.9044	-4.976	-4.97551	0.0531673	-0.606332	-0.963306	0.0324461
182601	0.431395	0.438834	0.000335108	0.644564	0.655679	49.0284	-5.62042	-5.63119	50.8367	-4.97586	-4.97551	0.0530713	-0.85809	-0.962908	0.0324581
182801	0.418527	0.438794	0.000335337	0.625338	0.65562	49.0619	-5.60067	-5.63113	50.866	-4.97533	-4.97551	0.0529481	-0.936459	-0.962745	0.032397
183001	0.444329	0.43875	0.000336173	0.663891	0.655554	49.1842	-5.63882	-5.63106	50.9875	-4.97493	-4.97551	0.0528523	-1.15365	-0.962892	0.0323507
183201	0.41839	0.438692	0.000336937	0.625134	0.655468	49.296	-5.60029	-5.63097	51.1008	-4.97516	-4.97551	0.0527668	-0.95183	-0.962915	0.0322797
183401	0.459029	0.438677	0.00033652	0.685853	0.655445	49.235	-5.66156	-5.63095	51.036	-4.97571	-4.97551	0.0526452	-1.08733	-0.962896	0.0322108
183601	0.448222	0.438716	0.000336412	0.669707	0.655503	49.2192	-5.6459	-5.63101	51.0193	-4.97619	-4.97551	0.0525559	-0.945816	-0.963053	0.0321492
183801	0.458032	0.43877	0.00033705	0.684365	0.655584	49.3125	-5.66084	-5.63109	51.1173	-4.97648	-4.97551	0.0525438	-0.895151	-0.963078	0.0320818
184001	0.448134	0.438811	0.000337408	0.669575	0.655645	49.365	-5.64646	-5.63116	51.1751	-4.97688	-4.97551	0.0526189	-0.716368	-0.962763	0.032055
184201	0.450695	0.438832	0.000336974	0.673402	0.655677	49.3015	-5.65054	-5.63119	51.1141	-4.97714	-4.97551	0.0528648	-0.622368	-0.962007	0.0322263
184401	0.453005	0.438845	0.000336467	0.676854	0.655696	49.2273	-5.65389	-5.63121	51.04	-4.97704	-4.97552	0.0531262	-0.704873	-0.96115	0.0324705
184601	0.447939	0.438891	0.000336777	0.669284	0.655765	49.2725	-5.64562	-5.63129	51.0915	-4.97634	-4.97552	0.0532332	-0.795439	-0.960775	0.0324667
184801	0.440599	0.4389	0.000336121	0.658317	0.655779	49.1766	-5.63411	-5.6313	50.9926	-4.97579	-4.97552	0.0531509	-0.990586	-0.960595	0.0324133
185001	0.414539	0.438842	0.000337124	0.61938	0.655691	49.3233	-5.5946	-5.63121	51.1351	-4.97522	-4.97552	0.0530305	-0.947338	-0.96043	0.0323591
185201	0.446281	0.43882	0.00033741	0.666807	0.655659	49.3652	-5.64171	-5.63118	51.174	-4.9749	-4.97552	0.0529466	-1.12467	-0.960672	0.032334
185401	0.423145	0.438807	0.000336778	0.632238	0.65564	49.2727	-5.6072	-5.63116	51.0789	-4.97496	-4.97552	0.0528852	-0.949262	-0.960762	0.0322685
185601	0.436449	0.438805	0.000336429	0.652116	0.655636	49.2216	-5.62763	-5.63116	51.024	-4.97552	-4.97552	0.0527813	-0.929594	-0.960914	0.0322187
185801	0.454504	0.438824	0.000335972	0.679094	0.655665	49.1548	-5.65524	-5.63119	50.9544	-4.97615	-4.97552	0.0526794	-0.852997	-0.960705	0.0321709
186001	0.454203	0.43883	0.000335272	0.678643	0.655674	49.0524	-5.65473	-5.63119	50.8485	-4.97609	-4.97552	0.0526243	-0.945149	-0.960417	0.0321343
186201	0.443398	0.438869	0.000335286	0.662499	0.655732	49.0544	-5.63822	-5.63125	50.8496	-4.97572	-4.97552	0.0525274	-0.894449	-0.960491	0.03207
186401	0.44837	0.438855	0.00033477	0.669928	0.655712	48.979	-5.64575	-5.63123	50.7696	-4.97582	-4.97552	0.0524116	-1.02168	-0.960318	0.0320143
186601	0.476017	0.438925	0.000336356	0.711236	0.655815	49.2109	-5.68721	-5.63134	51.0025	-4.97597	-4.97552	0.0523104	-1.11842	-0.960737	0.0320229
186801	0.456796	0.438961	0.000336542	0.682518	0.65587	49.2382	-5.65896	-5.63139	51.03	-4.97644	-4.97552	0.0522636	-0.903592	-0.960668	0.0319773
187001	0.426549	0.438981	0.000336701	0.637325	0.655899	49.2614	-5.61408	-5.63143	51.0531	-4.97676	-4.97553	0.0523331	-0.729883	-0.960449	0.0319523
187201	0.425593	0.438998	0.000336238	0.635895	0.655924	49.1937	-5.61239	-5.63145	50.9852	-4.97649	-4.97553	0.052402	-0.771643	-0.960242	0.0319052
187401	0.451976	0.439032	0.000336376	0.675316	0.655976	49.2139	-5.65121	-5.63151	51.0059	-4.9759	-4.97553	0.0523607	-1.00568	-0.96031	0.0318556
187601	0.455119	0.43905	0.000336437	0.680012	0.656002	49.2229	-5.65557	-5.63153	51.0117	-4.97556	-4.97553	0.0522459	-1.00715	-0.960215	0.0318149
187801	0.456317	0.439072	0.00033597	0.681802	0.656036	49.1544	-5.65767	-5.63157	50.9398	-4.97587	-4.97553	0.0521318	-0.941582	-0.960193	0.031747
188001	0.467252	0.439122	0.000336639	0.69814	0.65611	49.2524	-5.67441	-5.63164	51.0391	-4.97627	-4.97553	0.0520641	-0.966067	-0.960161	0.031686
188201	0.477415	0.439139	0.00033634	0.713325	0.656136	49.2086	-5.68987	-5.63167	50.9941	-4.97655	-4.97554	0.0520562	-0.894799	-0.959762	0.031702
188401	0.46128	0.43921	0.000338079	0.689217	0.656241	49.463	-5.66596	-5.63178	51.2598	-4.97674	-4.97554	0.0521191	-0.746525	-0.959458	0.0316872
188601	0.443259	0.439248	0.000338112	0.662291	0.656298	49.4679	-5.63924	-5.63184	51.2709	-4.97695	-4.97554	0.0522812	-0.711814	-0.959018	0.031704
188801	0.461806	0.439309	0.000339648	0.690004	0.65639	49.6926	-5.66668	-5.63193	51.5061	-4.97668	-4.97554	0.0523896	-0.82006	-0.958805	0.0316745
189001	0.463973	0.439357	0.000339997	0.693241	0.656461	49.7437	-5.67018	-5.63201	51.5648	-4.97694	-4.97555	0.0524906	-0.785599	-0.958372	0.0316877
189201	0.461232	0.43941	0.000340563	0.689146	0.65654	49.8265	-5.66681	-5.63209	51.6616	-4.97766	-4.97555	0.0528278	-0.57636	-0.957777	0.0317904
189401	0.467945	0.439489	0.00034272	0.699175	0.656658	50.1421	-5.67747	-5.63221	52.0125	-4.97829	-4.97556	0.053629	-0.440986	-0.956844	0.0321166
189601	0.460354	0.439599	0.000348082	0.687834	0.656823	50.9266	-5.66605	-5.63239	52.8517	-4.97822	-4.97556	0.0545498	-0.462245	-0.956006	0.0323711
189801	0.477587	0.439691	0.000352711	0.713581	0.65696	51.6038	-5.69134	-5.63253	53.5685	-4.97775	-4.97557	0.0553068	-0.680456	-0.955252	0.0326146
190001	0.47218	0.439776	0.000355288	0.705504	0.657088	51.9808	-5.68209	-5.63266	53.9688	-4.97659	-4.97557	0.0555758	-1.02237	-0.955032	0.0325842
190201	0.455184	0.439801	0.000355224	0.680109	0.657125	51.9715	-5.65551	-5.6327	53.9589	-4.9754	-4.97557	0.0555001	-1.12461	-0.955266	0.0325385
190401	0.43478	0.439801	0.000354713	0.649623	0.657125	51.8968	-5.62446	-5.6327	53.8805	-4.97484	-4.97557	0.0554249	-1.01657	-0.955422	0.0324858
190601	0.444012	0.439811	0.000354065	0.663417	0.65714	51.802	-5.63875	-5.63271	53.7802	-4.97533	-4.97557	0.0553437	-1.02366	-0.955607	0.0324328
190801	0.436213	0.43983	0.000353599	0.651764	0.657168	51.7338	-5.62777	-5.63274	53.708	-4.97601	-4.97557	0.0552307	-0.863632	-0.955624	0.0323707
191001	0.43698	0.43985	0.000353185	0.65291	0.657198	51.6732	-5.62935	-5.63277	53.6454	-4.97644	-4.97557	0.0551684	-0.822609	-0.955504	0.0323113
191201	0.469622	0.439883	0.000353044	0.701682	0.657246	51.6525	-5.67829	-5.63282	53.6272	-4.97661	-4.97557	0.0551992	-0.876452	-0.955283	0.032264
191401	0.451403	0.439922	0.000353177	0.67446	0.657305	51.672	-5.65082	-5.63288	53.6497	-4.97637	-4.97558	0.055206	-0.853513	-0.955051	0.0322255
191601	0.4388	0.439931	0.000352503	0.65563	0.657318	51.5735	-5.6315	-5.6329	53.5478	-4.97587	-4.97558	0.0551276	-0.945249	-0.954862	0.0321804
191801	0.442955	0.439886	0.000353103	0.661837	0.657252	51.6612	-5.63732	-5.63283	53.6305	-4.97549	-4.97558	0.0550107	-1.01193	-0.95475	0.0321275
192001	0.43115	0.439848	0.000353471	0.644198	0.657194	51.7151	-5.6192	-5.63277	53.6828	-4.975	-4.97558	0.05491	-1.05081	-0.954808	0.0320687
192201	0.451028	0.439835	0.000353189	0.673899	0.657175	51.6737	-5.64817	-5.63275	53.6384	-4.97427	-4.97557	0.0549103	-1.27139	-0.955051	0.032057
192401	0.434889	0.439803	0.000353334	0.649786	0.657127	51.695	-5.62329	-5.6327	53.6676	-4.9735	-4.97557	0.0552359	-1.38436	-0.955684	0.0321829
192601	0.432797	0.439759	0.000353535	0.64666	0.657062	51.7244	-5.62048	-5.63263	53.71	-4.97382	-4.97557	0.0556614	-1.38416	-0.95646	0.0323953
192801	0.428576	0.439722	0.000353464	0.640354	0.657007	51.7139	-5.615	-5.63257	53.7048	-4.97464	-4.97556	0.0557882	-1.14112	-0.956968	0.0324583
193001	0.428078	0.439683	0.000353464	0.639609	0.656948	51.7139	-5.61453	-5.63251	53.7061	-4.97493	-4.97556	0.0557435	-1.069	-0.957183	0.032413
193201	0.420999	0.439656	0.000353123	0.629032	0.656909	51.664	-5.60401	-5.63247	53.6548	-4.97498	-4.97556	0.0556702	-0.944659	-0.957296	0.0323579
193401	0.440926	0.439632	0.000352879	0.658806	0.656872	51.6284	-5.63329	-5.63243	53.6183	-4.97449	-4.97556	0.0556494	-1.21254	-0.957526	0.0323369
193601	0.432855	0.43962	0.000352464	0.646746	0.656853	51.5677	-5.6209	-5.63241	53.5569	-4.97415	-4.97556	0.0557374	-1.29754	-0.958087	0.0324197
193801	0.40727	0.439587	0.000352452	0.608519	0.656805	51.5659	-5.58205	-5.63236	53.5629	-4.97353	-4.97555	0.0560341	-1.20107	-0.958791	0.0325874
194001	0.43099	0.439551	0.000352496	0.64396	0.656751	51.5724	-5.6171	-5.6323	53.5816	-4.97314	-4.97555	0.0566369	-1.51221	-0.959708	0.0329391
194201	0.417847	0.439483	0.000354081	0.624322	0.656649	51.8043	-5.59776	-5.63219	53.84	-4.97344	-4.97554	0.0572272	-1.35751	-0.960512	0.0331806
194401	0.403451	0.439413	0.000355841	0.602813	0.656545	52.0618	-5.57727	-5.63208	54.1157	-4.97446	-4.97554	0.0575201	-1.03656	-0.960991	0.0332543
194601	0.445499	0.439397	0.000355721	0.665639	0.656521	52.0442	-5.64157	-5.63206	54.0974	-4.97593	-4.97554	0.0574383	-0.941386	-0.961195	0.0332065
194801	0.447176	0.439399	0.000355164	0.668144	0.656523	51.9627	-5.64496	-5.63206	54.0115	-4.97682	-4.97554	0.0574409	-0.723193	-0.960761	0.0332457
195001	0.468956	0.439453	0.000355939	0.700686	0.656605	52.0762	-5.67793	-5.63215	54.1378	-4.97724	-4.97554	0.0576494	-0.750374	-0.960329	0.0332648
195201	0.462226	0.439509	0.000356814	0.69063	0.656688	52.2041	-5.66732	-5.63224	54.2781	-4.97669	-4.97555	0.0578346	-0.869441	-0.959986	0.0332549
195401	0.459092	0.439537	0.000356615	0.685949	0.65673	52.1751	-5.6618	-5.63228	54.2491	-4.97585	-4.97555	0.0577931	-1.12288	-0.959929	0.0332002
195601	0.448979	0.439555	0.000356132	0.670837	0.656756	52.1043	-5.6461	-5.63231	54.1743	-4.97526	-4.97555	0.0576761	-1.0325	-0.960155	0.0331629
195801	0.445652	0.439579	0.00035588	0.665866	0.656793	52.0675	-5.64116	-5.63234	54.1314	-4.9753	-4.97555	0.0575733	-1.01883	-0.960405	0.0331328
196001	0.449927	0.439596	0.000355479	0.672255	0.656819	52.0087	-5.64823	-5.63237	54.0691	-4.97597	-4.97555	0.0574596	-0.930125	-0.960395	0.0330684
196201	0.439836	0.439614	0.00035492	0.657177	0.656845	51.9271	-5.63356	-5.63239	53.9857	-4.97638	-4.97555	0.0574108	-0.867851	-0.960243	0.0330121
196401	0.449916	0.439615	0.000354284	0.672237	0.656847	51.834	-5.64831	-5.6324	53.8886	-4.97608	-4.97555	0.0573696	-0.921212	-0.960043	0.0329653
196601	0.442254	0.439631	0.00035376	0.660789	0.65687	51.7572	-5.63592	-5.63242	53.8078	-4.97514	-4.97555	0.0572622	-1.13286	-0.96013	0.0329186
196801	0.421443	0.439618	0.000353225	0.629695	0.656851	51.679	-5.60418	-5.6324	53.7272	-4.97448	-4.97555	0.0572393	-1.2748	-0.960644	0.0329944
197001	0.443021	0.4396	0.000352796	0.661936	0.656824	51.6162	-5.6364	-5.63237	53.6645	-4.97447	-4.97555	0.0572988	-1.307	-0.961342	0.0331647
197201	0.409048	0.439566	0.000352767	0.611175	0.656773	51.612	-5.58592	-5.63232	53.6618	-4.97474	-4.97555	0.0572867	-1.07517	-0.961755	0.0331859
197401	0.417603	0.439523	0.000353079	0.623958	0.65671	51.6576	-5.59836	-5.63225	53.7107	-4.9744	-4.97554	0.057282	-1.22653	-0.96219	0.0332199
197601	0.417112	0.439496	0.000352912	0.623224	0.656668	51.6332	-5.59778	-5.63221	53.6882	-4.97455	-4.97554	0.057338	-1.09878	-0.962702	0.0332971
197801	0.436646	0.439465	0.000352816	0.65241	0.656623	51.6192	-5.62747	-5.63216	53.6751	-4.97506	-4.97554	0.0573046	-1.19421	-0.963052	0.0332925
198001	0.447106	0.439433	0.000352917	0.668039	0.656575	51.634	-5.64343	-5.63211	53.6875	-4.9754	-4.97554	0.0571987	-1.13106	-0.963283	0.0332585
198201	0.427387	0.439416	0.00035254	0.638576	0.656549	51.5788	-5.61412	-5.63209	53.6283	-4.97555	-4.97554	0.0570832	-0.912317	-0.963285	0.033203
198401	0.435222	0.439425	0.000352139	0.650283	0.656563	51.5202	-5.62592	-5.6321	53.5656	-4.97563	-4.97554	0.0569685	-0.92913	-0.963347	0.033147
198601	0.421109	0.439402	0.000351894	0.629196	0.656528	51.4843	-5.60457	-5.63207	53.526	-4.97537	-4.97554	0.0568541	-0.933204	-0.963279	0.0330846
198801	0.427718	0.43939	0.000351299	0.639071	0.656511	51.3973	-5.614	-5.63205	53.4357	-4.97493	-4.97554	0.0567554	-1.00633	-0.963371	0.0330229
199001	0.409826	0.439354	0.000351363	0.612338	0.656457	51.4066	-5.58693	-5.63199	53.4471	-4.97459	-4.97554	0.0567353	-1.02995	-0.963557	0.0329779
199201	0.443975	0.439344	0.000350783	0.663361	0.656441	51.3218	-5.63824	-5.63198	53.36	-4.97488	-4.97554	0.0567079	-0.994931	-0.963658	0.0329245
199401	0.413392	0.439338	0.000350429	0.617666	0.656433	51.27	-5.59256	-5.63197	53.3048	-4.9749	-4.97553	0.0566476	-0.791582	-0.963623	0.0328723
199601	0.42054	0.439286	0.000351256	0.628346	0.656356	51.391	-5.60349	-5.63189	53.4276	-4.97514	-4.97553	0.0565738	-0.909195	-0.96338	0.0328468
199801	0.437778	0.439284	0.000350912	0.654102	0.656353	51.3406	-5.62965	-5.63189	53.3732	-4.97555	-4.97553	0.056467	-0.927506	-0.963505	0.03281
