timestep            	T              	T_{ave}             	T_{var}           	K/N            	K_{ave}/N           	K_{var}           	U/N            	U_{ave}/N           	U_{var}           	E/N            	E_{ave}/N           	E_{var}           	P              	P_{ave}             	P_{var}
100001	0.568678	0.568678	0	0.849685	0.849685	0	-5.14459	-5.14459	0	-4.29491	-4.29491	0	-0.769487	-0.769487	0
100201	0.605807	0.587285	0.000138627	0.905162	0.877487	20.282	-5.20011	-5.17241	20.2963	-4.29494	-4.29492	6.13238e-06	-0.976386	-0.873079	0.00460099
100401	0.587786	0.586546	0.000216282	0.878235	0.876382	31.6434	-5.17342	-5.17138	31.6806	-4.29518	-4.295	0.000606809	-0.927261	-0.872739	0.0084224
100601	0.551217	0.579083	0.000320507	0.823596	0.865231	46.8922	-5.11856	-5.16026	46.9051	-4.29496	-4.29502	0.000638362	-0.82882	-0.861005	0.00645869
100801	0.557319	0.575016	0.000353141	0.832713	0.859154	51.6667	-5.1276	-5.15415	51.7478	-4.29489	-4.295	0.000635018	-0.883791	-0.877097	0.00690407
101001	0.556976	0.571345	0.00034273	0.8322	0.85367	50.1435	-5.12726	-5.14867	50.2213	-4.29506	-4.295	0.000558676	-0.762582	-0.869594	0.00596973
101201	0.59424	0.570726	0.000313572	0.887879	0.852744	45.8775	-5.18281	-5.14774	45.9265	-4.29493	-4.295	0.000487437	-1.03715	-0.859973	0.00724616
101401	0.583487	0.571267	0.000299979	0.871811	0.853553	43.8888	-5.16671	-5.14854	43.9223	-4.2949	-4.29499	0.000465605	-1.03791	-0.875707	0.00834055
101601	0.565477	0.572421	0.000283765	0.844903	0.855277	41.5166	-5.13987	-5.15025	41.5246	-4.29497	-4.29497	0.0005405	-0.850706	-0.889937	0.00922288
101801	0.553257	0.570599	0.000290067	0.826644	0.852556	42.4387	-5.12203	-5.14756	42.3323	-4.29539	-4.295	0.00119808	-0.734855	-0.873579	0.0107177
102001	0.566499	0.570498	0.000310815	0.846429	0.852405	45.4741	-5.14122	-5.14742	45.3245	-4.29479	-4.29501	0.00134456	-0.907924	-0.87344	0.0118716
102201	0.561355	0.569923	0.000322335	0.838744	0.851545	47.1596	-5.13342	-5.14653	47.0502	-4.29467	-4.29498	0.00188296	-0.921468	-0.87609	0.0120902
102401	0.577212	0.569802	0.000299459	0.862436	0.851364	43.8127	-5.15749	-5.14633	43.7232	-4.29506	-4.29497	0.00191605	-0.929868	-0.879548	0.0112755
102601	0.57636	0.571152	0.000304499	0.861163	0.853382	44.5501	-5.15664	-5.14837	44.5492	-4.29548	-4.29499	0.00234018	-0.960761	-0.889573	0.0118129
102801	0.582831	0.572365	0.000317279	0.870832	0.855194	46.4199	-5.16645	-5.15022	46.5353	-4.29562	-4.29503	0.0034361	-0.798423	-0.892071	0.0121789
103001	0.595134	0.57372	0.000329765	0.889214	0.857219	48.2467	-5.18497	-5.15229	48.5302	-4.29576	-4.29508	0.00508241	-0.74686	-0.885527	0.0120458
103201	0.574499	0.574921	0.000335909	0.858383	0.859013	49.1455	-5.15392	-5.15413	49.5471	-4.29554	-4.29511	0.00610428	-0.686031	-0.876824	0.0125035
103401	0.570774	0.574937	0.000327393	0.852816	0.859037	47.8996	-5.14794	-5.15416	48.2908	-4.29512	-4.29513	0.00597882	-0.737638	-0.867641	0.0132863
103601	0.599743	0.576175	0.000340676	0.8961	0.860887	49.843	-5.19079	-5.156	50.1548	-4.29469	-4.29511	0.00587359	-1.19233	-0.875195	0.0144929
103801	0.591402	0.576358	0.000339255	0.883638	0.86116	49.6351	-5.17809	-5.15624	49.913	-4.29445	-4.29508	0.00666946	-1.05785	-0.885114	0.0158166
104001	0.624092	0.576622	0.000354467	0.932481	0.861554	51.8607	-5.22675	-5.1566	52.0908	-4.29427	-4.29504	0.00814001	-1.20289	-0.887791	0.0164073
104201	0.569108	0.577401	0.000360285	0.850328	0.862718	52.7119	-5.14476	-5.15773	52.8261	-4.29444	-4.29501	0.00916149	-0.821132	-0.892574	0.0167039
104401	0.55147	0.577006	0.00035358	0.823974	0.862128	51.731	-5.11848	-5.15712	51.8779	-4.29451	-4.29499	0.00960457	-0.835905	-0.891078	0.0160782
104601	0.561896	0.576653	0.000350625	0.839552	0.8616	51.2987	-5.13393	-5.15656	51.4796	-4.29438	-4.29496	0.0101119	-0.934435	-0.896038	0.0163413
104801	0.592988	0.576608	0.00033952	0.886007	0.861534	49.6739	-5.18079	-5.15648	49.8516	-4.29478	-4.29495	0.0100881	-0.903459	-0.896834	0.0158244
105001	0.573272	0.576311	0.000335192	0.856549	0.86109	49.0406	-5.1517	-5.15604	49.2004	-4.29515	-4.29495	0.00972603	-0.806592	-0.890705	0.0163562
105201	0.561841	0.576807	0.000335358	0.839469	0.86183	49.0649	-5.13448	-5.15678	49.2344	-4.29501	-4.29495	0.00941347	-0.729326	-0.891355	0.0159856
105401	0.589456	0.57756	0.000345	0.88073	0.862956	50.4757	-5.17591	-5.15791	50.6577	-4.29518	-4.29496	0.00910088	-0.825621	-0.892001	0.0155967
105601	0.561437	0.57778	0.000343238	0.838866	0.863284	50.2179	-5.13423	-5.15826	50.4099	-4.29537	-4.29497	0.00912731	-0.655826	-0.888024	0.0157314
105801	0.599901	0.577851	0.000335529	0.896336	0.863391	49.0899	-5.19124	-5.15837	49.27	-4.2949	-4.29498	0.00893022	-1.01496	-0.88593	0.0156494
106001	0.567832	0.578359	0.000343366	0.848421	0.86415	50.2365	-5.14285	-5.15912	50.3829	-4.29443	-4.29497	0.00886385	-0.880543	-0.889853	0.0158656
106201	0.557291	0.578812	0.00034871	0.832672	0.864826	51.0184	-5.12678	-5.15977	51.1071	-4.29411	-4.29495	0.00962058	-0.891485	-0.894632	0.0162701
106401	0.566456	0.57847	0.000344685	0.846365	0.864315	50.4296	-5.14003	-5.15923	50.58	-4.29366	-4.29491	0.0115058	-1.16978	-0.899515	0.0168533
106601	0.535103	0.577651	0.000359748	0.799518	0.863092	52.6333	-5.09254	-5.15796	53.0336	-4.29302	-4.29487	0.0159395	-1.16388	-0.907926	0.0186849
106801	0.540346	0.576322	0.000410042	0.807353	0.861106	59.9917	-5.10019	-5.15591	60.8852	-4.29284	-4.29481	0.0227686	-1.10137	-0.914443	0.0195661
107001	0.554669	0.575784	0.000414222	0.828754	0.860302	60.6033	-5.12176	-5.15505	61.6786	-4.29301	-4.29475	0.0289473	-1.18858	-0.9225	0.0214541
107201	0.532859	0.574819	0.000436636	0.796167	0.858861	63.8826	-5.08966	-5.15357	65.1948	-4.2935	-4.29471	0.0318996	-0.942056	-0.926188	0.0214765
107401	0.573152	0.573811	0.000466896	0.85637	0.857354	68.3098	-5.14973	-5.15203	69.8347	-4.29336	-4.29468	0.0338407	-1.26023	-0.92907	0.0213521
107601	0.560462	0.573439	0.000463041	0.83741	0.856798	67.7457	-5.13045	-5.15144	69.346	-4.29304	-4.29464	0.0368286	-1.12263	-0.934601	0.0220842
107801	0.556162	0.572961	0.000460732	0.830984	0.856085	67.4079	-5.12407	-5.15068	69.1137	-4.29309	-4.2946	0.0398792	-1.03675	-0.938363	0.022068
108001	0.565132	0.572698	0.000455169	0.844387	0.855692	66.5941	-5.13757	-5.15025	68.3357	-4.29319	-4.29456	0.0423704	-1.04852	-0.941582	0.0220046
108201	0.549339	0.57227	0.000454745	0.82079	0.855052	66.5321	-5.11415	-5.14958	68.339	-4.29335	-4.29453	0.043916	-0.944464	-0.942525	0.0215886
108401	0.543514	0.571304	0.000485895	0.812086	0.853609	71.0895	-5.10536	-5.14811	73.0787	-4.29328	-4.2945	0.0451125	-0.955517	-0.94138	0.0212495
108601	0.543919	0.570702	0.000491507	0.812692	0.852708	71.9105	-5.10582	-5.14718	74.0051	-4.29313	-4.29447	0.0466058	-0.938768	-0.941607	0.0207833
108801	0.527084	0.570132	0.000496699	0.787537	0.851857	72.6701	-5.08074	-5.1463	74.8623	-4.2932	-4.29444	0.0480358	-0.885514	-0.943045	0.0205509
109001	0.528712	0.569485	0.000507284	0.789971	0.850891	74.2188	-5.08326	-5.1453	76.5103	-4.29329	-4.29441	0.0489416	-0.917581	-0.943753	0.0202283
109201	0.531118	0.568859	0.000524373	0.793565	0.849955	76.719	-5.08702	-5.14435	79.096	-4.29346	-4.29439	0.0495132	-1.02558	-0.94575	0.0204041
109401	0.605591	0.56857	0.000533715	0.904839	0.849523	78.0858	-5.19872	-5.1439	80.4666	-4.29388	-4.29438	0.049182	-1.22548	-0.948389	0.02048
109601	0.580834	0.568727	0.000526332	0.867848	0.849758	77.0057	-5.16196	-5.14412	79.324	-4.29412	-4.29437	0.0483725	-1.03897	-0.949991	0.0202793
109801	0.572656	0.568942	0.000518414	0.855629	0.850079	75.8472	-5.14975	-5.14444	78.1105	-4.29413	-4.29436	0.0474307	-0.879869	-0.95086	0.0199391
110001	0.593776	0.568697	0.000524197	0.887185	0.849713	76.6933	-5.1813	-5.14407	78.9275	-4.29412	-4.29436	0.0465922	-1.04864	-0.947314	0.0206499
110201	0.561096	0.568734	0.000516151	0.838356	0.849768	75.5161	-5.13267	-5.14412	77.7037	-4.29431	-4.29435	0.0457075	-0.855543	-0.947233	0.0203624
110401	0.579284	0.568725	0.000506881	0.865531	0.849755	74.1599	-5.16009	-5.14411	76.3055	-4.29456	-4.29436	0.0448523	-0.95044	-0.94651	0.0200175
110601	0.572536	0.569	0.000502162	0.85545	0.850166	73.4695	-5.14998	-5.14453	75.5854	-4.29453	-4.29436	0.0440543	-0.942431	-0.946872	0.0196722
110801	0.553175	0.569042	0.000495826	0.826521	0.850229	72.5424	-5.12107	-5.14459	74.6206	-4.29455	-4.29436	0.0432769	-0.810242	-0.946571	0.0193828
111001	0.59367	0.569154	0.000494111	0.887026	0.850395	72.2915	-5.18159	-5.14476	74.3364	-4.29457	-4.29437	0.0425441	-1.09332	-0.947105	0.0193551
111201	0.544554	0.568879	0.000493722	0.81364	0.849985	72.2346	-5.10795	-5.14435	74.2391	-4.29431	-4.29437	0.0417981	-0.855052	-0.945939	0.0191986
111401	0.580314	0.568908	0.000489809	0.867071	0.850028	71.6622	-5.16193	-5.1444	73.6398	-4.29486	-4.29437	0.0411186	-0.994521	-0.946467	0.0189678
111601	0.629453	0.569153	0.000490645	0.940492	0.850394	71.7844	-5.23594	-5.14478	73.7761	-4.29545	-4.29439	0.0412045	-1.0947	-0.946484	0.0186994
111801	0.58394	0.56961	0.000497259	0.872489	0.851078	72.7521	-5.1681	-5.14548	74.8163	-4.29561	-4.29441	0.0420803	-0.83234	-0.945878	0.0184831
112001	0.59221	0.569535	0.000498467	0.884844	0.850965	72.9289	-5.17997	-5.14539	74.9404	-4.29512	-4.29442	0.0424157	-1.0176	-0.943323	0.0189925
112201	0.588337	0.569788	0.000494721	0.879059	0.851343	72.3808	-5.17379	-5.14577	74.3824	-4.29473	-4.29443	0.0419674	-0.792816	-0.942612	0.0187794
112401	0.562325	0.569838	0.000489234	0.840193	0.851418	71.5781	-5.13501	-5.14585	73.5507	-4.29481	-4.29443	0.0413848	-0.716357	-0.938632	0.0195546
112601	0.556237	0.569781	0.000484072	0.831097	0.851332	70.8227	-5.12639	-5.14578	72.7589	-4.29529	-4.29444	0.0411513	-0.624245	-0.934924	0.0201537
112801	0.612823	0.570048	0.000483855	0.915644	0.851731	70.7911	-5.21107	-5.14619	72.7486	-4.29542	-4.29446	0.0414354	-0.954193	-0.932149	0.020438
113001	0.570472	0.570568	0.000496779	0.852365	0.852509	72.6819	-5.14773	-5.14698	74.7026	-4.29536	-4.29447	0.0416297	-0.826148	-0.933181	0.020254
113201	0.584599	0.570756	0.000492705	0.873473	0.852789	72.0859	-5.16891	-5.14728	74.1087	-4.29543	-4.29449	0.0417649	-0.728282	-0.93118	0.0202394
113401	0.588085	0.571123	0.000497046	0.878681	0.853337	72.7209	-5.17442	-5.14784	74.7918	-4.29574	-4.2945	0.0423862	-0.75489	-0.928994	0.0203262
113601	0.593787	0.571732	0.000518219	0.887202	0.854248	75.8187	-5.18298	-5.14877	78.0052	-4.29578	-4.29452	0.0432007	-0.838809	-0.929237	0.0201832
113801	0.603043	0.57199	0.000516897	0.901031	0.854634	75.6252	-5.19667	-5.14917	77.8403	-4.29564	-4.29454	0.043945	-0.786504	-0.92639	0.020464
114001	0.611913	0.57241	0.00052187	0.914284	0.855261	76.3528	-5.20942	-5.14981	78.6074	-4.29513	-4.29455	0.0440497	-1.03472	-0.92625	0.0202466
114201	0.551088	0.572785	0.000531049	0.823403	0.855821	77.6959	-5.11874	-5.15038	79.9593	-4.29534	-4.29456	0.0437815	-0.676556	-0.926675	0.0201879
114401	0.594314	0.572918	0.000528096	0.887989	0.85602	77.2637	-5.18308	-5.15059	79.512	-4.29509	-4.29457	0.043624	-0.888868	-0.925645	0.0200658
114601	0.572358	0.572868	0.000522175	0.855184	0.855945	76.3975	-5.14993	-5.15052	78.6148	-4.29475	-4.29457	0.0431043	-0.704637	-0.922318	0.020657
114801	0.575087	0.572879	0.00051567	0.859261	0.855962	75.4458	-5.15399	-5.15054	77.6335	-4.29472	-4.29458	0.0425589	-0.775373	-0.919322	0.0210586
115001	0.571289	0.57305	0.000512324	0.853586	0.856217	74.9562	-5.14831	-5.15079	77.1166	-4.29472	-4.29458	0.0419974	-0.907438	-0.919677	0.0208605
115201	0.574374	0.573142	0.000506766	0.858196	0.856354	74.1431	-5.15358	-5.15094	76.2812	-4.29539	-4.29458	0.0416506	-0.562541	-0.917363	0.0212081
115401	0.619032	0.573387	0.000506916	0.924921	0.85672	74.165	-5.2205	-5.15132	76.3238	-4.29558	-4.2946	0.0419215	-0.71166	-0.913266	0.022239
115601	0.587642	0.573608	0.000505114	0.87802	0.857051	73.9013	-5.17344	-5.15166	76.072	-4.29542	-4.29461	0.0420497	-0.763821	-0.910018	0.0228029
115801	0.605035	0.57383	0.000504509	0.904008	0.857383	73.8128	-5.19931	-5.152	75.9903	-4.2953	-4.29462	0.0420254	-0.87475	-0.908588	0.0227223
116001	0.582287	0.574314	0.000517326	0.870019	0.858105	75.6881	-5.1651	-5.15273	77.8898	-4.29508	-4.29462	0.0417419	-0.836682	-0.908728	0.0224532
116201	0.561218	0.574332	0.000512847	0.838538	0.858132	75.0327	-5.13356	-5.15276	77.209	-4.29502	-4.29463	0.0413744	-0.697536	-0.907326	0.0223807
116401	0.568986	0.574302	0.000507383	0.850145	0.858087	74.2334	-5.145	-5.15272	76.3817	-4.29486	-4.29463	0.0409575	-0.693022	-0.904856	0.0226343
116601	0.631256	0.574631	0.00051849	0.943186	0.858579	75.8583	-5.23815	-5.15322	77.995	-4.29496	-4.29464	0.0404971	-0.986406	-0.904656	0.0226282
116801	0.598183	0.575136	0.000534887	0.893769	0.859334	78.2573	-5.18935	-5.15398	80.4308	-4.29559	-4.29464	0.0404026	-0.643197	-0.903354	0.0226253
117001	0.605397	0.575402	0.000535439	0.904548	0.859731	78.3381	-5.19982	-5.15439	80.5293	-4.29527	-4.29465	0.0405037	-0.872429	-0.901358	0.022784
117201	0.584749	0.575475	0.000532475	0.873697	0.859841	77.9045	-5.16839	-5.1545	80.0737	-4.2947	-4.29466	0.0401262	-0.893128	-0.900614	0.0226395
117401	0.592903	0.575602	0.000528832	0.885881	0.86003	77.3714	-5.18018	-5.15469	79.5108	-4.2943	-4.29466	0.0396843	-1.08455	-0.90163	0.0225884
117601	0.54756	0.575384	0.000530575	0.818132	0.859705	77.6264	-5.11192	-5.15435	79.7747	-4.29379	-4.29465	0.0395519	-0.841181	-0.901414	0.0224439
117801	0.556384	0.575359	0.00052896	0.831316	0.859667	77.3901	-5.12492	-5.15431	79.5194	-4.2936	-4.29464	0.0397287	-1.06272	-0.903034	0.0226002
118001	0.560865	0.57519	0.000527196	0.838011	0.859415	77.1321	-5.13167	-5.15404	79.2741	-4.29366	-4.29463	0.0401202	-1.01593	-0.904955	0.0227141
118201	0.558171	0.575022	0.000524568	0.833986	0.859163	76.7476	-5.12811	-5.15378	78.8909	-4.29413	-4.29462	0.0400779	-0.941658	-0.905145	0.0225102
118401	0.563712	0.574823	0.000524363	0.842265	0.858867	76.7175	-5.13646	-5.15348	78.855	-4.2942	-4.29461	0.0397826	-0.925788	-0.905742	0.0223789
118601	0.57656	0.574801	0.000520424	0.861461	0.858833	76.1412	-5.15571	-5.15344	78.2575	-4.29425	-4.29461	0.039459	-0.904992	-0.90563	0.0222145
118801	0.566213	0.574725	0.00051774	0.846002	0.858719	75.7486	-5.14028	-5.15333	77.8475	-4.29428	-4.29461	0.0391198	-0.931275	-0.905448	0.0220703
119001	0.571358	0.574691	0.000512749	0.853689	0.858669	75.0183	-5.14794	-5.15327	77.0972	-4.29425	-4.2946	0.03878	-0.857303	-0.90536	0.0218452
119201	0.568149	0.574559	0.000510149	0.848894	0.858472	74.6379	-5.14318	-5.15307	76.705	-4.29429	-4.2946	0.0384655	-0.890579	-0.904384	0.0217587
119401	0.55874	0.574458	0.000506401	0.834836	0.858321	74.0896	-5.12918	-5.15292	76.1404	-4.29435	-4.2946	0.0381141	-0.851026	-0.904179	0.0215496
119601	0.560123	0.574384	0.000502029	0.836903	0.85821	73.45	-5.13115	-5.1528	75.4841	-4.29424	-4.29459	0.037783	-0.893413	-0.904225	0.0213412
119801	0.561653	0.57419	0.000500959	0.839188	0.857921	73.2935	-5.13285	-5.15251	75.3286	-4.29366	-4.29459	0.0376473	-1.01144	-0.904543	0.0211569
120001	0.568781	0.57398	0.000501568	0.849839	0.857606	73.3826	-5.14344	-5.15218	75.4409	-4.2936	-4.29458	0.0379753	-1.12234	-0.905362	0.0210509
120201	0.578829	0.574017	0.000497068	0.864853	0.857662	72.7242	-5.159	-5.15223	74.7582	-4.29414	-4.29457	0.0380184	-1.08956	-0.908126	0.0216145
120401	0.612202	0.574116	0.000495847	0.914715	0.85781	72.5455	-5.20988	-5.15238	74.5705	-4.29517	-4.29457	0.0377103	-1.09769	-0.909148	0.0215386
120601	0.614279	0.574406	0.000502643	0.917819	0.858244	73.5399	-5.21375	-5.15282	75.5981	-4.29593	-4.29458	0.0380107	-1.00285	-0.909484	0.0214938
120801	0.576084	0.574611	0.000503448	0.86075	0.858549	73.6576	-5.1573	-5.15315	75.7609	-4.29655	-4.2946	0.0394405	-0.540932	-0.908469	0.0215852
121001	0.631366	0.57487	0.000510074	0.94335	0.858937	74.627	-5.24013	-5.15355	76.8193	-4.29678	-4.29462	0.0417028	-0.761662	-0.90551	0.022375
121201	0.627351	0.575274	0.000524115	0.93735	0.859541	76.6813	-5.23398	-5.15418	79.0237	-4.29663	-4.29464	0.044159	-0.889108	-0.904164	0.0224378
121401	0.586768	0.575538	0.000529721	0.876713	0.859934	77.5015	-5.17264	-5.15459	79.9154	-4.29592	-4.29465	0.045468	-0.753321	-0.903232	0.0223954
121601	0.577969	0.57572	0.000529541	0.863566	0.860206	77.4752	-5.15864	-5.15487	79.8982	-4.29508	-4.29466	0.0455591	-0.932954	-0.90345	0.0222836
121801	0.561648	0.575612	0.000527364	0.839181	0.860045	77.1567	-5.13363	-5.15471	79.5569	-4.29445	-4.29466	0.0451613	-1.07103	-0.904096	0.0222189
122001	0.570643	0.575587	0.000523749	0.852621	0.860008	76.6278	-5.1468	-5.15467	79.0071	-4.29418	-4.29466	0.044853	-1.16785	-0.906276	0.0225888
122201	0.552856	0.57551	0.000524879	0.826045	0.859892	76.793	-5.12036	-5.15455	79.1564	-4.29431	-4.29465	0.0445622	-0.858025	-0.907434	0.0228133
122401	0.610902	0.575609	0.000524281	0.912774	0.860041	76.7057	-5.20709	-5.15469	79.0414	-4.29431	-4.29465	0.0442268	-1.16747	-0.908563	0.022847
122601	0.564485	0.575479	0.000525515	0.84342	0.859847	76.8861	-5.13761	-5.15449	79.2113	-4.29419	-4.29465	0.0439252	-1.03161	-0.908803	0.0227795
122801	0.575105	0.575472	0.000524101	0.859287	0.859836	76.6792	-5.15364	-5.15448	78.9857	-4.29436	-4.29464	0.0436347	-1.10378	-0.910477	0.0229894
123001	0.55309	0.575532	0.000524262	0.826395	0.859926	76.7028	-5.12131	-5.15457	78.9882	-4.29492	-4.29464	0.0432724	-0.612846	-0.911151	0.0231473
123201	0.618022	0.575484	0.000526488	0.923411	0.859854	77.0285	-5.21864	-5.1545	79.2949	-4.29523	-4.29465	0.0430029	-1.03378	-0.909311	0.0236418
123401	0.590132	0.575534	0.000523699	0.881739	0.859928	76.6205	-5.17712	-5.15458	78.8739	-4.29538	-4.29465	0.0429077	-0.661898	-0.908126	0.0236861
123601	0.584991	0.575681	0.000522462	0.874059	0.860149	76.4394	-5.16994	-5.15481	78.7009	-4.29588	-4.29466	0.0430797	-0.495361	-0.905318	0.0244551
123801	0.591623	0.575893	0.000527632	0.883968	0.860465	77.1959	-5.17995	-5.15514	79.4953	-4.29598	-4.29467	0.0436986	-0.620932	-0.903017	0.0249924
124001	0.581859	0.575956	0.000524171	0.869379	0.860559	76.6894	-5.16444	-5.15524	78.9831	-4.29506	-4.29468	0.0438089	-0.760838	-0.901217	0.0251886
124201	0.598675	0.575997	0.000520877	0.894504	0.86062	76.2075	-5.18905	-5.1553	78.4812	-4.29455	-4.29468	0.0434631	-0.974394	-0.900399	0.0251193
124401	0.619756	0.576138	0.000520548	0.926003	0.860831	76.1594	-5.22052	-5.15551	78.4094	-4.29452	-4.29468	0.0431279	-1.24259	-0.901644	0.0251911
124601	0.599086	0.576181	0.00051946	0.895119	0.860896	76.0003	-5.18977	-5.15557	78.2306	-4.29465	-4.29468	0.0427822	-1.10154	-0.902485	0.0251787
124801	0.540914	0.576376	0.000522897	0.808201	0.861187	76.5031	-5.10323	-5.15587	78.7199	-4.29503	-4.29468	0.0424608	-0.64241	-0.903499	0.025263
125001	0.584733	0.576193	0.000525612	0.873674	0.860914	76.9003	-5.16881	-5.1556	79.0842	-4.29513	-4.29468	0.0422245	-0.850368	-0.901947	0.0254513
125201	0.57159	0.57633	0.000525999	0.854035	0.861117	76.957	-5.1488	-5.1558	79.1309	-4.29476	-4.29469	0.0419378	-0.894813	-0.90219	0.0253406
125401	0.574227	0.576089	0.000530782	0.857975	0.860757	77.6567	-5.15249	-5.15544	79.8184	-4.29451	-4.29468	0.041614	-0.965166	-0.901465	0.025241
125601	0.571515	0.576078	0.000528338	0.853925	0.860742	77.2992	-5.14847	-5.15543	79.4444	-4.29454	-4.29468	0.0413132	-0.913039	-0.901784	0.0251297
125801	0.542074	0.575969	0.00052718	0.809934	0.860579	77.1297	-5.10464	-5.15526	79.2592	-4.29471	-4.29468	0.0409954	-0.81261	-0.901834	0.0249714
126001	0.567552	0.575903	0.000526216	0.848002	0.86048	76.9887	-5.14255	-5.15516	79.1027	-4.29455	-4.29468	0.0406821	-0.9388	-0.901877	0.0248462
126201	0.572323	0.575896	0.00052289	0.85513	0.86047	76.502	-5.14963	-5.15515	78.6	-4.2945	-4.29468	0.0403853	-0.984303	-0.90275	0.0247812
126401	0.565553	0.575851	0.000519545	0.845016	0.860403	76.0127	-5.13955	-5.15508	78.0961	-4.29453	-4.29468	0.0400895	-0.993884	-0.903167	0.0246282
126601	0.569953	0.575867	0.000516483	0.851589	0.860426	75.5648	-5.14609	-5.1551	77.6318	-4.2945	-4.29468	0.0398042	-0.875671	-0.904104	0.0245822
126801	0.563463	0.575753	0.000514418	0.841894	0.860256	75.2625	-5.13652	-5.15493	77.3167	-4.29463	-4.29468	0.0395147	-0.979857	-0.903614	0.0244607
127001	0.579152	0.57558	0.000516578	0.865334	0.859997	75.5787	-5.15977	-5.15467	77.62	-4.29444	-4.29468	0.0392276	-1.01371	-0.903529	0.0243473
127201	0.561677	0.575546	0.00051381	0.839225	0.859946	75.1736	-5.13324	-5.15462	77.2046	-4.29402	-4.29467	0.0390402	-0.947191	-0.903952	0.0242153
127401	0.529003	0.575465	0.00051347	0.790405	0.859826	75.1239	-5.08387	-5.15449	77.1551	-4.29346	-4.29467	0.0391796	-1.02574	-0.9054	0.0244505
127601	0.574026	0.575282	0.000515794	0.857675	0.859552	75.4639	-5.15103	-5.15421	77.5266	-4.29336	-4.29466	0.0396639	-1.16609	-0.906695	0.0245476
127801	0.544592	0.575208	0.000513341	0.813697	0.859441	75.1049	-5.10691	-5.15409	77.1745	-4.29322	-4.29465	0.0403219	-1.12789	-0.908877	0.0250378
128001	0.554648	0.574968	0.000518952	0.828722	0.859083	75.9259	-5.12225	-5.15372	78.0426	-4.29353	-4.29464	0.0408244	-1.00608	-0.909626	0.0249701
128201	0.594404	0.575002	0.000515965	0.888123	0.859134	75.4889	-5.1824	-5.15377	77.5861	-4.29428	-4.29463	0.0408268	-1.01833	-0.910704	0.024982
128401	0.596986	0.57514	0.000516352	0.891981	0.85934	75.5455	-5.18699	-5.15397	77.6316	-4.29501	-4.29463	0.040561	-0.791294	-0.910316	0.0248521
128601	0.583779	0.575365	0.000523648	0.872249	0.859676	76.613	-5.16801	-5.15431	78.7145	-4.29576	-4.29464	0.0405756	-0.704554	-0.910187	0.0248301
128801	0.607085	0.575459	0.000522928	0.907071	0.859817	76.5077	-5.20267	-5.15446	78.6149	-4.2956	-4.29465	0.040802	-0.753193	-0.908401	0.0251736
129001	0.590154	0.575697	0.000528504	0.881772	0.860172	77.3235	-5.17744	-5.15483	79.4628	-4.29567	-4.29465	0.0409641	-0.588722	-0.907017	0.0252895
129201	0.600345	0.575947	0.000534784	0.897	0.860546	78.2422	-5.19235	-5.1552	80.413	-4.29535	-4.29466	0.0410781	-0.612636	-0.905542	0.0254549
129401	0.606314	0.576134	0.000536681	0.905918	0.860826	78.5197	-5.20049	-5.15549	80.6865	-4.29457	-4.29466	0.040862	-0.926251	-0.90417	0.0256223
129601	0.584463	0.576269	0.000537871	0.87327	0.861026	78.6938	-5.16691	-5.15568	80.8349	-4.29364	-4.29466	0.0407703	-1.07131	-0.905343	0.0257032
129801	0.562664	0.576135	0.000537636	0.840699	0.860826	78.6596	-5.13402	-5.15548	80.8201	-4.29332	-4.29465	0.0411634	-1.09386	-0.905727	0.0255735
130001	0.567694	0.57607	0.000535293	0.848215	0.86073	78.3167	-5.14145	-5.15537	80.4812	-4.29323	-4.29464	0.0417455	-1.14188	-0.907428	0.0258538
130201	0.565692	0.575889	0.000537767	0.845223	0.860459	78.6787	-5.13839	-5.15509	80.8789	-4.29317	-4.29463	0.0423137	-1.09708	-0.907864	0.025763
130401	0.545681	0.575767	0.000536908	0.815324	0.860276	78.553	-5.10841	-5.1549	80.7763	-4.29309	-4.29462	0.0430507	-0.965912	-0.909067	0.0258337
130601	0.54902	0.575676	0.00053515	0.820314	0.860141	78.2958	-5.11345	-5.15475	80.5326	-4.29314	-4.29461	0.0437833	-0.958958	-0.909931	0.0257942
130801	0.545755	0.575499	0.000536879	0.815435	0.859876	78.5488	-5.10879	-5.15448	80.8191	-4.29335	-4.2946	0.0443036	-0.899926	-0.910181	0.0256521
131001	0.565054	0.575464	0.000537085	0.84427	0.859824	78.5789	-5.1383	-5.15442	80.8381	-4.29403	-4.2946	0.044411	-0.778477	-0.910311	0.0256607
131201	0.61855	0.575558	0.000537073	0.9242	0.859964	78.5771	-5.21853	-5.15456	80.8157	-4.29433	-4.29459	0.0442083	-1.08722	-0.910357	0.0255806
131401	0.599212	0.575643	0.000535809	0.895307	0.860091	78.3922	-5.19004	-5.15468	80.6162	-4.29474	-4.29459	0.043934	-1.04668	-0.91064	0.0254599
131601	0.608825	0.575722	0.000534551	0.909671	0.86021	78.2082	-5.20463	-5.1548	80.4226	-4.29496	-4.29459	0.0436857	-1.06812	-0.911108	0.0253592
131801	0.593548	0.575851	0.000534569	0.886844	0.860403	78.2107	-5.18176	-5.155	80.4204	-4.29492	-4.2946	0.0434648	-0.981241	-0.911885	0.0253149
132001	0.579471	0.576107	0.000544257	0.865812	0.860784	79.6282	-5.16101	-5.15538	81.8437	-4.2952	-4.2946	0.0432709	-0.613289	-0.912025	0.0253692
132201	0.567736	0.576178	0.00054268	0.848277	0.860891	79.3974	-5.14374	-5.15549	81.6098	-4.29546	-4.2946	0.0432436	-0.818094	-0.91122	0.0253629
132401	0.563565	0.576123	0.000540497	0.842045	0.860809	79.0781	-5.13754	-5.15542	81.2676	-4.2955	-4.29461	0.0432976	-0.604995	-0.91027	0.0254097
132601	0.579837	0.576323	0.000546243	0.866358	0.861108	79.9188	-5.16204	-5.15572	82.1329	-4.29569	-4.29461	0.043398	-0.522582	-0.909409	0.0254424
132801	0.611902	0.576391	0.000547005	0.914268	0.86121	80.0303	-5.21009	-5.15583	82.2483	-4.29582	-4.29462	0.0436755	-0.815513	-0.907272	0.0261908
133001	0.579307	0.576541	0.000548631	0.865566	0.861433	80.2681	-5.16146	-5.15606	82.507	-4.2959	-4.29463	0.0439618	-0.552178	-0.906384	0.0262452
133201	0.631885	0.576758	0.000554927	0.944125	0.861757	81.1893	-5.24045	-5.1564	83.4784	-4.29632	-4.29464	0.0445635	-0.552321	-0.904333	0.0268591
133401	0.567265	0.576922	0.000560222	0.847573	0.862002	81.9639	-5.14376	-5.15665	84.2973	-4.29619	-4.29465	0.0454532	-0.310037	-0.901579	0.028048
133601	0.602866	0.577129	0.000564815	0.900767	0.862312	82.636	-5.19669	-5.15697	85.0117	-4.29592	-4.29466	0.0459233	-0.734965	-0.900351	0.0281948
133801	0.609043	0.577208	0.000566193	0.909996	0.86243	82.8376	-5.20576	-5.15709	85.2192	-4.29576	-4.29466	0.0462055	-0.946719	-0.899444	0.0282269
134001	0.583827	0.577372	0.000568719	0.87232	0.862676	83.2071	-5.16756	-5.15734	85.6038	-4.29524	-4.29467	0.0462172	-0.83924	-0.899629	0.0280963
134201	0.603095	0.577487	0.000568159	0.901108	0.862846	83.1253	-5.19558	-5.15752	85.5123	-4.29447	-4.29467	0.0459825	-1.05814	-0.900045	0.0279815
134401	0.607568	0.577611	0.000567616	0.907793	0.863032	83.0457	-5.20175	-5.1577	85.407	-4.29396	-4.29467	0.045808	-1.3122	-0.901663	0.0283069
134601	0.594539	0.577656	0.000565984	0.888325	0.863099	82.807	-5.18182	-5.15776	85.1483	-4.2935	-4.29466	0.0459086	-1.31432	-0.903454	0.0287391
134801	0.589999	0.577653	0.000564445	0.881541	0.863095	82.5819	-5.17543	-5.15775	84.912	-4.29389	-4.29466	0.0460631	-1.28934	-0.905412	0.0292776
135001	0.531047	0.577518	0.000565369	0.793459	0.862892	82.717	-5.08803	-5.15755	85.0422	-4.29457	-4.29465	0.0458807	-0.570965	-0.905365	0.029345
135201	0.608835	0.577531	0.000568086	0.909685	0.862912	83.1146	-5.20443	-5.15757	85.4291	-4.29475	-4.29465	0.045625	-1.03341	-0.905207	0.0294173
135401	0.552458	0.577538	0.000566822	0.825449	0.862923	82.9296	-5.12004	-5.15758	85.2319	-4.2946	-4.29465	0.0453687	-0.719839	-0.904845	0.0293297
135601	0.602401	0.577525	0.000565016	0.900072	0.862904	82.6653	-5.19457	-5.15756	84.955	-4.2945	-4.29465	0.0451213	-0.911475	-0.90433	0.0292383
135801	0.595446	0.577569	0.000563738	0.88968	0.86297	82.4784	-5.18411	-5.15762	84.7538	-4.29443	-4.29465	0.0448804	-0.975078	-0.904054	0.0291424
136001	0.579344	0.577638	0.00056276	0.865622	0.863073	82.3353	-5.15998	-5.15772	84.5949	-4.29436	-4.29465	0.0446527	-0.777905	-0.904072	0.0290209
136201	0.566876	0.577611	0.000560258	0.846992	0.863032	81.9692	-5.14132	-5.15768	84.2182	-4.29433	-4.29465	0.0444432	-0.926333	-0.903563	0.0289351
136401	0.577784	0.577627	0.000557859	0.86329	0.863056	81.6182	-5.15755	-5.1577	83.8536	-4.29426	-4.29465	0.0442396	-0.962395	-0.904074	0.0288326
136601	0.580926	0.577667	0.000555523	0.867986	0.863115	81.2765	-5.16224	-5.15776	83.4968	-4.29426	-4.29464	0.0440494	-0.944685	-0.904726	0.0287776
136801	0.58939	0.577652	0.000554528	0.880632	0.863093	81.1309	-5.1751	-5.15774	83.3412	-4.29447	-4.29464	0.0438485	-0.989751	-0.904636	0.0286882
137001	0.575863	0.577658	0.000551918	0.860421	0.863102	80.7491	-5.15516	-5.15774	82.9471	-4.29474	-4.29464	0.0436141	-0.900447	-0.904725	0.028547
137201	0.598449	0.577721	0.00055042	0.894167	0.863196	80.5299	-5.1891	-5.15784	82.7194	-4.29493	-4.29464	0.0433973	-1.00024	-0.905	0.0284262
137401	0.566208	0.577786	0.000549187	0.845994	0.863293	80.3495	-5.14119	-5.15794	82.5329	-4.2952	-4.29465	0.0432323	-0.813071	-0.905075	0.0282908
137601	0.60164	0.577871	0.000548097	0.898935	0.86342	80.19	-5.19439	-5.15807	82.3741	-4.29546	-4.29465	0.0431789	-0.889535	-0.904906	0.0281537
137801	0.576302	0.578004	0.000549484	0.861077	0.863619	80.3929	-5.15691	-5.15827	82.5911	-4.29584	-4.29466	0.0433088	-0.655525	-0.90481	0.0280685
138001	0.592247	0.578011	0.000548667	0.8849	0.86363	80.2734	-5.18067	-5.15829	82.4626	-4.29577	-4.29466	0.0435759	-0.7688	-0.903522	0.0282848
138201	0.58242	0.578092	0.000547855	0.870217	0.863751	80.1546	-5.16556	-5.15842	82.3461	-4.29534	-4.29467	0.04363	-0.705613	-0.902959	0.0282112
138401	0.56216	0.577999	0.000547953	0.839946	0.863612	80.169	-5.13522	-5.15828	82.338	-4.29527	-4.29467	0.0435283	-0.674616	-0.901435	0.0285419
138601	0.61097	0.578039	0.000546681	0.912875	0.863672	79.9828	-5.20827	-5.15834	82.1461	-4.2954	-4.29467	0.0434399	-0.868997	-0.900967	0.0284536
138801	0.579169	0.578167	0.000548667	0.865361	0.863863	80.2734	-5.16108	-5.15854	82.4493	-4.29571	-4.29468	0.0435009	-0.623955	-0.900274	0.0284406
139001	0.610759	0.578192	0.000547165	0.91256	0.863901	80.0537	-5.20775	-5.15858	82.2205	-4.29519	-4.29468	0.0435189	-0.931646	-0.899047	0.0286651
139201	0.553892	0.57821	0.000545653	0.827593	0.863928	79.8325	-5.12259	-5.15861	81.9899	-4.295	-4.29468	0.0433317	-0.714941	-0.898993	0.0285532
139401	0.606981	0.57825	0.000544626	0.906915	0.863987	79.6822	-5.20217	-5.15867	81.8333	-4.29525	-4.29469	0.0431826	-0.89682	-0.898657	0.0284551
139601	0.612194	0.57839	0.000546679	0.914704	0.864196	79.9826	-5.21006	-5.15889	82.1403	-4.29535	-4.29469	0.0430938	-0.898637	-0.898496	0.0283442
139801	0.582636	0.578538	0.000549711	0.87054	0.864417	80.4262	-5.16602	-5.15911	82.5941	-4.29548	-4.29469	0.0430492	-0.605048	-0.898104	0.0282871
140001	0.602721	0.578588	0.000548264	0.90055	0.864492	80.2145	-5.19568	-5.15919	82.3768	-4.29513	-4.2947	0.0429716	-0.899451	-0.897138	0.0284058
140201	0.575099	0.57858	0.000546972	0.859279	0.864479	80.0254	-5.15361	-5.15918	82.1791	-4.29433	-4.2947	0.0427766	-0.871733	-0.896553	0.0283796
140401	0.575645	0.57851	0.000545849	0.860095	0.864375	79.8612	-5.15383	-5.15907	82.0132	-4.29374	-4.29469	0.0427282	-1.09155	-0.896851	0.0283063
140601	0.568561	0.57844	0.000545876	0.84951	0.864271	79.8651	-5.14313	-5.15896	82.021	-4.29362	-4.29469	0.042863	-0.990989	-0.897362	0.0282647
140801	0.580345	0.578432	0.000543365	0.867118	0.864259	79.4976	-5.16079	-5.15894	81.645	-4.29367	-4.29468	0.0430187	-0.955595	-0.897738	0.0281568
141001	0.594834	0.578327	0.00054517	0.888765	0.864102	79.7617	-5.18236	-5.15878	81.9191	-4.29359	-4.29468	0.0431289	-1.0895	-0.897376	0.0281238
141201	0.577775	0.578337	0.000544463	0.863277	0.864117	79.6584	-5.1567	-5.15879	81.804	-4.29343	-4.29467	0.043363	-1.07358	-0.89812	0.0281484
141401	0.589783	0.578361	0.000542118	0.881219	0.864153	79.3152	-5.17454	-5.15882	81.4449	-4.29332	-4.29467	0.0436738	-1.13901	-0.899257	0.0282829
141601	0.547977	0.578352	0.000540616	0.818755	0.86414	79.0954	-5.11219	-5.1588	81.2173	-4.29344	-4.29466	0.0440271	-0.967306	-0.900126	0.0283264
141801	0.590162	0.578318	0.000539329	0.881785	0.864088	78.9072	-5.17549	-5.15874	81.0279	-4.29371	-4.29465	0.0442206	-1.35538	-0.901628	0.0287388
142001	0.568404	0.578253	0.000538061	0.849275	0.863992	78.7217	-5.14331	-5.15864	80.8417	-4.29404	-4.29465	0.0441958	-1.1515	-0.902957	0.0289908
142201	0.566298	0.578173	0.000539159	0.846129	0.863872	78.8823	-5.14039	-5.15852	80.9988	-4.29426	-4.29465	0.0440626	-1.0945	-0.903826	0.029089
142401	0.58336	0.578112	0.000539329	0.871622	0.863781	78.9072	-5.16602	-5.15843	81.0168	-4.2944	-4.29465	0.0438834	-1.09366	-0.904453	0.0291167
142601	0.554442	0.578081	0.000537834	0.828415	0.863734	78.6885	-5.12259	-5.15838	80.7903	-4.29418	-4.29464	0.0437056	-0.790826	-0.904723	0.0290362
142801	0.569806	0.578019	0.000536292	0.851371	0.863642	78.4628	-5.14498	-5.15828	80.5637	-4.29361	-4.29464	0.043684	-0.941849	-0.904694	0.0289147
143001	0.566451	0.577927	0.000538097	0.846357	0.863504	78.727	-5.13977	-5.15814	80.8404	-4.29341	-4.29464	0.0439	-1.24566	-0.905249	0.0289009
143201	0.570639	0.577897	0.000535993	0.852614	0.86346	78.4191	-5.14628	-5.15809	80.529	-4.29367	-4.29463	0.0440529	-1.19767	-0.906894	0.0293704
143401	0.579357	0.577889	0.00053429	0.865642	0.863447	78.1699	-5.15987	-5.15807	80.2702	-4.29423	-4.29463	0.0440131	-0.946233	-0.907592	0.0294338
143601	0.597954	0.577887	0.0005336	0.893427	0.863445	78.069	-5.18833	-5.15807	80.1614	-4.2949	-4.29463	0.0438238	-0.960931	-0.907496	0.0293426
143801	0.600282	0.577921	0.000532947	0.896906	0.863495	77.9735	-5.19273	-5.15813	80.0605	-4.29582	-4.29463	0.0437867	-0.752238	-0.907008	0.0293232
144001	0.620045	0.578001	0.000532074	0.926434	0.863615	77.8457	-5.22272	-5.15825	79.9467	-4.29629	-4.29464	0.0442246	-0.876555	-0.906037	0.0294101
144201	0.596649	0.578119	0.000533503	0.891478	0.863791	78.0548	-5.18771	-5.15844	80.1856	-4.29623	-4.29464	0.0448521	-0.649611	-0.905196	0.0294815
144401	0.590257	0.578216	0.000534175	0.881927	0.863936	78.1531	-5.17781	-5.15859	80.2995	-4.29588	-4.29465	0.045193	-0.626721	-0.904336	0.0295529
144601	0.601341	0.578349	0.000537295	0.898488	0.864134	78.6096	-5.19454	-5.15879	80.7804	-4.29605	-4.29466	0.0454799	-0.634238	-0.903387	0.0296605
144801	0.638977	0.578554	0.000545287	0.954722	0.86444	79.7788	-5.25106	-5.1591	82.0039	-4.29634	-4.29466	0.0459947	-0.93246	-0.902937	0.0296189
145001	0.614143	0.57871	0.000549147	0.917616	0.864675	80.3436	-5.21388	-5.15935	82.6111	-4.29627	-4.29467	0.0466087	-0.775841	-0.902399	0.0295792
145201	0.630075	0.578891	0.00055488	0.94142	0.864945	81.1824	-5.23761	-5.15962	83.4939	-4.29619	-4.29468	0.047073	-0.947143	-0.902064	0.0295149
145401	0.631858	0.579099	0.000562412	0.944085	0.865256	82.2843	-5.24004	-5.15994	84.6431	-4.29595	-4.29468	0.0474283	-0.863954	-0.902145	0.0294
145601	0.618245	0.579242	0.000565682	0.923745	0.865469	82.7628	-5.21983	-5.16016	85.1475	-4.29608	-4.29469	0.0476922	-0.70876	-0.901329	0.029454
145801	0.589548	0.579316	0.000566359	0.880868	0.865579	82.8619	-5.17721	-5.16028	85.258	-4.29634	-4.2947	0.0481405	-0.379488	-0.899562	0.0301255
146001	0.640515	0.579415	0.000569104	0.95702	0.865727	83.2634	-5.25378	-5.16043	85.6887	-4.29676	-4.2947	0.0489241	-0.800687	-0.89788	0.0308037
146201	0.571724	0.579519	0.000572767	0.854235	0.865883	83.7994	-5.15094	-5.1606	86.2577	-4.29671	-4.29471	0.0498973	-0.386675	-0.896424	0.0313016
146401	0.614173	0.579584	0.000572107	0.91766	0.86598	83.7029	-5.21406	-5.1607	86.1743	-4.2964	-4.29472	0.0506462	-0.863813	-0.895416	0.0314951
146601	0.600887	0.579707	0.000573714	0.897809	0.866164	83.9379	-5.19407	-5.16089	86.4385	-4.29626	-4.29473	0.0511597	-0.84817	-0.895392	0.0313721
146801	0.600855	0.5798	0.000573782	0.897762	0.866302	83.9479	-5.19377	-5.16104	86.4635	-4.29601	-4.29473	0.0515042	-0.865227	-0.89524	0.031256
147001	0.580961	0.579936	0.000576588	0.868038	0.866506	84.3584	-5.16385	-5.16125	86.8932	-4.29581	-4.29474	0.0516216	-0.728807	-0.895277	0.0311549
147201	0.591194	0.579953	0.000574534	0.883328	0.866532	84.0579	-5.17941	-5.16128	86.5867	-4.29608	-4.29474	0.0517899	-0.622542	-0.894325	0.0312381
147401	0.624231	0.58002	0.000573577	0.932688	0.866632	83.9178	-5.22911	-5.16138	86.4573	-4.29642	-4.29475	0.0522465	-0.826599	-0.893251	0.0313923
147601	0.58179	0.580184	0.000578357	0.869275	0.866877	84.6173	-5.1657	-5.16163	87.2013	-4.29642	-4.29476	0.0528202	-0.440307	-0.892716	0.0313892
147801	0.585607	0.580266	0.000578675	0.87498	0.866999	84.6637	-5.17154	-5.16176	87.2661	-4.29656	-4.29476	0.0534337	-0.533408	-0.891409	0.0317309
148001	0.614849	0.5803	0.000578037	0.91867	0.86705	84.5705	-5.21495	-5.16182	87.1726	-4.29628	-4.29477	0.0539433	-0.808977	-0.890111	0.0320811
148201	0.598095	0.5804	0.000579666	0.893638	0.867199	84.8087	-5.18983	-5.16198	87.4283	-4.29619	-4.29478	0.0542717	-0.670795	-0.889529	0.0320618
148401	0.588071	0.580419	0.000578552	0.878661	0.867228	84.6458	-5.17441	-5.16201	87.2593	-4.29575	-4.29478	0.0544837	-0.638759	-0.888372	0.0322768
148601	0.627764	0.580534	0.000579896	0.937968	0.8674	84.8424	-5.23334	-5.16219	87.4621	-4.29537	-4.29479	0.0544201	-1.05534	-0.888231	0.0321948
148801	0.576751	0.580573	0.000578494	0.861747	0.867458	84.6373	-5.15711	-5.16225	87.2506	-4.29536	-4.29479	0.0542739	-0.732121	-0.888002	0.0321058
149001	0.614448	0.580559	0.000576714	0.918071	0.867437	84.3769	-5.21352	-5.16223	86.9776	-4.29545	-4.29479	0.0541787	-1.02285	-0.887577	0.0320445
149201	0.557069	0.580636	0.00057915	0.832339	0.867552	84.7332	-5.12763	-5.16235	87.3322	-4.29529	-4.29479	0.0540323	-0.612578	-0.887655	0.0320621
149401	0.612923	0.580609	0.000578958	0.915793	0.867512	84.7052	-5.21128	-5.16231	87.2911	-4.29549	-4.2948	0.0539102	-1.0283	-0.887128	0.0320845
149601	0.623906	0.580727	0.000581576	0.932203	0.867687	85.0882	-5.22795	-5.16249	87.6832	-4.29575	-4.2948	0.0538622	-1.02618	-0.887584	0.0320381
149801	0.616445	0.580771	0.000581342	0.921056	0.867754	85.054	-5.2174	-5.16256	87.649	-4.29634	-4.2948	0.0540555	-0.858188	-0.887131	0.0320197
150001	0.610146	0.580945	0.000586784	0.911643	0.868014	85.8501	-5.20858	-5.16283	88.4978	-4.29694	-4.29481	0.0547448	-0.487135	-0.886364	0.032125
150201	0.648125	0.581085	0.000589871	0.96839	0.868222	86.3018	-5.26538	-5.16304	88.9992	-4.29699	-4.29482	0.0557491	-0.824057	-0.885214	0.0323687
150401	0.599181	0.581251	0.000596398	0.895261	0.868471	87.2567	-5.19197	-5.1633	90.0122	-4.29671	-4.29483	0.0566232	-0.592232	-0.884507	0.0324134
150601	0.622351	0.581348	0.000597412	0.929879	0.868615	87.4051	-5.22627	-5.16345	90.1813	-4.29639	-4.29483	0.0571398	-0.772916	-0.883492	0.0325852
150801	0.62998	0.581464	0.000600368	0.941278	0.86879	87.8376	-5.23749	-5.16363	90.6366	-4.29621	-4.29484	0.0574725	-0.925354	-0.88311	0.032567
151001	0.599115	0.581581	0.000601963	0.895163	0.868964	88.071	-5.19113	-5.16381	90.888	-4.29597	-4.29485	0.0576439	-0.750606	-0.882578	0.0325431
151201	0.599249	0.581657	0.00060128	0.895362	0.869078	87.9711	-5.19103	-5.16393	90.792	-4.29567	-4.29485	0.0576608	-0.883136	-0.882417	0.032429
151401	0.610199	0.581766	0.000602623	0.911723	0.869241	88.1675	-5.20758	-5.16409	90.9965	-4.29585	-4.29485	0.0576326	-0.747253	-0.882293	0.0323238
151601	0.625906	0.581911	0.000606124	0.935192	0.869458	88.6797	-5.23134	-5.16431	91.5294	-4.29615	-4.29486	0.0577287	-0.817679	-0.881985	0.0322307
151801	0.58989	0.581997	0.000607833	0.881378	0.869586	88.9297	-5.17793	-5.16445	91.7919	-4.29655	-4.29486	0.0580648	-0.51678	-0.880922	0.0324872
152001	0.609202	0.582024	0.000606997	0.910233	0.869626	88.8074	-5.20735	-5.1645	91.6713	-4.29712	-4.29487	0.0587959	-0.588237	-0.87943	0.032969
152201	0.610537	0.582191	0.000612551	0.912228	0.869875	89.62	-5.20954	-5.16475	92.5518	-4.29731	-4.29488	0.0599805	-0.432159	-0.878387	0.0331544
152401	0.647934	0.58236	0.000618256	0.968104	0.870128	90.4547	-5.26583	-5.16502	93.4679	-4.29772	-4.29489	0.0615938	-0.646644	-0.877014	0.0335402
152601	0.621727	0.582543	0.000625758	0.928948	0.870401	91.5523	-5.22632	-5.1653	94.6516	-4.29737	-4.2949	0.063168	-0.488418	-0.875702	0.0338982
152801	0.635628	0.582633	0.00062766	0.949718	0.870535	91.8305	-5.24679	-5.16544	94.9584	-4.29707	-4.29491	0.0642106	-0.711898	-0.874345	0.0343531
153001	0.640317	0.582761	0.000630004	0.956724	0.870726	92.1735	-5.2532	-5.16564	95.337	-4.29648	-4.29492	0.0648721	-0.744447	-0.873328	0.034511
153201	0.557563	0.582877	0.000633247	0.833077	0.8709	92.648	-5.12907	-5.16582	95.8326	-4.29599	-4.29492	0.0650764	-0.40622	-0.872405	0.0346433
153401	0.609086	0.583004	0.000638408	0.91006	0.87109	93.4031	-5.20538	-5.16601	96.5926	-4.29532	-4.29492	0.0649656	-0.955858	-0.872265	0.0346367
153601	0.578633	0.583035	0.000637319	0.864559	0.871136	93.2437	-5.15954	-5.16606	96.4235	-4.29498	-4.29492	0.0647325	-0.937768	-0.872525	0.0345366
153801	0.598555	0.583093	0.000636055	0.894325	0.871223	93.0588	-5.18947	-5.16615	96.2286	-4.29514	-4.29492	0.064498	-1.08448	-0.873329	0.0345903
154001	0.584545	0.583059	0.000634871	0.873393	0.871172	92.8855	-5.16893	-5.1661	96.0395	-4.29554	-4.29493	0.0643116	-0.961473	-0.873497	0.0344992
154201	0.575576	0.583085	0.000636236	0.859991	0.871211	93.0853	-5.15526	-5.16614	96.2315	-4.29527	-4.29493	0.0641436	-0.762711	-0.873688	0.0345227
154401	0.580618	0.583026	0.000635043	0.867525	0.871123	92.9108	-5.16225	-5.16605	96.0452	-4.29473	-4.29493	0.0639157	-0.867825	-0.873297	0.0344447
154601	0.550922	0.583067	0.000634944	0.823155	0.871183	92.8963	-5.11805	-5.16611	96.0173	-4.2949	-4.29493	0.0636898	-0.606079	-0.873568	0.0344204
154801	0.575657	0.582987	0.000634627	0.860112	0.871065	92.8499	-5.15538	-5.16599	95.9559	-4.29527	-4.29493	0.0634777	-0.629637	-0.872505	0.034607
155001	0.556657	0.582995	0.000632585	0.831724	0.871076	92.5511	-5.12678	-5.16601	95.6462	-4.29505	-4.29493	0.0632589	-0.718879	-0.872073	0.0345434
155201	0.577551	0.583021	0.000632123	0.862942	0.871116	92.4835	-5.15792	-5.16605	95.5671	-4.29498	-4.29493	0.0630306	-0.945907	-0.872502	0.0345484
155401	0.604035	0.583002	0.000630141	0.902513	0.871086	92.1936	-5.19747	-5.16602	95.2657	-4.29496	-4.29493	0.0628042	-1.05845	-0.872529	0.0344348
155601	0.608335	0.583074	0.000629561	0.908938	0.871195	92.1087	-5.2038	-5.16612	95.1691	-4.29486	-4.29493	0.0625793	-1.11902	-0.873404	0.0345259
155801	0.583754	0.583081	0.000628608	0.872211	0.871205	91.9693	-5.16676	-5.16613	95.0183	-4.29455	-4.29493	0.0623632	-0.797308	-0.873593	0.0344474
156001	0.555703	0.583046	0.000627308	0.830299	0.871153	91.7791	-5.12443	-5.16608	94.822	-4.29413	-4.29493	0.0622228	-0.770095	-0.873137	0.0343836
156201	0.573895	0.583032	0.000625271	0.857479	0.871132	91.4811	-5.15124	-5.16605	94.516	-4.29376	-4.29492	0.0622545	-1.05448	-0.873617	0.0343465
156401	0.564261	0.582951	0.000625755	0.843085	0.871011	91.5519	-5.13727	-5.16593	94.5917	-4.29418	-4.29492	0.0622842	-0.839772	-0.873806	0.0342846
156601	0.579162	0.58292	0.000624105	0.86535	0.870964	91.3104	-5.16004	-5.16588	94.3429	-4.29469	-4.29492	0.0621123	-0.807025	-0.873711	0.034169
156801	0.584325	0.582876	0.000622882	0.873064	0.870899	91.1315	-5.16771	-5.16582	94.155	-4.29465	-4.29492	0.0619043	-0.85844	-0.873298	0.0341169
157001	0.552826	0.582827	0.000621764	0.826	0.870826	90.9679	-5.12032	-5.16574	93.9857	-4.29432	-4.29492	0.061735	-0.729567	-0.872927	0.034048
157201	0.522218	0.582688	0.000626075	0.780267	0.870618	91.5986	-5.07412	-5.16553	94.6286	-4.29385	-4.29491	0.0616744	-0.81219	-0.872724	0.0339747
157401	0.559494	0.582561	0.000628768	0.835963	0.870427	91.9927	-5.12965	-5.16534	95.042	-4.29369	-4.29491	0.0617839	-1.05393	-0.872949	0.0338814
157601	0.57014	0.582495	0.000627874	0.85187	0.87033	91.8619	-5.14545	-5.16523	94.9167	-4.29358	-4.2949	0.0619147	-1.04962	-0.87355	0.0338691
157801	0.57691	0.582411	0.000628169	0.861984	0.870204	91.905	-5.15545	-5.1651	94.9728	-4.29347	-4.2949	0.0621468	-1.04406	-0.873876	0.0337971
158001	0.582327	0.582368	0.000627437	0.870078	0.87014	91.798	-5.16346	-5.16503	94.8676	-4.29338	-4.29489	0.0623918	-1.05528	-0.874247	0.0337485
158201	0.570466	0.582308	0.000626474	0.852356	0.870051	91.6571	-5.1455	-5.16494	94.7364	-4.29315	-4.29489	0.0628113	-1.07446	-0.874772	0.0337169
158401	0.560162	0.582274	0.000625126	0.83696	0.869999	91.4599	-5.13011	-5.16488	94.5412	-4.29315	-4.29488	0.0632792	-0.959734	-0.875482	0.0337679
158601	0.529171	0.582218	0.00062476	0.790656	0.869916	91.4063	-5.08398	-5.16479	94.4956	-4.29332	-4.29488	0.0636795	-0.675967	-0.875655	0.0336974
158801	0.544744	0.582147	0.00062653	0.813925	0.86981	91.6653	-5.10771	-5.16468	94.7623	-4.29378	-4.29487	0.0638631	-0.798979	-0.875725	0.0336573
159001	0.570628	0.582112	0.000626101	0.852599	0.869756	91.6025	-5.14662	-5.16463	94.6964	-4.29402	-4.29487	0.0638415	-0.91748	-0.875883	0.0335928
159201	0.58142	0.582078	0.000624642	0.868723	0.869706	91.3891	-5.16299	-5.16457	94.4777	-4.29427	-4.29487	0.0637625	-1.07447	-0.876092	0.0334991
159401	0.558598	0.582141	0.000625305	0.834625	0.869801	91.486	-5.12953	-5.16467	94.5597	-4.29491	-4.29487	0.0635717	-0.812764	-0.877144	0.0338188
159601	0.574262	0.582132	0.000623567	0.858028	0.869787	91.2318	-5.15301	-5.16465	94.2951	-4.29498	-4.29487	0.0633629	-0.700009	-0.876854	0.0337424
159801	0.564396	0.582124	0.000621853	0.843287	0.869775	90.981	-5.13788	-5.16464	94.0341	-4.29459	-4.29487	0.0631557	-0.869651	-0.876798	0.033662
160001	0.574491	0.582043	0.00062194	0.858371	0.869654	90.9937	-5.15281	-5.16452	94.0418	-4.29444	-4.29487	0.0629695	-1.09737	-0.876974	0.0335789
160201	0.570982	0.582049	0.000620311	0.853128	0.869663	90.7554	-5.14744	-5.16453	93.7932	-4.29431	-4.29486	0.0628118	-1.05624	-0.8778	0.0336835
160401	0.593866	0.582099	0.000620087	0.887319	0.869737	90.7226	-5.18165	-5.1646	93.7448	-4.29433	-4.29486	0.0626744	-0.897209	-0.878411	0.0337754
160601	0.604024	0.582143	0.000619947	0.902496	0.869804	90.7021	-5.19733	-5.16466	93.7106	-4.29483	-4.29486	0.0624985	-0.9021	-0.878363	0.0337063
160801	0.59313	0.582126	0.000619549	0.886219	0.869778	90.6439	-5.18148	-5.16464	93.6425	-4.29526	-4.29486	0.0623059	-0.769663	-0.877962	0.033672
161001	0.570237	0.582119	0.000617904	0.852014	0.869768	90.4032	-5.14754	-5.16463	93.3916	-4.29553	-4.29486	0.0621714	-0.596007	-0.877165	0.0337636
161201	0.552756	0.582098	0.000616586	0.825895	0.869736	90.2104	-5.12139	-5.1646	93.1865	-4.2955	-4.29486	0.0620512	-0.555933	-0.876393	0.0338444
161401	0.598845	0.582117	0.000616181	0.894759	0.869765	90.1511	-5.19028	-5.16463	93.1205	-4.29552	-4.29487	0.0619453	-0.980875	-0.87628	0.0338411
161601	0.597657	0.582167	0.000615609	0.892983	0.869839	90.0674	-5.18831	-5.16471	93.0326	-4.29533	-4.29487	0.0618107	-0.956265	-0.876584	0.0337793
161801	0.573417	0.582149	0.000617105	0.856765	0.869812	90.2863	-5.15184	-5.16468	93.2423	-4.29507	-4.29487	0.0616295	-0.710749	-0.876315	0.0338334
162001	0.568347	0.582175	0.000615719	0.84919	0.869851	90.0835	-5.14401	-5.16472	93.0309	-4.29482	-4.29487	0.061434	-0.759436	-0.876279	0.0337385
162201	0.60269	0.5822	0.000615105	0.900504	0.869889	89.9937	-5.1956	-5.16476	92.9328	-4.2951	-4.29487	0.0612388	-1.04974	-0.876526	0.0337103
162401	0.567891	0.582142	0.00061482	0.848509	0.869801	89.952	-5.14356	-5.16467	92.8785	-4.29505	-4.29487	0.0610581	-0.953763	-0.87648	0.0336263
162601	0.53719	0.582132	0.000613929	0.802638	0.869787	89.8217	-5.09749	-5.16466	92.7387	-4.29485	-4.29487	0.0608654	-0.565659	-0.876765	0.0336181
162801	0.575422	0.582068	0.000614721	0.859762	0.869691	89.9375	-5.15435	-5.16456	92.8467	-4.29459	-4.29487	0.060679	-0.891585	-0.876379	0.0336354
163001	0.575808	0.582021	0.000613629	0.860338	0.869621	89.7777	-5.15456	-5.16449	92.6819	-4.29422	-4.29487	0.0605322	-0.971354	-0.876418	0.0335335
163201	0.532726	0.581959	0.000613737	0.795967	0.869528	89.7936	-5.08982	-5.1644	92.6997	-4.29385	-4.29487	0.0604816	-0.763278	-0.876521	0.0334512
163401	0.573244	0.581876	0.000615583	0.856508	0.869404	90.0636	-5.15018	-5.16427	92.9786	-4.29367	-4.29486	0.0605521	-1.00142	-0.876547	0.0333949
163601	0.54843	0.581841	0.000614633	0.819431	0.869353	89.9246	-5.11286	-5.16421	92.8402	-4.29343	-4.29486	0.0607218	-0.961168	-0.87701	0.0333666
163801	0.572803	0.581781	0.000613913	0.855847	0.869263	89.8193	-5.14948	-5.16412	92.7423	-4.29363	-4.29485	0.0609179	-1.16406	-0.877731	0.0334334
164001	0.578362	0.581695	0.000614763	0.864154	0.869134	89.9436	-5.15789	-5.16399	92.8777	-4.29373	-4.29485	0.0610143	-1.12149	-0.878168	0.0334074
164201	0.568376	0.581689	0.000613004	0.849234	0.869125	89.6863	-5.14364	-5.16397	92.6122	-4.29441	-4.29485	0.0609603	-0.985405	-0.878791	0.0334346
164401	0.588905	0.581673	0.000611273	0.879907	0.869102	89.4331	-5.17449	-5.16395	92.3508	-4.29459	-4.29485	0.0607873	-1.00086	-0.879149	0.0333732
164601	0.543317	0.581601	0.000613857	0.811792	0.868994	89.8111	-5.10604	-5.16384	92.7285	-4.29424	-4.29485	0.0606494	-0.745833	-0.878854	0.0333794
164801	0.548933	0.581575	0.000612942	0.820183	0.868954	89.6773	-5.11431	-5.1638	92.5892	-4.29412	-4.29484	0.0605503	-0.867349	-0.879251	0.0333673
165001	0.560261	0.58152	0.000613103	0.837109	0.868872	89.7007	-5.13112	-5.16371	92.6116	-4.29401	-4.29484	0.0604778	-1.02049	-0.879586	0.0333537
165201	0.619263	0.581525	0.000612518	0.925266	0.868881	89.6152	-5.21911	-5.16372	92.5157	-4.29384	-4.29484	0.0604672	-1.31271	-0.880233	0.0334189
165401	0.577513	0.58154	0.000611335	0.862886	0.868902	89.4421	-5.15695	-5.16374	92.331	-4.29407	-4.29484	0.0604477	-1.08185	-0.881045	0.0335496
165601	0.572142	0.581534	0.000609686	0.854861	0.868893	89.2009	-5.14942	-5.16373	92.081	-4.29456	-4.29483	0.0603219	-1.00462	-0.881595	0.0335539
165801	0.592047	0.581539	0.000608576	0.884602	0.868902	89.0385	-5.17986	-5.16374	91.9099	-4.29526	-4.29484	0.0601497	-0.928759	-0.881921	0.0335103
166001	0.609534	0.581587	0.000607522	0.910729	0.868972	88.8843	-5.20628	-5.16381	91.7524	-4.29555	-4.29484	0.0600329	-0.797924	-0.881739	0.0334306
166201	0.61968	0.581703	0.000610256	0.925889	0.869147	89.2842	-5.22215	-5.16399	92.1677	-4.29626	-4.29484	0.0600797	-0.705387	-0.881465	0.0333693
166401	0.612997	0.581868	0.000617602	0.915903	0.869392	90.3591	-5.21233	-5.16424	93.2855	-4.29642	-4.29484	0.0603998	-0.627367	-0.881119	0.0333155
166601	0.617371	0.581972	0.000619814	0.922438	0.869548	90.6826	-5.21822	-5.1644	93.6273	-4.29578	-4.29485	0.0605582	-0.875645	-0.880663	0.033304
166801	0.586252	0.582038	0.000621303	0.875943	0.869647	90.9005	-5.17109	-5.1645	93.8465	-4.29514	-4.29485	0.0604515	-0.962588	-0.880856	0.0332387
167001	0.553306	0.581997	0.000621512	0.826717	0.869585	90.9312	-5.12156	-5.16444	93.8682	-4.29484	-4.29485	0.0602751	-0.980161	-0.881057	0.0331666
167201	0.56285	0.581964	0.000620587	0.840977	0.869537	90.7957	-5.13528	-5.16439	93.7267	-4.2943	-4.29485	0.0601178	-1.05163	-0.881716	0.0332283
167401	0.546903	0.581878	0.000621532	0.817151	0.869408	90.9339	-5.11134	-5.16426	93.8674	-4.29418	-4.29485	0.0600232	-0.891103	-0.881866	0.0331525
167601	0.554418	0.581835	0.000621257	0.828378	0.869343	90.8938	-5.12314	-5.16419	93.8216	-4.29476	-4.29485	0.0598872	-0.799703	-0.882138	0.0331268
167801	0.534028	0.581755	0.000621739	0.797913	0.869224	90.9643	-5.09326	-5.16407	93.8791	-4.29534	-4.29485	0.0597264	-0.651717	-0.881781	0.033081
168001	0.582973	0.581687	0.000623172	0.871043	0.869122	91.174	-5.16639	-5.16397	94.0727	-4.29534	-4.29485	0.0596162	-0.972061	-0.88157	0.0330523
168201	0.565377	0.581708	0.000622017	0.844753	0.869153	91.005	-5.13986	-5.164	93.8967	-4.2951	-4.29485	0.0594608	-0.71326	-0.881805	0.0330168
168401	0.595225	0.581727	0.000620553	0.889349	0.869182	90.7907	-5.18462	-5.16403	93.6754	-4.29528	-4.29485	0.0593066	-0.796631	-0.881557	0.0329464
168601	0.600278	0.581767	0.000619931	0.8969	0.869241	90.6998	-5.19267	-5.16409	93.5816	-4.29577	-4.29485	0.059221	-0.784589	-0.881162	0.0329243
168801	0.623883	0.581798	0.000619437	0.932169	0.869288	90.6276	-5.22818	-5.16414	93.5081	-4.29601	-4.29486	0.0592827	-0.936097	-0.880676	0.0329483
169001	0.583551	0.58186	0.000620243	0.871907	0.869381	90.7454	-5.16773	-5.16424	93.6313	-4.29582	-4.29486	0.0593197	-0.652826	-0.880468	0.0329251
169201	0.595375	0.581914	0.000619673	0.889575	0.869461	90.662	-5.18522	-5.16432	93.55	-4.29565	-4.29486	0.0593225	-0.893686	-0.880355	0.0328509
169401	0.606607	0.581908	0.000619038	0.906357	0.869452	90.5692	-5.20184	-5.16432	93.4487	-4.29548	-4.29486	0.059228	-1.10072	-0.880318	0.0327885
169601	0.567867	0.581961	0.000618838	0.848473	0.869532	90.5398	-5.14412	-5.1644	93.4181	-4.29565	-4.29487	0.0591503	-0.666318	-0.88059	0.0327816
169801	0.63824	0.582017	0.00062054	0.95362	0.869615	90.7888	-5.24913	-5.16448	93.6663	-4.29551	-4.29487	0.0590838	-1.02791	-0.880527	0.032753
170001	0.554824	0.582004	0.000619908	0.828985	0.869596	90.6965	-5.12405	-5.16447	93.5657	-4.29507	-4.29487	0.0589527	-0.696348	-0.880076	0.0327585
170201	0.560215	0.581898	0.000622508	0.837039	0.869437	91.0769	-5.13139	-5.16431	93.9424	-4.29435	-4.29487	0.0588007	-0.882318	-0.879566	0.0327668
170401	0.581037	0.581853	0.00062157	0.868151	0.869371	90.9395	-5.16194	-5.16424	93.8037	-4.29379	-4.29487	0.0587586	-0.997513	-0.879849	0.0327035
170601	0.534555	0.581769	0.000622782	0.7987	0.869244	91.1169	-5.09201	-5.16411	93.9965	-4.29331	-4.29486	0.0589392	-0.901921	-0.879763	0.0326298
170801	0.55454	0.581675	0.000624655	0.82856	0.869104	91.3909	-5.12176	-5.16396	94.2934	-4.2932	-4.29486	0.0592879	-1.15542	-0.880478	0.0327614
171001	0.543107	0.581596	0.000625298	0.811478	0.868985	91.485	-5.10456	-5.16384	94.4058	-4.29308	-4.29485	0.0596439	-1.06496	-0.88102	0.0327805
171201	0.563309	0.581538	0.000625631	0.841663	0.8689	91.5337	-5.13478	-5.16375	94.4671	-4.29312	-4.29485	0.0600741	-1.16999	-0.88185	0.0329627
171401	0.537477	0.581445	0.000627676	0.803066	0.868761	91.833	-5.09634	-5.1636	94.7882	-4.29328	-4.29484	0.0603904	-0.945221	-0.882266	0.0329545
171601	0.547565	0.581336	0.000630311	0.818139	0.868598	92.2185	-5.1118	-5.16344	95.1958	-4.29366	-4.29484	0.0605866	-0.980292	-0.882361	0.0328683
171801	0.595326	0.581333	0.000629754	0.889501	0.868594	92.1369	-5.18355	-5.16343	95.1078	-4.29405	-4.29484	0.0605919	-1.19016	-0.883071	0.0329787
172001	0.571316	0.581295	0.000629268	0.853626	0.868537	92.0658	-5.14777	-5.16337	95.0337	-4.29414	-4.29483	0.0605171	-0.825314	-0.883207	0.0329657
172201	0.574683	0.581281	0.000628043	0.858657	0.868515	91.8866	-5.15299	-5.16335	94.8479	-4.29433	-4.29483	0.0604194	-0.934288	-0.883279	0.0328833
172401	0.586648	0.581246	0.000626969	0.876534	0.868464	91.7294	-5.17101	-5.1633	94.6852	-4.29448	-4.29483	0.0602777	-1.07893	-0.883431	0.0328158
172601	0.568738	0.581237	0.000625975	0.849774	0.86845	91.584	-5.14423	-5.16328	94.5324	-4.29445	-4.29483	0.0601383	-0.966372	-0.883905	0.0328277
172801	0.586444	0.581234	0.000624521	0.87623	0.868445	91.3714	-5.17042	-5.16328	94.3118	-4.29419	-4.29483	0.0600155	-1.02307	-0.884185	0.0327705
173001	0.57578	0.581226	0.000623045	0.860296	0.868433	91.1554	-5.15429	-5.16326	94.0894	-4.294	-4.29483	0.0599635	-0.970899	-0.884475	0.0327165
173201	0.566674	0.581218	0.000621438	0.84669	0.868421	90.9203	-5.14069	-5.16325	93.8477	-4.294	-4.29483	0.0599331	-0.958682	-0.884818	0.0326732
173401	0.576269	0.581169	0.00062094	0.861026	0.868348	90.8475	-5.1553	-5.16317	93.7742	-4.29427	-4.29482	0.0598654	-1.00002	-0.884917	0.0325975
173601	0.597179	0.581185	0.000619655	0.892269	0.868371	90.6594	-5.18719	-5.16319	93.5773	-4.29492	-4.29482	0.0597187	-1.11098	-0.885412	0.0326048
173801	0.593283	0.58121	0.000618268	0.886448	0.86841	90.4565	-5.18173	-5.16323	93.3681	-4.29528	-4.29482	0.0595759	-0.946342	-0.885657	0.032546
174001	0.622334	0.581248	0.000618157	0.929855	0.868467	90.4403	-5.22541	-5.16329	93.349	-4.29555	-4.29482	0.0594864	-1.01044	-0.885681	0.0324852
174201	0.606286	0.581285	0.000617726	0.905877	0.868522	90.3772	-5.20094	-5.16335	93.2816	-4.29506	-4.29483	0.059381	-1.17435	-0.885876	0.0324689
174401	0.553545	0.581264	0.000616824	0.827074	0.86849	90.2452	-5.12158	-5.16332	93.1435	-4.29451	-4.29483	0.059229	-0.944002	-0.886266	0.0324513
174601	0.571757	0.581253	0.000615504	0.854285	0.868473	90.052	-5.14897	-5.1633	92.943	-4.29468	-4.29483	0.0590811	-0.990085	-0.886793	0.03248
174801	0.571288	0.581216	0.000614458	0.853585	0.868418	89.8991	-5.14876	-5.16324	92.7819	-4.29517	-4.29483	0.0589277	-0.831735	-0.886701	0.0324063
175001	0.577851	0.581224	0.000613227	0.86339	0.868431	89.7189	-5.15853	-5.16326	92.5949	-4.29514	-4.29483	0.0587998	-0.788707	-0.886719	0.0323394
175201	0.568583	0.581231	0.000611716	0.849543	0.86844	89.4978	-5.14435	-5.16327	92.3664	-4.2948	-4.29483	0.0586491	-0.656253	-0.886344	0.0323098
175401	0.596227	0.58122	0.000610338	0.890847	0.868424	89.2962	-5.18525	-5.16325	92.1574	-4.2944	-4.29483	0.0585033	-0.984784	-0.886089	0.0322641
175601	0.598006	0.581227	0.000609732	0.893504	0.868436	89.2076	-5.18757	-5.16326	92.0608	-4.29406	-4.29483	0.0584075	-1.13602	-0.886422	0.0322393
175801	0.543383	0.58116	0.000610628	0.811891	0.868334	89.3387	-5.10555	-5.16316	92.1985	-4.29366	-4.29482	0.058422	-1.00914	-0.886716	0.0321945
176001	0.562684	0.581117	0.000609963	0.840729	0.86827	89.2414	-5.13437	-5.16309	92.104	-4.29364	-4.29482	0.0585158	-0.897439	-0.887084	0.0321688
176201	0.589966	0.581093	0.000608803	0.881493	0.868234	89.0716	-5.17539	-5.16305	91.9319	-4.2939	-4.29482	0.0585467	-1.10931	-0.887347	0.0321219
176401	0.571855	0.581104	0.000607802	0.854431	0.86825	88.9253	-5.14823	-5.16306	91.7764	-4.2938	-4.29481	0.058567	-1.01476	-0.887807	0.0321366
176601	0.550487	0.581044	0.000608072	0.822505	0.868162	88.9647	-5.11659	-5.16297	91.8178	-4.29408	-4.29481	0.05854	-1.03108	-0.888193	0.0321133
176801	0.548475	0.581	0.00060752	0.8195	0.868095	88.884	-5.11321	-5.1629	91.7375	-4.29371	-4.29481	0.05852	-0.95844	-0.888746	0.0321596
177001	0.572243	0.580911	0.000609255	0.855012	0.867963	89.1377	-5.14856	-5.16277	92.0052	-4.29355	-4.29481	0.0586227	-1.19139	-0.888949	0.0321185
177201	0.55022	0.580857	0.000609246	0.822106	0.867882	89.1365	-5.11585	-5.16269	92.0086	-4.29374	-4.2948	0.058689	-0.933303	-0.889403	0.0321325
177401	0.561931	0.580757	0.000611753	0.839603	0.867733	89.5033	-5.13349	-5.16253	92.3877	-4.29389	-4.2948	0.0587054	-0.937721	-0.889249	0.0320632
177601	0.572332	0.580739	0.000610343	0.855145	0.867706	89.2971	-5.14948	-5.16251	92.1767	-4.29433	-4.2948	0.0586381	-1.11906	-0.88986	0.0321392
177801	0.541544	0.580701	0.000610114	0.809142	0.867649	89.2635	-5.1037	-5.16245	92.1376	-4.29456	-4.2948	0.0585019	-0.687202	-0.88996	0.0321301
178001	0.588968	0.580676	0.000609372	0.880001	0.867612	89.1549	-5.17452	-5.16241	92.0226	-4.29452	-4.2948	0.0583607	-1.07477	-0.889935	0.0320788
178201	0.570411	0.580627	0.000609334	0.852274	0.867538	89.1493	-5.14665	-5.16233	92.0137	-4.29437	-4.2948	0.0582362	-0.995307	-0.890048	0.0320183
178401	0.578893	0.580611	0.000608241	0.864948	0.867515	88.9894	-5.15914	-5.16231	91.8481	-4.29419	-4.2948	0.0581346	-0.917423	-0.890225	0.0319611
178601	0.58479	0.580612	0.00060706	0.873758	0.867517	88.8166	-5.16797	-5.16231	91.6681	-4.29421	-4.29479	0.0580429	-0.912772	-0.890275	0.0318924
178801	0.5864	0.580617	0.000605654	0.876164	0.867524	88.611	-5.17051	-5.16232	91.4547	-4.29435	-4.29479	0.0579458	-1.03743	-0.890372	0.0318227
179001	0.590181	0.58061	0.000604297	0.881813	0.867513	88.4125	-5.17678	-5.16231	91.2496	-4.29497	-4.29479	0.0578087	-1.00603	-0.890662	0.0317767
179201	0.578216	0.580635	0.000603205	0.863936	0.86755	88.2527	-5.1594	-5.16234	91.0846	-4.29546	-4.29479	0.0577018	-0.72863	-0.890614	0.0317243
179401	0.578328	0.580672	0.000602347	0.864103	0.867606	88.1271	-5.1595	-5.1624	90.9566	-4.2954	-4.29479	0.0576216	-0.728193	-0.890366	0.0316719
179601	0.583985	0.580687	0.000601563	0.872556	0.867629	88.0124	-5.16774	-5.16242	90.8366	-4.29518	-4.2948	0.0575261	-0.899379	-0.890263	0.0316138
179801	0.557886	0.580681	0.000600702	0.83356	0.867619	87.8864	-5.12829	-5.16242	90.7041	-4.29473	-4.2948	0.0573868	-0.790667	-0.890301	0.0315482
180001	0.600823	0.58065	0.000600106	0.897714	0.867573	87.7993	-5.19263	-5.16237	90.6096	-4.29491	-4.2948	0.0572444	-0.971441	-0.890154	0.0314943
180201	0.592513	0.580666	0.000599051	0.885297	0.867596	87.6448	-5.18078	-5.16239	90.4486	-4.29549	-4.2948	0.0571276	-0.92662	-0.89018	0.0314269
180401	0.620393	0.580698	0.000598156	0.926954	0.867645	87.514	-5.223	-5.16244	90.3174	-4.29605	-4.2948	0.0571455	-0.833303	-0.890057	0.0313639
180601	0.619291	0.58077	0.000599417	0.925308	0.867753	87.6984	-5.22154	-5.16256	90.5151	-4.29623	-4.2948	0.0573174	-0.765162	-0.889585	0.0313961
180801	0.607933	0.580866	0.000602667	0.908337	0.867896	88.174	-5.20486	-5.1627	91.0118	-4.29652	-4.29481	0.0575533	-0.645037	-0.889235	0.0314018
181001	0.623207	0.58096	0.000604892	0.931158	0.868036	88.4995	-5.22795	-5.16285	91.3668	-4.29679	-4.29481	0.0580139	-0.696803	-0.88875	0.0314217
181201	0.588639	0.581018	0.000605531	0.879509	0.868123	88.593	-5.17589	-5.16294	91.4742	-4.29638	-4.29482	0.0583521	-0.550005	-0.887955	0.0316199
181401	0.614555	0.581063	0.000604937	0.918232	0.868189	88.506	-5.21471	-5.16301	91.395	-4.29648	-4.29482	0.0586483	-0.773382	-0.887389	0.0316797
181601	0.599501	0.581086	0.000604259	0.895739	0.868224	88.4069	-5.19197	-5.16305	91.2967	-4.29623	-4.29482	0.0588798	-0.698229	-0.886729	0.0318012
181801	0.636656	0.581143	0.000606847	0.951254	0.868309	88.7855	-5.24762	-5.16314	91.6849	-4.29636	-4.29483	0.0590875	-0.823056	-0.886272	0.0318823
182001	0.575344	0.581212	0.00060796	0.859645	0.868413	88.9483	-5.15607	-5.16324	91.8619	-4.29643	-4.29483	0.0593218	-0.346247	-0.885589	0.0320202
182201	0.595529	0.581259	0.000608051	0.889803	0.868483	88.9616	-5.18653	-5.16332	91.8846	-4.29672	-4.29484	0.0596424	-0.465159	-0.88456	0.0323943
182401	0.627686	0.581337	0.000609341	0.937851	0.8686	89.1504	-5.23497	-5.16344	92.1004	-4.29712	-4.29484	0.0602384	-0.50916	-0.883674	0.0326397
182601	0.616154	0.581413	0.000610488	0.920621	0.868713	89.3182	-5.21777	-5.16356	92.2962	-4.29715	-4.29485	0.0609395	-0.509551	-0.882643	0.0330052
182801	0.600899	0.581543	0.000616951	0.897828	0.868907	90.2638	-5.19492	-5.16376	93.2939	-4.29709	-4.29485	0.0616286	-0.457392	-0.882078	0.0330895
183001	0.59815	0.581634	0.000619321	0.89372	0.869043	90.6106	-5.19044	-5.1639	93.6715	-4.29671	-4.29486	0.0621725	-0.616434	-0.881505	0.0331623
183201	0.56945	0.581705	0.000621367	0.850839	0.869149	90.9098	-5.14671	-5.16401	93.9846	-4.29588	-4.29486	0.0623553	-0.737144	-0.881312	0.0331274
183401	0.586341	0.581701	0.000620346	0.876076	0.869143	90.7605	-5.17121	-5.16401	93.827	-4.29514	-4.29486	0.0622691	-0.970791	-0.881338	0.0330704
183601	0.551395	0.581717	0.000620286	0.823862	0.869167	90.7518	-5.11843	-5.16403	93.8125	-4.29457	-4.29486	0.062125	-0.88421	-0.881717	0.0330794
183801	0.577964	0.581661	0.000620886	0.86356	0.869084	90.8394	-5.1576	-5.16394	93.8997	-4.29404	-4.29486	0.0620294	-1.16923	-0.882004	0.0330494
184001	0.574885	0.581614	0.000621107	0.858959	0.869013	90.8718	-5.15273	-5.16387	93.9343	-4.29377	-4.29486	0.0620364	-1.09825	-0.882427	0.03307
184201	0.575188	0.581592	0.000620015	0.859412	0.86898	90.712	-5.15342	-5.16384	93.7716	-4.29401	-4.29486	0.0620403	-1.1851	-0.883005	0.0331355
184401	0.541973	0.581538	0.000620607	0.809784	0.868899	90.7987	-5.10428	-5.16375	93.8566	-4.29449	-4.29485	0.0619582	-0.836155	-0.883379	0.0331761
184601	0.573642	0.581507	0.000619855	0.857102	0.868853	90.6887	-5.15206	-5.16371	93.7403	-4.29496	-4.29485	0.0618172	-0.87242	-0.883462	0.0331126
184801	0.601579	0.581526	0.000619039	0.898844	0.868882	90.5693	-5.1944	-5.16374	93.6148	-4.29556	-4.29485	0.0617053	-0.82791	-0.883358	0.0330712
185001	0.617073	0.581557	0.000618149	0.921994	0.868928	90.4391	-5.21755	-5.16378	93.4819	-4.29556	-4.29486	0.0616415	-1.07103	-0.883279	0.0330069
185201	0.607902	0.581582	0.000617433	0.908291	0.868965	90.3342	-5.20387	-5.16382	93.3734	-4.29558	-4.29486	0.0615766	-1.17233	-0.883711	0.0330155
185401	0.56659	0.581627	0.000617701	0.846566	0.869033	90.3735	-5.14228	-5.16389	93.4126	-4.29571	-4.29486	0.0615352	-0.72259	-0.884022	0.033045
185601	0.530101	0.581631	0.000617888	0.792045	0.869038	90.4009	-5.08753	-5.1639	93.4335	-4.29548	-4.29486	0.0614696	-0.552122	-0.883888	0.0330237
185801	0.607872	0.581647	0.000617305	0.908246	0.869062	90.3156	-5.20359	-5.16393	93.3428	-4.29534	-4.29486	0.0613792	-0.951332	-0.883806	0.0329703
186001	0.594545	0.581658	0.000616076	0.888333	0.869079	90.1358	-5.18365	-5.16394	93.157	-4.29532	-4.29486	0.0612605	-0.909055	-0.883728	0.0328998
186201	0.568637	0.581714	0.000616331	0.849624	0.869163	90.1731	-5.1452	-5.16403	93.1937	-4.29558	-4.29487	0.0611708	-0.600424	-0.883733	0.0328441
186401	0.582978	0.581729	0.000615324	0.871052	0.869184	90.0257	-5.1669	-5.16405	93.042	-4.29585	-4.29487	0.0611445	-0.81187	-0.883446	0.032822
186601	0.633313	0.581793	0.000616532	0.946258	0.86928	90.2025	-5.24223	-5.16415	93.2253	-4.29598	-4.29487	0.0611657	-1.05177	-0.883627	0.032782
186801	0.606845	0.581858	0.000617882	0.906712	0.869378	90.3999	-5.20318	-5.16425	93.4347	-4.29647	-4.29487	0.0613153	-0.659305	-0.883396	0.0327441
187001	0.596489	0.581919	0.000618384	0.891238	0.869469	90.4734	-5.18773	-5.16435	93.5206	-4.29649	-4.29488	0.0615568	-0.49904	-0.882706	0.0328803
187201	0.614407	0.581985	0.000619265	0.91801	0.869567	90.6024	-5.21439	-5.16445	93.6633	-4.29638	-4.29488	0.0617968	-0.657747	-0.882029	0.0330156
187401	0.614282	0.582042	0.000619968	0.917824	0.869653	90.7052	-5.21441	-5.16454	93.777	-4.29658	-4.29488	0.0620103	-0.766717	-0.881578	0.0330458
187601	0.61768	0.582058	0.000619002	0.922901	0.869676	90.5639	-5.2197	-5.16456	93.6349	-4.2968	-4.29489	0.0623685	-0.722262	-0.88095	0.0331498
187801	0.609971	0.582127	0.000620034	0.911382	0.86978	90.7149	-5.20826	-5.16467	93.806	-4.29688	-4.29489	0.0627931	-0.645621	-0.880531	0.0331581
188001	0.594149	0.582174	0.000620338	0.887743	0.86985	90.7594	-5.18409	-5.16475	93.8617	-4.29635	-4.2949	0.0631567	-0.655978	-0.879934	0.0332503
188201	0.574431	0.582195	0.000619405	0.858281	0.869882	90.6228	-5.15369	-5.16478	93.7228	-4.29541	-4.2949	0.0631531	-0.722059	-0.87962	0.0332245
188401	0.613888	0.582216	0.000618755	0.917235	0.869913	90.5277	-5.21225	-5.16481	93.621	-4.29501	-4.2949	0.0630199	-0.938724	-0.879494	0.0331717
188601	0.588372	0.582233	0.000618626	0.879111	0.869937	90.5089	-5.17458	-5.16484	93.5963	-4.29547	-4.2949	0.062895	-0.609626	-0.87909	0.0332075
188801	0.571489	0.582237	0.00061771	0.853885	0.869944	90.3748	-5.14925	-5.16485	93.4562	-4.29536	-4.2949	0.06281	-0.644947	-0.878486	0.0332984
189001	0.590193	0.582281	0.000617407	0.881832	0.870009	90.3306	-5.17686	-5.16491	93.407	-4.29502	-4.2949	0.0626804	-0.79349	-0.878456	0.0332359
189201	0.591162	0.582251	0.000616744	0.88328	0.869964	90.2335	-5.17784	-5.16487	93.3038	-4.29456	-4.2949	0.0625442	-0.968339	-0.87817	0.0332118
189401	0.572487	0.582245	0.000615546	0.855375	0.869955	90.0582	-5.14921	-5.16486	93.1231	-4.29383	-4.2949	0.0624924	-0.988729	-0.878374	0.0331581
189601	0.543896	0.582163	0.000617528	0.812656	0.869833	90.3483	-5.10623	-5.16473	93.4257	-4.29357	-4.2949	0.06256	-1.0217	-0.878515	0.0330982
189801	0.56175	0.582098	0.000618554	0.839334	0.869736	90.4984	-5.13257	-5.16463	93.5887	-4.29323	-4.29489	0.0627505	-1.19064	-0.879034	0.0331565
190001	0.555362	0.582062	0.000617926	0.829789	0.869682	90.4064	-5.12309	-5.16457	93.502	-4.2933	-4.29489	0.0630226	-1.10586	-0.87976	0.0333246
190201	0.55488	0.582012	0.000617816	0.829069	0.869608	90.3904	-5.12263	-5.16449	93.4935	-4.29356	-4.29489	0.0631913	-1.00834	-0.88022	0.0333531
190401	0.571166	0.581954	0.000618096	0.853402	0.869521	90.4313	-5.14703	-5.16441	93.5423	-4.29363	-4.29488	0.0632922	-0.985622	-0.880366	0.0332995
190601	0.577037	0.581912	0.000618362	0.862174	0.869459	90.4702	-5.15588	-5.16434	93.5845	-4.2937	-4.29488	0.0633661	-1.0926	-0.88059	0.0332705
190801	0.553909	0.581884	0.000617754	0.827618	0.869417	90.3813	-5.12106	-5.1643	93.4959	-4.29344	-4.29488	0.0634567	-0.898923	-0.880941	0.0332649
191001	0.534093	0.58179	0.000620573	0.79801	0.869276	90.7937	-5.09075	-5.16415	93.9346	-4.29274	-4.29487	0.0637877	-0.915667	-0.880887	0.0332078
191201	0.558192	0.581739	0.000621056	0.834017	0.8692	90.8644	-5.12669	-5.16407	94.0213	-4.29268	-4.29487	0.0643732	-0.943982	-0.881217	0.0332005
191401	0.534249	0.581653	0.000623718	0.798243	0.869071	91.2538	-5.0911	-5.16394	94.4396	-4.29286	-4.29487	0.0648609	-0.896687	-0.881219	0.0331349
191601	0.569186	0.581567	0.000626158	0.850444	0.868943	91.6108	-5.14354	-5.1638	94.8211	-4.2931	-4.29486	0.0652133	-1.12148	-0.881299	0.0330856
191801	0.565295	0.581514	0.000627325	0.844631	0.868863	91.7816	-5.1379	-5.16372	95.0028	-4.29327	-4.29486	0.0654841	-1.11245	-0.88181	0.0331642
192001	0.581808	0.581487	0.000626595	0.869302	0.868824	91.6747	-5.16301	-5.16368	94.8969	-4.2937	-4.29485	0.0656276	-1.17884	-0.882382	0.0332509
192201	0.587175	0.581473	0.000625629	0.877323	0.868802	91.5334	-5.17136	-5.16365	94.7514	-4.29403	-4.29485	0.0656135	-1.0225	-0.882701	0.0332415
192401	0.603276	0.581468	0.000625466	0.901378	0.868795	91.5096	-5.19543	-5.16365	94.7214	-4.29405	-4.29485	0.0655637	-1.06885	-0.882834	0.033216
192601	0.541156	0.581432	0.00062538	0.808563	0.868742	91.497	-5.10298	-5.16359	94.7059	-4.29441	-4.29485	0.0654793	-0.667942	-0.882676	0.0331785
192801	0.581795	0.581395	0.000625032	0.869283	0.868686	91.446	-5.16363	-5.16353	94.6512	-4.29435	-4.29485	0.0653628	-1.01421	-0.882576	0.0331239
193001	0.603923	0.581407	0.000623993	0.902346	0.868704	91.2941	-5.19685	-5.16355	94.4913	-4.2945	-4.29485	0.0652556	-1.09223	-0.882989	0.0331375
193201	0.574123	0.581391	0.000623126	0.857821	0.86868	91.1672	-5.15274	-5.16353	94.3574	-4.29492	-4.29485	0.0651192	-0.671349	-0.882706	0.0331474
193401	0.600738	0.581411	0.000622462	0.897587	0.86871	91.07	-5.19244	-5.16356	94.2535	-4.29486	-4.29485	0.0649803	-1.00368	-0.882545	0.033124
193601	0.558825	0.581457	0.00062354	0.834963	0.868778	91.2278	-5.12972	-5.16363	94.4041	-4.29476	-4.29485	0.0648424	-0.813716	-0.882995	0.0331949
193801	0.585255	0.581454	0.000622353	0.874454	0.868773	91.0541	-5.16946	-5.16362	94.2237	-4.29501	-4.29485	0.0647051	-0.892317	-0.883012	0.0331271
194001	0.574505	0.581462	0.000621381	0.858392	0.868786	90.9119	-5.15392	-5.16363	94.075	-4.29553	-4.29485	0.0645894	-0.681256	-0.882932	0.0330863
194201	0.589711	0.581506	0.000621313	0.88111	0.868852	90.9019	-5.17736	-5.1637	94.0678	-4.29625	-4.29485	0.0646213	-0.651489	-0.882704	0.0330527
194401	0.611915	0.581556	0.000621402	0.914287	0.868927	90.9151	-5.21056	-5.16378	94.0883	-4.29627	-4.29485	0.0647605	-0.715392	-0.88232	0.0330564
194601	0.61466	0.581595	0.000621072	0.918388	0.868984	90.8667	-5.21495	-5.16384	94.0455	-4.29656	-4.29486	0.0649763	-0.709831	-0.881856	0.0330925
194801	0.613827	0.581661	0.000621955	0.917143	0.869083	90.9959	-5.21411	-5.16394	94.1927	-4.29697	-4.29486	0.0653304	-0.435653	-0.881282	0.0332017
195001	0.643417	0.581715	0.0006245	0.961355	0.869165	91.3682	-5.25898	-5.16403	94.5869	-4.29763	-4.29487	0.0660136	-0.592047	-0.880227	0.0337275
195201	0.628868	0.581817	0.000628203	0.939618	0.869317	91.9101	-5.2371	-5.16419	95.1787	-4.29748	-4.29487	0.0669493	-0.574193	-0.879544	0.0338802
195401	0.592799	0.581871	0.000628404	0.885726	0.869397	91.9394	-5.18256	-5.16427	95.2258	-4.29683	-4.29488	0.0675261	-0.651646	-0.87894	0.034003
195601	0.580168	0.581932	0.000629646	0.866853	0.869488	92.1212	-5.16301	-5.16437	95.4195	-4.29616	-4.29488	0.0677388	-0.710935	-0.878905	0.0339762
195801	0.617525	0.58196	0.00062949	0.922669	0.869529	92.0984	-5.21818	-5.16441	95.3938	-4.29551	-4.29488	0.0677243	-0.883896	-0.878736	0.0339471
196001	0.596259	0.582011	0.00062961	0.890895	0.869606	92.1159	-5.18647	-5.16449	95.4104	-4.29557	-4.29488	0.0676311	-0.76799	-0.878573	0.033893
196201	0.570076	0.582052	0.00062937	0.851773	0.869668	92.0807	-5.14754	-5.16455	95.3756	-4.29577	-4.29488	0.0675968	-0.606305	-0.878401	0.033847
196401	0.596155	0.582036	0.000628389	0.89074	0.869643	91.9373	-5.1866	-5.16453	95.2226	-4.29586	-4.29489	0.0675637	-0.805254	-0.877982	0.0338712
196601	0.591471	0.582037	0.000627382	0.88374	0.869645	91.79	-5.17972	-5.16453	95.0687	-4.29598	-4.29489	0.0675833	-0.736434	-0.877637	0.0338704
196801	0.604057	0.582058	0.000627122	0.902547	0.869677	91.7518	-5.19829	-5.16457	95.0282	-4.29575	-4.29489	0.0675801	-0.862739	-0.877387	0.0338542
197001	0.601724	0.58209	0.000626615	0.89906	0.869724	91.6777	-5.19485	-5.16462	94.9524	-4.29579	-4.29489	0.0675319	-0.757656	-0.87728	0.0338026
197201	0.61244	0.582124	0.000626449	0.915071	0.869776	91.6534	-5.21102	-5.16467	94.9282	-4.29595	-4.29489	0.0675157	-0.791627	-0.877011	0.0337817
197401	0.618451	0.582144	0.000625719	0.924052	0.869805	91.5466	-5.22024	-5.1647	94.8196	-4.29619	-4.2949	0.0675629	-0.781768	-0.876537	0.0338334
197601	0.580644	0.582166	0.000625046	0.867565	0.869837	91.4481	-5.16386	-5.16474	94.7202	-4.2963	-4.2949	0.0676846	-0.562267	-0.876055	0.0338884
197801	0.622378	0.58219	0.000624669	0.929921	0.869873	91.393	-5.226	-5.16478	94.6646	-4.29607	-4.2949	0.0677851	-0.983876	-0.875712	0.0339186
198001	0.605914	0.58222	0.000624508	0.905321	0.869919	91.3695	-5.20085	-5.16482	94.6405	-4.29553	-4.2949	0.0677507	-0.943339	-0.875791	0.0338626
198201	0.601695	0.582233	0.00062409	0.899017	0.869938	91.3083	-5.19407	-5.16484	94.5738	-4.29505	-4.29491	0.067635	-1.11948	-0.875831	0.0338323
198401	0.603566	0.582268	0.000623658	0.901813	0.86999	91.2451	-5.19663	-5.16489	94.5041	-4.29481	-4.29491	0.0674982	-1.05249	-0.876335	0.0339012
198601	0.575456	0.582273	0.000623172	0.859812	0.869998	91.174	-5.15465	-5.1649	94.4263	-4.29484	-4.29491	0.0673619	-0.851809	-0.876363	0.0338554
198801	0.590593	0.582282	0.000622113	0.882429	0.870011	91.019	-5.17697	-5.16492	94.2642	-4.29454	-4.2949	0.0672322	-1.09854	-0.876634	0.0338379
199001	0.590665	0.582277	0.000621165	0.882537	0.870004	90.8803	-5.17698	-5.16491	94.1194	-4.29444	-4.2949	0.0671197	-1.12624	-0.876989	0.0338435
199201	0.582616	0.582287	0.000620196	0.870511	0.870019	90.7386	-5.16497	-5.16492	93.9703	-4.29446	-4.2949	0.0670129	-1.05848	-0.877518	0.033923
199401	0.580463	0.582313	0.000619604	0.867293	0.870058	90.652	-5.16229	-5.16496	93.8766	-4.29499	-4.2949	0.0668873	-0.798833	-0.877752	0.0338926
199601	0.577748	0.582312	0.00061842	0.863237	0.870056	90.4787	-5.15835	-5.16496	93.6968	-4.29511	-4.2949	0.0667602	-0.728242	-0.877486	0.0338609
199801	0.578445	0.582316	0.000617275	0.864278	0.870062	90.3111	-5.15899	-5.16496	93.5226	-4.29471	-4.2949	0.0666284	-0.846621	-0.877329	0.0338128
