timestep            	T              	T_{ave}             	T_{var}           	K/N            	K_{ave}/N           	K_{var}           	U/N            	U_{ave}/N           	U_{var}           	E/N            	E_{ave}/N           	E_{var}           	P              	P_{ave}             	P_{var}
100001	0.454513	0.454513	0	0.679107	0.679107	0	-5.35058	-5.35058	0	-4.67147	-4.67147	0	-1.2148	-1.2148	0
100201	0.4613	0.459589	2.69497e-05	0.689247	0.686691	3.9429	-5.36057	-5.3581	3.97103	-4.67133	-4.67141	0.000121024	-1.23125	-1.24298	0.00080837
100401	0.492538	0.462741	8.41861e-05	0.735921	0.6914	12.3169	-5.40696	-5.36268	12.2632	-4.67103	-4.67128	0.00138686	-1.35849	-1.22614	0.00263065
100601	0.477999	0.468227	0.00015754	0.714197	0.699597	23.049	-5.3854	-5.37081	22.8187	-4.6712	-4.67121	0.00175685	-1.30051	-1.2658	0.00577974
100801	0.457185	0.468394	0.000158699	0.683098	0.699846	23.2187	-5.35509	-5.37113	23.017	-4.67199	-4.67129	0.00346446	-1.07295	-1.24166	0.00794903
101001	0.504486	0.471945	0.000237543	0.753772	0.705153	34.754	-5.42647	-5.37666	35.3421	-4.6727	-4.67151	0.0160194	-1.09049	-1.21025	0.0105226
101201	0.490996	0.476141	0.000294602	0.733617	0.711421	43.1021	-5.40674	-5.38316	44.5814	-4.67312	-4.67174	0.0315562	-0.957113	-1.1757	0.0149153
101401	0.522101	0.478515	0.000338062	0.780093	0.714969	49.4606	-5.4531	-5.38691	51.2729	-4.67301	-4.67194	0.0420819	-1.07301	-1.13996	0.0217758
101601	0.476994	0.479426	0.000320835	0.712696	0.71633	46.9402	-5.385	-5.38836	48.687	-4.67231	-4.67202	0.0406657	-0.970955	-1.11217	0.0248199
101801	0.487561	0.479294	0.000292157	0.728484	0.716133	42.7444	-5.40107	-5.3882	44.2877	-4.67259	-4.67206	0.0369851	-0.976454	-1.09733	0.0240711
102001	0.473467	0.479887	0.000280204	0.707427	0.717019	40.9956	-5.38034	-5.38915	42.4594	-4.67291	-4.67213	0.0364067	-0.778542	-1.07888	0.025265
102201	0.50879	0.481813	0.000311555	0.760204	0.719897	45.5824	-5.43337	-5.39212	47.2552	-4.67317	-4.67222	0.0378339	-0.805855	-1.05783	0.0275844
102401	0.527856	0.484887	0.000400182	0.788691	0.724489	58.5491	-5.46206	-5.3968	60.6984	-4.67337	-4.67231	0.0407952	-0.881299	-1.04114	0.028645
102601	0.523953	0.488184	0.000513115	0.782859	0.729416	75.072	-5.45609	-5.40181	77.6695	-4.67323	-4.67239	0.0425266	-0.9219	-1.03105	0.0281191
102801	0.492562	0.490038	0.000550743	0.735957	0.732185	80.5771	-5.40877	-5.40462	83.231	-4.67281	-4.67243	0.0412536	-0.863437	-1.023	0.0273906
103001	0.476701	0.490205	0.000531649	0.712258	0.732436	77.7835	-5.38465	-5.40488	80.2875	-4.67239	-4.67245	0.038703	-0.868863	-1.01561	0.026713
103201	0.507112	0.489714	0.000506548	0.757697	0.731702	74.1111	-5.42982	-5.40413	76.4747	-4.67212	-4.67243	0.036509	-1.17484	-1.01437	0.0254837
103401	0.507378	0.490124	0.000484697	0.758094	0.732314	70.9143	-5.43027	-5.40473	73.1128	-4.67217	-4.67241	0.0348264	-1.05618	-1.01776	0.0244688
103601	0.472926	0.490202	0.000465742	0.706619	0.732431	68.141	-5.37902	-5.40483	70.2142	-4.6724	-4.6724	0.0329922	-0.863727	-1.01402	0.0235629
103801	0.492238	0.48992	0.000445426	0.735473	0.732009	65.1686	-5.40886	-5.40443	67.1247	-4.67339	-4.67243	0.0321539	-0.717522	-1.0052	0.0239618
104001	0.513763	0.491538	0.000480993	0.767634	0.734427	70.3723	-5.44183	-5.40693	72.6958	-4.6742	-4.6725	0.0373561	-0.664249	-0.99352	0.025497
104201	0.521761	0.493094	0.000507332	0.779584	0.736752	74.2259	-5.45358	-5.40933	76.9345	-4.674	-4.67258	0.0439963	-0.782359	-0.981707	0.0271307
104401	0.499562	0.494882	0.00057921	0.746415	0.739423	84.742	-5.42013	-5.41206	87.7546	-4.67371	-4.67263	0.046391	-0.716821	-0.978059	0.0270476
104601	0.510787	0.495962	0.000587013	0.763187	0.741036	85.8837	-5.43682	-5.41372	88.9751	-4.67364	-4.67268	0.0472503	-0.749341	-0.970577	0.0272786
104801	0.507707	0.496203	0.000568164	0.758585	0.741397	83.1259	-5.43228	-5.41412	86.1347	-4.6737	-4.67272	0.04759	-0.723018	-0.958457	0.0296396
105001	0.540726	0.496876	0.000565197	0.80792	0.742403	82.6918	-5.48209	-5.41517	85.7579	-4.67417	-4.67277	0.0496528	-0.903303	-0.951778	0.0298208
105201	0.518441	0.49789	0.000573445	0.774623	0.743918	83.8986	-5.449	-5.41675	87.1444	-4.67438	-4.67283	0.053648	-0.748413	-0.943173	0.0307824
105401	0.512986	0.498742	0.000573456	0.766473	0.745191	83.9001	-5.43997	-5.41806	87.2227	-4.6735	-4.67287	0.0548943	-0.784111	-0.938604	0.0302338
105601	0.498643	0.498607	0.000554732	0.745043	0.744989	81.1608	-5.4176	-5.41786	84.3678	-4.67256	-4.67287	0.0531315	-0.900998	-0.932255	0.0303746
105801	0.487126	0.498944	0.000551715	0.727835	0.745492	80.7193	-5.40079	-5.41836	83.7997	-4.67295	-4.67287	0.0514808	-0.830678	-0.933592	0.0297378
106001	0.515145	0.499596	0.000548961	0.7697	0.746466	80.3164	-5.44376	-5.41935	83.389	-4.67406	-4.67289	0.0509524	-0.751661	-0.932064	0.0289661
106201	0.535152	0.500502	0.000557839	0.799593	0.74782	81.6153	-5.47394	-5.42075	84.8391	-4.67435	-4.67293	0.0534185	-0.752199	-0.926134	0.0291324
106401	0.531661	0.501181	0.000572687	0.794376	0.748835	83.7877	-5.46835	-5.42181	87.0872	-4.67398	-4.67297	0.0549085	-0.872379	-0.920437	0.0296354
106601	0.515818	0.501656	0.000566969	0.770704	0.749545	82.9512	-5.44391	-5.42254	86.2244	-4.6732	-4.67299	0.0541554	-0.83944	-0.917915	0.0290548
106801	0.537138	0.502194	0.000563763	0.802559	0.750348	82.4821	-5.47534	-5.42334	85.6504	-4.67278	-4.67299	0.0526065	-1.03556	-0.918111	0.0283556
107001	0.495771	0.501966	0.000557055	0.740752	0.750007	81.5007	-5.41361	-5.42299	84.5818	-4.67286	-4.67299	0.0511433	-0.775426	-0.91348	0.0286021
107201	0.492402	0.502128	0.000544105	0.735718	0.750251	79.606	-5.40801	-5.42322	82.5895	-4.67229	-4.67297	0.0500976	-0.925754	-0.914302	0.0279212
107401	0.503848	0.501786	0.000536718	0.75282	0.749739	78.5252	-5.42476	-5.42269	81.4799	-4.67194	-4.67295	0.0500191	-1.34195	-0.918568	0.0286175
107601	0.434056	0.500813	0.000571998	0.648541	0.748285	83.6869	-5.32034	-5.42121	86.7788	-4.6718	-4.67292	0.0508042	-0.904143	-0.923429	0.0293686
107801	0.481951	0.49991	0.000597335	0.720103	0.746936	87.3939	-5.39202	-5.41983	90.5826	-4.67192	-4.6729	0.0511779	-1.12093	-0.926742	0.0292358
108001	0.502358	0.499498	0.000592038	0.750593	0.74632	86.6189	-5.4227	-5.41919	89.8017	-4.67211	-4.67287	0.051218	-1.13763	-0.930832	0.0292268
108201	0.504191	0.499298	0.000581018	0.753332	0.746022	85.0066	-5.42563	-5.41888	88.1375	-4.6723	-4.67286	0.050591	-1.07133	-0.933759	0.028897
108401	0.505091	0.499257	0.000580037	0.754677	0.74596	84.8631	-5.42724	-5.41881	87.9268	-4.67256	-4.67285	0.0497147	-1.09508	-0.936414	0.0288889
108601	0.483943	0.499176	0.000573731	0.723078	0.74584	83.9404	-5.39606	-5.41868	86.9339	-4.67298	-4.67284	0.0485869	-0.902863	-0.938054	0.0285146
108801	0.566999	0.499748	0.000592953	0.847176	0.746693	86.7527	-5.52071	-5.41955	89.743	-4.67354	-4.67285	0.0477682	-1.15571	-0.940137	0.0282528
109001	0.507025	0.49993	0.000593361	0.757567	0.746966	86.8124	-5.43148	-5.41984	89.7638	-4.67391	-4.67287	0.0479496	-0.968582	-0.938909	0.0280548
109201	0.519031	0.499971	0.000584744	0.775505	0.747026	85.5518	-5.44912	-5.41992	88.4484	-4.67362	-4.67289	0.0480113	-1.01151	-0.939009	0.0275441
109401	0.484874	0.500012	0.000575921	0.724469	0.747088	84.2609	-5.3976	-5.41999	87.1071	-4.67313	-4.6729	0.0473813	-0.926159	-0.938987	0.0269933
109601	0.484179	0.499625	0.000571946	0.723432	0.74651	83.6793	-5.39577	-5.41941	86.4792	-4.67233	-4.6729	0.046543	-1.09365	-0.940567	0.0266623
109801	0.495087	0.499234	0.000569591	0.73973	0.745926	83.3347	-5.41205	-5.41881	86.123	-4.67232	-4.67289	0.0460601	-1.20305	-0.944182	0.0267754
110001	0.463797	0.498621	0.000581712	0.692977	0.745009	85.1081	-5.36554	-5.41789	87.8906	-4.67256	-4.67288	0.0453923	-1.03197	-0.945752	0.0265637
110201	0.479764	0.498201	0.000580642	0.716835	0.744383	84.9516	-5.3893	-5.41726	87.7072	-4.67246	-4.67287	0.0446465	-0.870909	-0.946826	0.0263012
110401	0.494526	0.497396	0.000608175	0.738891	0.743179	88.9798	-5.41121	-5.41604	91.7546	-4.67232	-4.67286	0.0440648	-1.13753	-0.944189	0.026512
110601	0.473004	0.497047	0.000605114	0.706735	0.742659	88.532	-5.37881	-5.41551	91.3023	-4.67207	-4.67285	0.0437859	-1.02425	-0.946809	0.026461
110801	0.481743	0.496607	0.000604645	0.719791	0.742001	88.4633	-5.39171	-5.41484	91.2543	-4.67192	-4.67284	0.043812	-1.03808	-0.947718	0.0260297
111001	0.461882	0.496274	0.000601224	0.690117	0.741503	87.9629	-5.36178	-5.41432	90.7759	-4.67166	-4.67282	0.044458	-1.00168	-0.950107	0.0259105
111201	0.482217	0.495854	0.000606719	0.7205	0.740875	88.7668	-5.39258	-5.41367	91.6176	-4.67208	-4.6728	0.0447943	-1.11725	-0.951976	0.0258642
111401	0.497661	0.495695	0.000598703	0.743576	0.740639	87.594	-5.41588	-5.41343	90.4147	-4.6723	-4.67279	0.0444073	-1.08931	-0.954096	0.0256689
111601	0.47371	0.495745	0.00059037	0.70779	0.740712	86.3748	-5.38006	-5.41349	89.143	-4.67227	-4.67278	0.0438981	-0.970151	-0.956805	0.02571
111801	0.492512	0.495766	0.000585535	0.735882	0.740745	85.6674	-5.40829	-5.41352	88.3861	-4.67241	-4.67277	0.0433887	-1.18632	-0.960293	0.0260784
112001	0.457747	0.495645	0.000583447	0.683938	0.740563	85.362	-5.35643	-5.41333	88.0419	-4.67249	-4.67277	0.0427668	-0.752372	-0.961835	0.026273
112201	0.501444	0.495268	0.000583319	0.749228	0.740001	85.3433	-5.42188	-5.41276	87.997	-4.67265	-4.67276	0.0421256	-0.98762	-0.95935	0.0262441
112401	0.481836	0.495313	0.00057689	0.719931	0.740067	84.4027	-5.39269	-5.41283	87.0125	-4.67276	-4.67276	0.0414484	-0.816874	-0.959696	0.0259234
112601	0.491977	0.495039	0.000575492	0.735083	0.739657	84.1981	-5.40744	-5.41242	86.7711	-4.67236	-4.67276	0.0408321	-0.843855	-0.957165	0.0259855
112801	0.490443	0.494941	0.000568784	0.732791	0.739511	83.2167	-5.40496	-5.41226	85.7614	-4.67217	-4.67275	0.0405	-0.923264	-0.955346	0.025825
113001	0.514235	0.494899	0.000562417	0.76834	0.739449	82.2851	-5.44058	-5.41219	84.7962	-4.67224	-4.67274	0.0402062	-1.07168	-0.955408	0.0254945
113201	0.481776	0.494795	0.000558088	0.719841	0.739293	81.6518	-5.39235	-5.41203	84.1266	-4.67251	-4.67274	0.0396796	-0.857757	-0.954366	0.0253307
113401	0.495243	0.494669	0.00055308	0.739962	0.739105	80.919	-5.41196	-5.41184	83.368	-4.67199	-4.67273	0.0393298	-0.911024	-0.953482	0.0250648
113601	0.491395	0.494656	0.000545132	0.734213	0.739085	79.7563	-5.40617	-5.4118	82.1721	-4.67195	-4.67272	0.0394369	-0.943732	-0.952519	0.0247672
113801	0.471185	0.49442	0.000542324	0.704016	0.738733	79.3454	-5.3764	-5.41145	81.7464	-4.67238	-4.67271	0.039114	-0.825541	-0.95167	0.0244924
114001	0.465284	0.49422	0.000542861	0.695199	0.738434	79.4239	-5.36723	-5.41114	81.8089	-4.67203	-4.6727	0.0387817	-0.659258	-0.94972	0.0245707
114201	0.480851	0.494014	0.000538466	0.718459	0.738127	78.781	-5.3905	-5.41082	81.1614	-4.67204	-4.67269	0.0387146	-0.859388	-0.947586	0.0245713
114401	0.464397	0.493966	0.00053314	0.693874	0.738054	78.0017	-5.36621	-5.41074	80.3522	-4.67234	-4.67269	0.0384053	-0.863231	-0.947825	0.0242776
114601	0.472219	0.493754	0.000531817	0.705561	0.737738	77.8082	-5.37839	-5.41042	80.136	-4.67283	-4.67269	0.0379179	-0.742343	-0.946353	0.0241448
114801	0.492445	0.49373	0.000532836	0.735782	0.737703	77.9572	-5.40916	-5.41039	80.2611	-4.67338	-4.67269	0.0375968	-0.78298	-0.945335	0.0241472
115001	0.492887	0.493679	0.000527931	0.736443	0.737626	77.2396	-5.4096	-5.41033	79.505	-4.67316	-4.6727	0.0374399	-0.638037	-0.941185	0.0251201
115201	0.502901	0.494145	0.000542567	0.751405	0.738322	79.381	-5.42402	-5.41102	81.6323	-4.67262	-4.6727	0.0369952	-0.830222	-0.940938	0.0249784
115401	0.509693	0.494345	0.000538814	0.761554	0.738621	78.8318	-5.43436	-5.41132	81.0505	-4.67281	-4.6727	0.0365271	-0.799287	-0.939643	0.0247856
115601	0.499923	0.494429	0.000534866	0.746956	0.738747	78.2543	-5.42017	-5.41145	80.4515	-4.67321	-4.67271	0.0361634	-0.61978	-0.936428	0.025316
115801	0.517944	0.49465	0.000532894	0.77388	0.739076	77.9657	-5.448	-5.41179	80.1794	-4.67412	-4.67272	0.036439	-0.788133	-0.933664	0.0256646
116001	0.547157	0.495138	0.000548472	0.817529	0.739806	80.2448	-5.49264	-5.41255	82.6275	-4.67511	-4.67274	0.0391855	-0.600497	-0.931033	0.0259449
116201	0.542485	0.49537	0.000547455	0.810549	0.740153	80.0961	-5.48541	-5.41292	82.5594	-4.67487	-4.67277	0.043241	-0.483169	-0.922916	0.0310578
116401	0.532972	0.495975	0.000573301	0.796335	0.741056	83.8775	-5.4704	-5.41385	86.5175	-4.67407	-4.67279	0.0450527	-0.654065	-0.919711	0.0315569
116601	0.54347	0.496035	0.000572095	0.812021	0.741145	83.7011	-5.48519	-5.41395	86.3133	-4.67317	-4.6728	0.0450918	-1.02221	-0.916538	0.0323803
116801	0.521164	0.496259	0.000571637	0.778693	0.74148	83.6341	-5.45142	-5.41428	86.2215	-4.67273	-4.6728	0.044573	-0.915934	-0.91645	0.0320544
117001	0.502789	0.49649	0.000570038	0.751238	0.741826	83.4001	-5.42409	-5.41463	85.9547	-4.67285	-4.6728	0.0440513	-0.737865	-0.915701	0.0317725
117201	0.536267	0.496682	0.00056866	0.801258	0.742113	83.1985	-5.47501	-5.41492	85.7484	-4.67375	-4.67281	0.0437581	-0.842764	-0.913916	0.0317134
117401	0.541934	0.496863	0.000569134	0.809725	0.742383	83.2679	-5.48398	-5.4152	85.8369	-4.67425	-4.67282	0.0444617	-0.648527	-0.909945	0.0328246
117601	0.531677	0.497111	0.000572323	0.7944	0.742754	83.7344	-5.46848	-5.41559	86.3423	-4.67408	-4.67284	0.0453137	-0.759415	-0.905938	0.0339544
117801	0.493742	0.497338	0.00057327	0.737719	0.743093	83.8729	-5.41108	-5.41594	86.4992	-4.67336	-4.67285	0.0454641	-0.828404	-0.905043	0.0336594
118001	0.508256	0.497469	0.000569428	0.759406	0.743289	83.3109	-5.43188	-5.41614	85.9106	-4.67248	-4.67285	0.045008	-1.0329	-0.9057	0.0333549
118201	0.498049	0.497495	0.000563711	0.744155	0.743328	82.4744	-5.41576	-5.41617	85.0431	-4.67161	-4.67284	0.0451304	-1.15584	-0.907908	0.0334537
118401	0.490042	0.497323	0.000560699	0.732191	0.743071	82.0338	-5.40378	-5.4159	84.6179	-4.67159	-4.67282	0.0457733	-1.10826	-0.909857	0.0334474
118601	0.480344	0.497356	0.000557272	0.717702	0.74312	81.5324	-5.38963	-5.41593	84.0799	-4.67193	-4.67281	0.0460739	-1.03496	-0.912263	0.0337016
118801	0.485923	0.497265	0.000552702	0.726038	0.742984	80.8638	-5.39825	-5.41579	83.3994	-4.67221	-4.6728	0.0460407	-0.965638	-0.913866	0.033599
119001	0.533498	0.497254	0.000550099	0.797121	0.742968	80.4829	-5.47018	-5.41577	82.9999	-4.67306	-4.6728	0.0456211	-1.05715	-0.913567	0.0333223
119201	0.528461	0.497517	0.000552099	0.789594	0.743361	80.7755	-5.46353	-5.41617	83.3038	-4.67394	-4.67281	0.0455437	-0.917798	-0.914016	0.0330314
119401	0.55133	0.497607	0.000551043	0.823765	0.743495	80.621	-5.49797	-5.41632	83.1481	-4.6742	-4.67282	0.0462877	-1.07414	-0.912991	0.0329229
119601	0.509967	0.497785	0.0005537	0.761963	0.743761	81.0097	-5.43586	-5.4166	83.557	-4.67389	-4.67284	0.0468667	-0.929249	-0.912685	0.0327589
119801	0.530218	0.498036	0.000556257	0.79222	0.744136	81.3838	-5.46572	-5.41698	83.9457	-4.6735	-4.67284	0.0468183	-1.08005	-0.913978	0.0326408
120001	0.505935	0.498241	0.000557571	0.755939	0.744442	81.5761	-5.42992	-5.4173	84.145	-4.67398	-4.67285	0.0469149	-0.583523	-0.913226	0.0327546
120201	0.498331	0.498377	0.000554895	0.744576	0.744646	81.1847	-5.4186	-5.41751	83.7601	-4.67403	-4.67287	0.0473313	-0.576636	-0.909962	0.0335331
120401	0.484844	0.49852	0.00055359	0.724424	0.744859	80.9937	-5.39852	-5.41774	83.5781	-4.6741	-4.67288	0.0477862	-0.582723	-0.907735	0.0337537
120601	0.507315	0.49864	0.000550999	0.758	0.745038	80.6146	-5.43174	-5.41793	83.1995	-4.67374	-4.67289	0.0480501	-0.818333	-0.906525	0.0336246
120801	0.530874	0.498828	0.000549772	0.793201	0.745319	80.4351	-5.46674	-5.41821	83.0227	-4.67354	-4.6729	0.0479501	-0.921963	-0.906145	0.0333223
121001	0.525205	0.499141	0.000556444	0.78473	0.745787	81.4112	-5.45823	-5.41869	84.0105	-4.6735	-4.6729	0.0477109	-0.962143	-0.9066	0.0331025
121201	0.506458	0.499147	0.000551593	0.75672	0.745795	80.7015	-5.4301	-5.4187	83.2773	-4.67338	-4.67291	0.0474568	-0.818389	-0.905193	0.033031
121401	0.531548	0.499374	0.000552622	0.794208	0.746134	80.852	-5.46717	-5.41904	83.4166	-4.67296	-4.67291	0.0470858	-1.03745	-0.905697	0.0327823
121601	0.501892	0.499372	0.000549353	0.749897	0.746131	80.3738	-5.42216	-5.41904	82.9157	-4.67226	-4.67291	0.0467355	-0.988465	-0.906016	0.0325283
121801	0.46447	0.499144	0.000551144	0.693984	0.745791	80.6358	-5.36594	-5.41869	83.1945	-4.67196	-4.6729	0.0467513	-0.855839	-0.90554	0.0322773
122001	0.501077	0.499109	0.000546946	0.748679	0.745739	80.0217	-5.42106	-5.41863	82.5642	-4.67238	-4.67289	0.046715	-0.981743	-0.906326	0.0320619
122201	0.502599	0.499014	0.000544359	0.750953	0.745597	79.6431	-5.42403	-5.41849	82.1637	-4.67308	-4.67289	0.0463258	-0.883912	-0.905997	0.0318253
122401	0.521628	0.499126	0.000541628	0.779386	0.745764	79.2435	-5.45291	-5.41866	81.7531	-4.67352	-4.67289	0.0460338	-0.871929	-0.905597	0.0315627
122601	0.488809	0.499211	0.000539675	0.730349	0.745892	78.9578	-5.40381	-5.41879	81.4577	-4.67346	-4.6729	0.0459007	-0.574309	-0.903799	0.0317679
122801	0.509617	0.499364	0.000538757	0.761439	0.74612	78.8235	-5.43411	-5.41902	81.3037	-4.67267	-4.6729	0.0455442	-0.862419	-0.903069	0.0316412
123001	0.480875	0.499401	0.000535508	0.718495	0.746176	78.3481	-5.39072	-5.41907	80.8038	-4.67223	-4.6729	0.0453088	-1.01197	-0.903609	0.0314635
123201	0.46904	0.499258	0.000534389	0.700812	0.745961	78.1844	-5.37296	-5.41885	80.6396	-4.67214	-4.67289	0.0452119	-0.951981	-0.904878	0.0314181
123401	0.47066	0.499069	0.000534382	0.703233	0.745679	78.1834	-5.37574	-5.41856	80.6401	-4.67251	-4.67289	0.0450453	-0.961142	-0.905529	0.0312072
123601	0.443658	0.49895	0.000534559	0.662888	0.745501	78.2094	-5.33548	-5.41838	80.6524	-4.67259	-4.67288	0.044709	-0.648849	-0.906085	0.0311009
123801	0.490889	0.498733	0.000539867	0.733457	0.745177	78.9859	-5.40545	-5.41806	81.4272	-4.67199	-4.67288	0.0445287	-1.05005	-0.905697	0.031072
124001	0.489962	0.498542	0.000540252	0.732072	0.744892	79.0423	-5.40379	-5.41776	81.5042	-4.67172	-4.67287	0.0447842	-1.07423	-0.906456	0.030894
124201	0.49211	0.498549	0.000536642	0.735282	0.744902	78.514	-5.40679	-5.41776	80.9545	-4.67151	-4.67286	0.0452885	-0.951617	-0.907593	0.0308172
124401	0.520049	0.498721	0.000536803	0.777026	0.74516	78.5376	-5.44925	-5.41801	80.9236	-4.67223	-4.67285	0.045582	-0.90897	-0.908644	0.0307381
124601	0.513701	0.49873	0.00053422	0.767542	0.745173	78.1598	-5.44053	-5.41802	80.5223	-4.67299	-4.67285	0.0452574	-0.839102	-0.907247	0.03079
124801	0.503295	0.498835	0.000532393	0.751994	0.745329	77.8924	-5.42516	-5.41818	80.2409	-4.67316	-4.67285	0.0449325	-0.780329	-0.906648	0.0306182
125001	0.495362	0.498862	0.000528807	0.740141	0.74537	77.3677	-5.41289	-5.41822	79.698	-4.67275	-4.67285	0.0445918	-0.89597	-0.906187	0.0304524
125201	0.486726	0.498841	0.000524832	0.727236	0.745338	76.7862	-5.39972	-5.41819	79.0987	-4.67249	-4.67285	0.0442702	-0.816302	-0.905756	0.0302366
125401	0.530039	0.49887	0.000522085	0.791953	0.745382	76.3843	-5.46479	-5.41823	78.6772	-4.67284	-4.67285	0.0439562	-0.949607	-0.905361	0.0300618
125601	0.517884	0.498996	0.00052078	0.773792	0.74557	76.1933	-5.44715	-5.41842	78.4735	-4.67336	-4.67285	0.0436622	-0.720889	-0.904537	0.0299747
125801	0.541522	0.499162	0.000522007	0.80911	0.745819	76.3729	-5.483	-5.41868	78.6628	-4.67389	-4.67286	0.043682	-0.899962	-0.903126	0.0300674
126001	0.524491	0.499228	0.000519337	0.783663	0.745916	75.9822	-5.4571	-5.41878	78.2657	-4.67344	-4.67286	0.0437295	-1.06749	-0.902853	0.0299033
126201	0.513677	0.499304	0.000516939	0.767505	0.746031	75.6315	-5.44031	-5.4189	77.9029	-4.67281	-4.67286	0.0434412	-1.05973	-0.903608	0.0297726
126401	0.498481	0.499256	0.000514957	0.744801	0.745958	75.3415	-5.41749	-5.41882	77.5976	-4.67269	-4.67286	0.0431237	-0.966697	-0.903922	0.0296037
126601	0.534419	0.499275	0.000513286	0.798497	0.745987	75.097	-5.47143	-5.41885	77.3376	-4.67294	-4.67286	0.0428065	-1.03924	-0.904362	0.0294351
126801	0.501455	0.499333	0.000510595	0.749244	0.746073	74.7032	-5.42297	-5.41894	76.9292	-4.67372	-4.67287	0.0426108	-0.472594	-0.902698	0.0297902
127001	0.521342	0.499408	0.000507709	0.778958	0.746185	74.281	-5.45364	-5.41906	76.5114	-4.67469	-4.67288	0.043174	-0.574252	-0.89973	0.0307543
127201	0.516457	0.499643	0.000512546	0.77166	0.746538	74.9887	-5.44723	-5.41943	77.308	-4.67557	-4.67289	0.0454286	-0.362816	-0.897032	0.0315939
127401	0.516194	0.499837	0.00051429	0.771266	0.746827	75.2439	-5.44678	-5.41974	77.6528	-4.67552	-4.67291	0.0486479	-0.396855	-0.893461	0.0331036
127601	0.516816	0.499881	0.000511748	0.772196	0.746892	74.8719	-5.44724	-5.41982	77.2853	-4.67504	-4.67293	0.0509322	-0.624618	-0.890333	0.03429
127801	0.50338	0.500017	0.000511563	0.752121	0.747096	74.8449	-5.4267	-5.42004	77.2913	-4.67458	-4.67294	0.0521984	-0.474364	-0.888266	0.0346567
128001	0.525122	0.500098	0.00050925	0.784606	0.747217	74.5065	-5.45894	-5.42017	76.9602	-4.67433	-4.67295	0.0528893	-0.777731	-0.885955	0.0352008
128201	0.499122	0.50031	0.000513681	0.745759	0.747534	75.1548	-5.41991	-5.4205	77.6453	-4.67415	-4.67296	0.0532744	-0.613637	-0.885447	0.0350741
128401	0.553946	0.500411	0.000513627	0.827673	0.747684	75.1469	-5.50213	-5.42066	77.6491	-4.67446	-4.67297	0.0537048	-0.817786	-0.883897	0.0351962
128601	0.525445	0.500528	0.000517155	0.785089	0.74786	75.6629	-5.45964	-5.42084	78.1833	-4.67455	-4.67298	0.0543999	-0.41068	-0.881005	0.0364841
128801	0.524547	0.500684	0.000517282	0.783747	0.748092	75.6817	-5.45815	-5.42109	78.2312	-4.67441	-4.67299	0.0550468	-0.718868	-0.878445	0.0372099
129001	0.484604	0.500838	0.000519056	0.724066	0.748323	75.9412	-5.39788	-5.42132	78.5114	-4.67382	-4.673	0.0552589	-0.717784	-0.878271	0.0369781
129201	0.484513	0.500844	0.000517157	0.723931	0.748331	75.6632	-5.3971	-5.42134	78.2147	-4.67317	-4.673	0.0549939	-0.866389	-0.878362	0.036824
129401	0.505415	0.500727	0.000521333	0.755162	0.748157	76.2742	-5.42758	-5.42116	78.808	-4.67242	-4.673	0.0546682	-1.10636	-0.878479	0.0368233
129601	0.439849	0.500551	0.000523514	0.657196	0.747893	76.5934	-5.32934	-5.42089	79.1356	-4.67214	-4.673	0.0545343	-0.889307	-0.879625	0.036811
129801	0.519546	0.500451	0.000528168	0.776274	0.747744	77.2742	-5.4485	-5.42074	79.8171	-4.67222	-4.67299	0.0544839	-1.32687	-0.881416	0.0372729
130001	0.518783	0.500459	0.000525396	0.775134	0.747756	76.8686	-5.44814	-5.42075	79.3962	-4.67301	-4.67299	0.0542454	-0.962522	-0.88253	0.0372653
130201	0.495083	0.500473	0.000522308	0.739724	0.747777	76.4169	-5.41397	-5.42077	78.9293	-4.67425	-4.67299	0.054131	-0.670053	-0.88206	0.0370816
130401	0.5262	0.500576	0.000521306	0.786216	0.747932	76.2703	-5.46095	-5.42094	78.8005	-4.67473	-4.673	0.0548314	-0.81374	-0.881192	0.0369721
130601	0.540735	0.500787	0.000524706	0.807934	0.748246	76.7677	-5.48297	-5.42126	79.3593	-4.67503	-4.67302	0.0559441	-0.924304	-0.881314	0.0367406
130801	0.523285	0.500978	0.000528227	0.781861	0.748531	77.283	-5.45712	-5.42156	79.9375	-4.67526	-4.67303	0.0574754	-0.598053	-0.880151	0.0368458
131001	0.545878	0.501231	0.000535126	0.815619	0.748909	78.2923	-5.49126	-5.42195	81.0511	-4.67564	-4.67305	0.0595265	-0.735221	-0.879018	0.036822
131201	0.556647	0.501556	0.000550471	0.831709	0.749395	80.5374	-5.50754	-5.42246	83.4559	-4.67583	-4.67306	0.0622701	-0.655953	-0.878046	0.0367726
131401	0.518915	0.501813	0.000557751	0.775332	0.749779	81.6025	-5.45037	-5.42286	84.6293	-4.67504	-4.67308	0.0643707	-0.51657	-0.876227	0.0370589
131601	0.522511	0.501919	0.000557225	0.780706	0.749937	81.5255	-5.45503	-5.42303	84.5632	-4.67433	-4.67309	0.0649645	-0.689923	-0.874481	0.0373838
131801	0.480452	0.502013	0.000557793	0.717863	0.750078	81.6086	-5.39167	-5.42317	84.6461	-4.67381	-4.67309	0.064963	-0.641576	-0.87364	0.0373275
132001	0.503241	0.50202	0.000555991	0.751913	0.750088	81.3449	-5.42515	-5.42319	84.3622	-4.67324	-4.6731	0.0646557	-0.88523	-0.873539	0.0371891
132201	0.514796	0.50202	0.000552999	0.769177	0.750088	80.9072	-5.44174	-5.42318	83.9049	-4.67256	-4.6731	0.0642941	-0.956113	-0.873708	0.0369721
132401	0.494859	0.502025	0.000549699	0.739389	0.750096	80.4243	-5.41179	-5.42319	83.4031	-4.6724	-4.67309	0.0640711	-0.913966	-0.873878	0.036753
132601	0.498341	0.501901	0.00055006	0.744592	0.749911	80.4773	-5.41692	-5.423	83.4564	-4.67233	-4.67309	0.063903	-0.989445	-0.873941	0.0365552
132801	0.499001	0.501792	0.000550086	0.745577	0.749748	80.481	-5.41825	-5.42283	83.4545	-4.67268	-4.67308	0.0636733	-1.02467	-0.874468	0.0364026
133001	0.481619	0.501687	0.000549242	0.719607	0.74959	80.3575	-5.39251	-5.42267	83.318	-4.6729	-4.67308	0.0633198	-0.884456	-0.874638	0.0362181
133201	0.508864	0.5017	0.000546341	0.760314	0.74961	79.9331	-5.43385	-5.42269	82.8775	-4.67354	-4.67308	0.0629551	-0.88125	-0.875075	0.0360351
133401	0.514842	0.501761	0.000544111	0.769246	0.749702	79.6068	-5.44342	-5.42279	82.5429	-4.67418	-4.67309	0.0628752	-0.669013	-0.874401	0.035945
133601	0.500493	0.501725	0.000542981	0.747807	0.749648	79.4415	-5.4221	-5.42274	82.3528	-4.67429	-4.67309	0.0630119	-0.657274	-0.872602	0.0363502
133801	0.479997	0.501721	0.000541075	0.717182	0.749642	79.1626	-5.39116	-5.42274	82.0565	-4.67398	-4.6731	0.0631018	-0.56734	-0.871428	0.0364007
134001	0.487682	0.501723	0.000538995	0.728666	0.749644	78.8583	-5.40172	-5.42275	81.7375	-4.67305	-4.6731	0.0628442	-0.776674	-0.870761	0.0362906
134201	0.499569	0.501702	0.000537412	0.746426	0.749613	78.6268	-5.41909	-5.42271	81.4913	-4.67266	-4.6731	0.0625229	-0.975177	-0.870965	0.0361193
134401	0.486554	0.501648	0.000534939	0.72698	0.749533	78.2648	-5.3999	-5.42263	81.1169	-4.67292	-4.6731	0.0622185	-1.00347	-0.871737	0.0360242
134601	0.501924	0.501547	0.000533995	0.749945	0.749382	78.1269	-5.4234	-5.42248	80.9617	-4.67346	-4.6731	0.0618695	-0.884416	-0.871905	0.0358259
134801	0.487881	0.501531	0.000531791	0.728963	0.749358	77.8043	-5.4028	-5.42246	80.621	-4.67384	-4.6731	0.0616601	-0.698356	-0.871444	0.0356836
135001	0.507618	0.501544	0.000530567	0.758452	0.749378	77.6253	-5.43261	-5.42249	80.4305	-4.67416	-4.67311	0.06163	-0.819311	-0.8711	0.0355633
135201	0.492609	0.50161	0.000528581	0.736027	0.749476	77.3347	-5.41003	-5.42259	80.1373	-4.674	-4.67311	0.0616521	-0.538205	-0.870215	0.0355316
135401	0.527563	0.501609	0.000526067	0.788253	0.749474	76.9669	-5.46147	-5.42259	79.7518	-4.67321	-4.67312	0.0614147	-0.875566	-0.868905	0.0356767
135601	0.492259	0.501647	0.000524412	0.735505	0.749531	76.7248	-5.40841	-5.42265	79.4942	-4.67291	-4.67312	0.0610778	-0.941983	-0.869129	0.0354942
135801	0.497966	0.501581	0.000522757	0.744031	0.749433	76.4827	-5.41706	-5.42255	79.2383	-4.67303	-4.67312	0.0607457	-0.957768	-0.869536	0.0353469
136001	0.508624	0.501574	0.000521029	0.759955	0.749423	76.2298	-5.43308	-5.42254	78.9705	-4.67312	-4.67312	0.0604088	-0.971744	-0.870065	0.0352223
136201	0.516428	0.501593	0.000518741	0.771617	0.749451	75.8951	-5.44451	-5.42257	78.6197	-4.67289	-4.67311	0.0600824	-1.01337	-0.870399	0.0350685
136401	0.504193	0.501637	0.00051691	0.753335	0.749516	75.6271	-5.42691	-5.42263	78.3382	-4.67358	-4.67311	0.0597705	-0.851893	-0.870803	0.03492
136601	0.521346	0.501735	0.000516603	0.778964	0.749662	75.5823	-5.45348	-5.42278	78.296	-4.67452	-4.67312	0.0597858	-0.693256	-0.870441	0.0348232
136801	0.49934	0.501795	0.000516586	0.746083	0.749752	75.5797	-5.42121	-5.42288	78.2973	-4.67512	-4.67313	0.0606127	-0.329938	-0.868505	0.0354852
137001	0.516212	0.501872	0.000515644	0.771293	0.749867	75.442	-5.44544	-5.42301	78.1698	-4.67415	-4.67314	0.0612742	-0.73552	-0.866704	0.0359743
137201	0.505185	0.501909	0.000513537	0.754817	0.749922	75.1337	-5.42755	-5.42306	77.8517	-4.67273	-4.67314	0.0610233	-0.982232	-0.866928	0.0358116
137401	0.486078	0.501827	0.000513606	0.726269	0.7498	75.1437	-5.39789	-5.42293	77.87	-4.67162	-4.67313	0.0611186	-1.04294	-0.867244	0.0356575
137601	0.486863	0.501728	0.000513236	0.727442	0.749652	75.0896	-5.39885	-5.42278	77.8331	-4.67141	-4.67313	0.0616807	-1.11405	-0.868437	0.035742
137801	0.472812	0.501551	0.000517338	0.706448	0.749388	75.6897	-5.37765	-5.4225	78.4844	-4.6712	-4.67312	0.0625561	-1.17376	-0.869711	0.0358959
138001	0.480109	0.501411	0.000518433	0.717351	0.749178	75.85	-5.38841	-5.42228	78.6845	-4.67106	-4.67311	0.0635407	-1.20101	-0.871046	0.0360509
138201	0.478731	0.501248	0.000521522	0.715291	0.748935	76.3019	-5.38623	-5.42203	79.1916	-4.67094	-4.67309	0.0647953	-1.28688	-0.873047	0.0366593
138401	0.440922	0.501056	0.000526702	0.658799	0.748648	77.0599	-5.32974	-5.42173	80.0153	-4.67094	-4.67308	0.0659857	-0.887643	-0.874141	0.0367741
138601	0.480795	0.500898	0.000530165	0.718376	0.748412	77.5665	-5.38927	-5.42148	80.5762	-4.67089	-4.67307	0.0672984	-1.29786	-0.875527	0.0370608
138801	0.470366	0.500744	0.000532341	0.702792	0.748181	77.8849	-5.37376	-5.42124	80.9442	-4.67097	-4.67306	0.0684569	-1.19762	-0.877277	0.0374701
139001	0.502028	0.500659	0.000531453	0.7501	0.748055	77.7548	-5.42105	-5.42111	80.8348	-4.67095	-4.67305	0.069598	-1.37692	-0.879362	0.0381338
139201	0.483278	0.500626	0.000529474	0.722086	0.748006	77.4654	-5.39355	-5.42105	80.5437	-4.67146	-4.67304	0.0705088	-1.17337	-0.881461	0.0388126
139401	0.490544	0.500511	0.0005305	0.732942	0.747834	77.6154	-5.40554	-5.42087	80.6982	-4.6726	-4.67303	0.0705224	-0.90473	-0.882135	0.0388371
139601	0.520911	0.500483	0.000529781	0.778314	0.747792	77.5103	-5.45181	-5.42083	80.5781	-4.6735	-4.67304	0.0701894	-1.01688	-0.882159	0.0386976
139801	0.514175	0.500486	0.000527769	0.768249	0.747796	77.2159	-5.44222	-5.42084	80.2687	-4.67397	-4.67304	0.0700211	-0.95222	-0.882145	0.038527
140001	0.50345	0.500591	0.000528321	0.752224	0.747953	77.2967	-5.4261	-5.421	80.3535	-4.67388	-4.67304	0.0699397	-0.761047	-0.882265	0.038393
140201	0.500447	0.500666	0.000527475	0.747738	0.748065	77.1728	-5.42103	-5.42111	80.2219	-4.6733	-4.67305	0.0697005	-0.86074	-0.882353	0.0382452
140401	0.526039	0.500698	0.000525785	0.785977	0.748113	76.9256	-5.45905	-5.42116	79.9602	-4.67308	-4.67305	0.0693595	-1.01649	-0.882453	0.0380759
140601	0.498377	0.50071	0.000523871	0.744645	0.74813	76.6456	-5.41754	-5.42118	79.6656	-4.6729	-4.67305	0.0690197	-0.969708	-0.88275	0.0379162
140801	0.523032	0.500732	0.000521868	0.781483	0.748164	76.3525	-5.45395	-5.42121	79.3554	-4.67246	-4.67304	0.0687254	-1.31817	-0.884004	0.0381107
141001	0.530731	0.500757	0.000520307	0.792986	0.748201	76.1241	-5.46539	-5.42124	79.1093	-4.6724	-4.67304	0.0685231	-1.28056	-0.885534	0.0384348
141201	0.518009	0.500778	0.000520146	0.773979	0.748233	76.1007	-5.44655	-5.42127	79.0685	-4.67257	-4.67304	0.068287	-1.05925	-0.886249	0.0384818
141401	0.503185	0.500788	0.00051941	0.751829	0.748248	75.9929	-5.42473	-5.42129	78.9443	-4.6729	-4.67304	0.0679981	-0.978618	-0.886601	0.0383874
141601	0.501834	0.500834	0.00051791	0.749811	0.748316	75.7735	-5.4233	-5.42135	78.7114	-4.67349	-4.67304	0.0676918	-0.859165	-0.887164	0.0383224
141801	0.507616	0.500878	0.000515992	0.758449	0.748382	75.4929	-5.43226	-5.42142	78.4225	-4.67381	-4.67304	0.0674987	-0.728133	-0.886989	0.0381549
142001	0.499005	0.500947	0.000515564	0.745583	0.748486	75.4303	-5.41961	-5.42153	78.3583	-4.67403	-4.67305	0.0674358	-0.635616	-0.886199	0.0381269
142201	0.511138	0.501029	0.000514796	0.763712	0.748607	75.3178	-5.43743	-5.42166	78.2454	-4.67372	-4.67305	0.0673411	-0.856741	-0.885865	0.0380008
142401	0.526877	0.501115	0.000514219	0.787229	0.748736	75.2334	-5.46053	-5.42179	78.1536	-4.6733	-4.67305	0.0670805	-1.02525	-0.885983	0.0378343
142601	0.534479	0.501212	0.000514296	0.798586	0.748881	75.2448	-5.47172	-5.42193	78.1544	-4.67313	-4.67305	0.0667751	-1.21268	-0.886966	0.037882
142801	0.513557	0.501261	0.000513388	0.767327	0.748955	75.1118	-5.44048	-5.42201	78.0085	-4.67315	-4.67305	0.0664644	-1.08092	-0.887861	0.0379037
143001	0.485293	0.501295	0.000511647	0.725096	0.749005	74.8572	-5.39812	-5.42206	77.7412	-4.67302	-4.67305	0.0661574	-0.951503	-0.888626	0.0378617
143201	0.477325	0.501285	0.000510606	0.713191	0.74899	74.7048	-5.38611	-5.42204	77.5757	-4.67291	-4.67305	0.0658545	-0.928269	-0.889468	0.037894
143401	0.503526	0.501235	0.000509189	0.752339	0.748916	74.4975	-5.42545	-5.42197	77.3559	-4.67311	-4.67305	0.065553	-0.889594	-0.889681	0.0377378
143601	0.500063	0.501237	0.00050687	0.747165	0.748919	74.1582	-5.42071	-5.42197	77.0038	-4.67354	-4.67305	0.0652862	-0.876693	-0.889435	0.0375831
143801	0.512438	0.501243	0.000504877	0.765655	0.748928	73.8667	-5.43935	-5.42198	76.7003	-4.67369	-4.67306	0.0650844	-0.942856	-0.889543	0.0374263
144001	0.490102	0.50124	0.000503044	0.732281	0.748923	73.5985	-5.40639	-5.42198	76.4186	-4.67411	-4.67306	0.0649939	-0.676619	-0.888955	0.0373637
144201	0.506402	0.501292	0.0005022	0.756636	0.749001	73.475	-5.43059	-5.42207	76.2926	-4.67395	-4.67306	0.0650006	-0.805874	-0.888671	0.0372482
144401	0.543649	0.501351	0.000501233	0.812288	0.749089	73.3335	-5.48601	-5.42216	76.1468	-4.67373	-4.67307	0.0648818	-1.00782	-0.888525	0.0371018
144601	0.536969	0.501391	0.000500421	0.802308	0.749148	73.2148	-5.47588	-5.42222	76.0201	-4.67357	-4.67307	0.0646805	-1.09735	-0.888518	0.0369742
144801	0.510082	0.501399	0.000499808	0.762134	0.749161	73.125	-5.43553	-5.42223	75.9193	-4.67339	-4.67307	0.0644401	-0.916516	-0.888479	0.0368822
145001	0.532556	0.501484	0.000499334	0.795714	0.749288	73.0556	-5.46909	-5.42236	75.8424	-4.67337	-4.67307	0.0641797	-1.15066	-0.889299	0.0368752
145201	0.491219	0.501498	0.000497983	0.73395	0.749308	72.858	-5.40781	-5.42238	75.6326	-4.67386	-4.67308	0.0639575	-0.706826	-0.889475	0.0367899
145401	0.531123	0.501602	0.000501449	0.793572	0.749464	73.3651	-5.46805	-5.42254	76.1571	-4.67448	-4.67308	0.0641203	-0.685649	-0.888793	0.036771
145601	0.499334	0.501634	0.000499629	0.746075	0.749512	73.0989	-5.42032	-5.4226	75.8873	-4.67424	-4.67309	0.0643072	-0.677625	-0.887673	0.036903
145801	0.49432	0.501679	0.000499223	0.738583	0.749579	73.0395	-5.4127	-5.42267	75.8262	-4.67412	-4.67309	0.0643892	-0.756639	-0.887448	0.0368021
146001	0.519412	0.501702	0.000497498	0.776075	0.749614	72.787	-5.44964	-5.42271	75.5644	-4.67357	-4.67309	0.0642699	-0.9666	-0.887407	0.0366629
146201	0.509162	0.501693	0.000496147	0.760759	0.7496	72.5895	-5.43425	-5.4227	75.3542	-4.67349	-4.6731	0.0640419	-0.953693	-0.887316	0.0365339
146401	0.541373	0.501738	0.000494802	0.808887	0.749667	72.3926	-5.48209	-5.42276	75.1474	-4.6732	-4.6731	0.0637852	-1.11486	-0.887528	0.0364011
146601	0.491991	0.501748	0.000494073	0.735103	0.749683	72.286	-5.40827	-5.42278	75.0292	-4.67317	-4.6731	0.0635133	-0.87263	-0.887765	0.0362915
146801	0.491813	0.501714	0.000493434	0.734838	0.749632	72.1924	-5.408	-5.42273	74.9234	-4.67316	-4.6731	0.0632434	-0.824885	-0.88765	0.0361803
147001	0.532659	0.501754	0.000491966	0.795868	0.749691	71.9777	-5.46861	-5.42279	74.6957	-4.67274	-4.6731	0.0629816	-1.00073	-0.887771	0.0360358
147201	0.519912	0.501818	0.000492128	0.776821	0.749787	72.0015	-5.44946	-5.42288	74.7024	-4.67264	-4.6731	0.0627822	-0.913148	-0.88779	0.0359248
147401	0.536267	0.501912	0.000492521	0.801258	0.749927	72.0589	-5.47461	-5.42302	74.7481	-4.67335	-4.67309	0.0625341	-1.02296	-0.888015	0.0357985
147601	0.497192	0.502011	0.000493245	0.742875	0.750074	72.1648	-5.41679	-5.42317	74.8527	-4.67392	-4.6731	0.0623723	-0.637225	-0.888109	0.0357031
147801	0.509442	0.502058	0.000492977	0.761178	0.750146	72.1256	-5.43495	-5.42325	74.8091	-4.67377	-4.6731	0.0622772	-0.773277	-0.887348	0.0357442
148001	0.541777	0.502117	0.000492342	0.809491	0.750233	72.0327	-5.48258	-5.42334	74.7075	-4.67309	-4.6731	0.0620678	-1.16607	-0.887472	0.0356643
148201	0.499865	0.502088	0.000492278	0.746868	0.75019	72.0234	-5.4196	-5.42329	74.6906	-4.67274	-4.6731	0.0618393	-1.17755	-0.888218	0.0356753
148401	0.512941	0.502098	0.000490671	0.766406	0.750206	71.7882	-5.43946	-5.42331	74.4441	-4.67305	-4.6731	0.0615983	-0.970188	-0.888985	0.0357003
148601	0.475515	0.502029	0.000491245	0.710486	0.750102	71.8723	-5.3834	-5.4232	74.5184	-4.67292	-4.6731	0.0613468	-0.804327	-0.888582	0.0356227
148801	0.488439	0.501994	0.000489688	0.729797	0.750049	71.6445	-5.40231	-5.42315	74.2826	-4.67251	-4.6731	0.0611475	-0.891834	-0.888782	0.0354947
149001	0.482737	0.501934	0.000489207	0.721277	0.749959	71.574	-5.3937	-5.42305	74.2097	-4.67242	-4.6731	0.0610187	-0.944543	-0.888763	0.035357
149201	0.513873	0.501908	0.000487722	0.767798	0.74992	71.3567	-5.44076	-5.42301	73.9851	-4.67296	-4.67309	0.0608268	-1.12598	-0.889435	0.0353354
149401	0.503857	0.501939	0.000486055	0.752834	0.749968	71.1129	-5.42609	-5.42306	73.7309	-4.67326	-4.67309	0.0605833	-0.78394	-0.889689	0.0352436
149601	0.510829	0.501924	0.00048427	0.763251	0.749945	70.8518	-5.43713	-5.42304	73.4582	-4.67388	-4.6731	0.0603841	-0.738269	-0.889065	0.0352063
149801	0.536161	0.502079	0.000488843	0.8011	0.750177	71.5208	-5.47626	-5.42328	74.1622	-4.67516	-4.6731	0.0606988	-0.500926	-0.888506	0.0351762
150001	0.53802	0.502166	0.000489373	0.803878	0.750306	71.5984	-5.47969	-5.42342	74.2739	-4.67582	-4.67311	0.0621133	-0.404808	-0.886344	0.0362184
150201	0.537941	0.502341	0.000495565	0.80376	0.750568	72.5043	-5.47919	-5.42369	75.2594	-4.67543	-4.67312	0.0635879	-0.524936	-0.88471	0.0367458
150401	0.517707	0.502483	0.000498991	0.773527	0.75078	73.0055	-5.44783	-5.42391	75.8007	-4.67431	-4.67313	0.0641766	-0.670977	-0.884015	0.0367457
150601	0.511976	0.502568	0.00049931	0.764964	0.750908	73.0522	-5.43842	-5.42404	75.8482	-4.67346	-4.67313	0.0640608	-0.905474	-0.883806	0.0366465
150801	0.506732	0.502623	0.000498189	0.757129	0.750989	72.8881	-5.43009	-5.42412	75.6738	-4.67296	-4.67313	0.0638148	-1.01076	-0.884175	0.0365404
151001	0.497151	0.502614	0.000497224	0.742814	0.750977	72.747	-5.41538	-5.42411	75.5229	-4.67257	-4.67313	0.0636169	-0.936119	-0.884759	0.0364981
151201	0.493401	0.502543	0.000497112	0.737211	0.750871	72.7307	-5.40989	-5.424	75.5024	-4.67268	-4.67313	0.0634293	-0.833394	-0.884402	0.0364072
151401	0.534625	0.502528	0.000495697	0.798804	0.750847	72.5236	-5.47106	-5.42397	75.286	-4.67226	-4.67313	0.0632863	-1.2564	-0.88468	0.0363264
151601	0.498306	0.502507	0.000496892	0.744539	0.750817	72.6984	-5.41624	-5.42394	75.4582	-4.6717	-4.67312	0.0633963	-1.28788	-0.885776	0.0365398
151801	0.496844	0.5025	0.000495122	0.742355	0.750805	72.4394	-5.4143	-5.42392	75.1911	-4.67194	-4.67312	0.0636218	-1.05011	-0.887166	0.0369236
152001	0.501398	0.502426	0.000494749	0.749159	0.750696	72.3849	-5.42153	-5.42381	75.1401	-4.67238	-4.67311	0.0636133	-0.985291	-0.887194	0.0367916
152201	0.482141	0.502428	0.000493251	0.720387	0.750697	72.1657	-5.39274	-5.42381	74.9103	-4.67235	-4.67311	0.063505	-0.922867	-0.887587	0.0366989
152401	0.480855	0.502385	0.000491955	0.718465	0.750634	71.976	-5.39077	-5.42374	74.7168	-4.6723	-4.67311	0.063412	-0.847078	-0.887861	0.0365839
152601	0.487026	0.502286	0.000492757	0.727685	0.750486	72.0934	-5.39989	-5.42359	74.8401	-4.67221	-4.6731	0.0633467	-0.978974	-0.88768	0.0364717
152801	0.497892	0.502178	0.000494335	0.74392	0.750325	72.3243	-5.41617	-5.42342	75.0799	-4.67225	-4.6731	0.0633101	-1.11238	-0.88796	0.0363706
153001	0.467777	0.502097	0.000494523	0.698925	0.750203	72.3517	-5.37159	-5.4233	75.1069	-4.67266	-4.6731	0.0631826	-0.80114	-0.888239	0.0362848
153201	0.4702	0.502014	0.000495594	0.702545	0.75008	72.5085	-5.37529	-5.42318	75.2591	-4.67274	-4.6731	0.0629724	-0.855749	-0.888225	0.0361852
153401	0.511563	0.501973	0.00049461	0.764346	0.750018	72.3645	-5.43718	-5.42311	75.1081	-4.67283	-4.67309	0.0627748	-0.998483	-0.888406	0.0360654
153601	0.512095	0.501989	0.000493948	0.765142	0.750043	72.2677	-5.43851	-5.42314	75.0009	-4.67337	-4.67309	0.0625465	-0.870724	-0.888404	0.0359698
153801	0.478359	0.501996	0.000492536	0.714735	0.750052	72.0611	-5.3886	-5.42315	74.785	-4.67386	-4.6731	0.0623916	-0.527716	-0.887732	0.0359809
154001	0.510475	0.502	0.000492088	0.762722	0.750059	71.9956	-5.43647	-5.42316	74.71	-4.67375	-4.6731	0.0622868	-0.669026	-0.88674	0.036141
154201	0.539865	0.502023	0.000491613	0.806634	0.750093	71.926	-5.48014	-5.42319	74.6321	-4.67351	-4.6731	0.0621149	-1.00463	-0.886286	0.036133
154401	0.502035	0.502038	0.000490617	0.75011	0.750116	71.7803	-5.42381	-5.42322	74.4777	-4.6737	-4.6731	0.0619387	-0.614322	-0.885812	0.0361117
154601	0.541653	0.502083	0.000490213	0.809305	0.750183	71.7212	-5.48315	-5.42329	74.4152	-4.67384	-4.67311	0.061838	-0.821287	-0.884962	0.0362026
154801	0.545679	0.502126	0.000490166	0.815321	0.750246	71.7143	-5.48897	-5.42335	74.4033	-4.67365	-4.67311	0.0617076	-0.867392	-0.884295	0.0362269
155001	0.481902	0.502104	0.000489502	0.72003	0.750215	71.6172	-5.39315	-5.42332	74.2955	-4.67312	-4.67311	0.0615225	-0.644879	-0.883327	0.0363791
155201	0.489628	0.50202	0.000490005	0.731573	0.750088	71.6908	-5.40382	-5.42319	74.3674	-4.67225	-4.67311	0.0613711	-0.998488	-0.883027	0.0363082
155401	0.493508	0.50196	0.000489894	0.73737	0.749999	71.6746	-5.4092	-5.4231	74.3533	-4.67183	-4.6731	0.0614168	-1.1932	-0.883787	0.0363786
155601	0.505734	0.5019	0.000489646	0.755638	0.74991	71.6382	-5.42738	-5.42301	74.3231	-4.67174	-4.6731	0.0616124	-1.1954	-0.88463	0.0364557
155801	0.497587	0.501847	0.000488997	0.743465	0.749829	71.5434	-5.41512	-5.42292	74.2343	-4.67166	-4.67309	0.0618746	-0.988715	-0.88511	0.0364046
156001	0.498581	0.50175	0.000490331	0.744951	0.749685	71.7385	-5.41673	-5.42277	74.4459	-4.67178	-4.67309	0.0620848	-1.19309	-0.885341	0.0363328
156201	0.498339	0.501672	0.00049144	0.744589	0.749569	71.9008	-5.41669	-5.42265	74.6174	-4.6721	-4.67308	0.0621983	-1.16931	-0.886085	0.036385
156401	0.500276	0.501707	0.00049184	0.747483	0.749621	71.9593	-5.4204	-5.4227	74.6609	-4.67292	-4.67308	0.0620636	-0.944169	-0.886979	0.0365902
156601	0.517281	0.501733	0.000490385	0.77289	0.74966	71.7464	-5.44623	-5.42274	74.4387	-4.67334	-4.67308	0.0618483	-1.0053	-0.887351	0.0365027
156801	0.537005	0.501841	0.000492334	0.802361	0.749821	72.0316	-5.47559	-5.4229	74.7189	-4.67323	-4.67308	0.0616427	-0.961696	-0.887639	0.0364083
157001	0.508159	0.501888	0.000491532	0.759261	0.749892	71.9142	-5.43235	-5.42298	74.5926	-4.67309	-4.67308	0.0614279	-0.883141	-0.887697	0.0362934
157201	0.507409	0.501964	0.00049219	0.758141	0.750005	72.0105	-5.43149	-5.42309	74.6807	-4.67335	-4.67308	0.0612171	-0.878498	-0.888068	0.0362306
157401	0.508827	0.502002	0.000490966	0.760259	0.750062	71.8313	-5.43374	-5.42315	74.4952	-4.67348	-4.67309	0.0610365	-0.858934	-0.88808	0.036106
157601	0.492125	0.501954	0.000490524	0.735304	0.74999	71.7667	-5.40777	-5.42308	74.4226	-4.67247	-4.67308	0.060847	-1.04297	-0.887979	0.036014
157801	0.509074	0.501938	0.000489864	0.760628	0.749966	71.6701	-5.43204	-5.42305	74.3197	-4.67141	-4.67308	0.060982	-1.30128	-0.888856	0.0361598
158001	0.482574	0.501907	0.00048867	0.721033	0.74992	71.4954	-5.39219	-5.42299	74.1481	-4.67115	-4.67307	0.0615562	-1.20245	-0.890052	0.0364528
158201	0.488294	0.501849	0.000488085	0.72958	0.749832	71.4098	-5.40085	-5.4229	74.0758	-4.67127	-4.67307	0.0621479	-1.2932	-0.891267	0.0367574
158401	0.486315	0.501749	0.000489828	0.726623	0.749684	71.665	-5.39833	-5.42275	74.3524	-4.6717	-4.67306	0.0624846	-1.21955	-0.89226	0.0369345
158601	0.483048	0.501667	0.000490341	0.721742	0.749561	71.74	-5.39369	-5.42262	74.4373	-4.67195	-4.67306	0.0625863	-0.993853	-0.892958	0.0369878
158801	0.452092	0.501637	0.000489656	0.675489	0.749516	71.6398	-5.34703	-5.42257	74.3365	-4.67154	-4.67305	0.0627561	-0.869528	-0.89351	0.0369677
159001	0.490206	0.501551	0.000490744	0.732437	0.749388	71.7989	-5.40391	-5.42244	74.5128	-4.67148	-4.67305	0.0630828	-1.26787	-0.894101	0.0370067
159201	0.486339	0.501488	0.000490401	0.726658	0.749293	71.7487	-5.39855	-5.42234	74.4711	-4.6719	-4.67304	0.0632981	-1.21843	-0.895272	0.0372898
159401	0.495492	0.501381	0.00049264	0.740334	0.749133	72.0764	-5.41244	-5.42217	74.8113	-4.67211	-4.67304	0.0633206	-1.10065	-0.895662	0.037247
159601	0.469042	0.501371	0.000491631	0.700815	0.749119	71.9287	-5.37314	-5.42216	74.656	-4.67233	-4.67304	0.0632712	-0.951627	-0.896592	0.0374114
159801	0.504514	0.501365	0.000491385	0.753816	0.74911	71.8927	-5.4267	-5.42215	74.6128	-4.67288	-4.67304	0.0631064	-0.956404	-0.896921	0.0373357
160001	0.503735	0.501367	0.000489869	0.752651	0.749113	71.6709	-5.42615	-5.42215	74.3815	-4.6735	-4.67304	0.0629118	-0.814638	-0.896849	0.0372286
160201	0.534503	0.501417	0.000489162	0.798622	0.749188	71.5675	-5.47218	-5.42223	74.2745	-4.67355	-4.67304	0.0627664	-1.09718	-0.896961	0.0371302
160401	0.511298	0.501426	0.000488025	0.763952	0.749201	71.4011	-5.43711	-5.42224	74.1002	-4.67316	-4.67304	0.0625821	-0.988557	-0.897135	0.0370272
160601	0.504644	0.501456	0.000486903	0.754009	0.749246	71.2369	-5.42679	-5.42229	73.9262	-4.67278	-4.67304	0.0623809	-1.00091	-0.89754	0.0369612
160801	0.488691	0.501432	0.000485735	0.730173	0.749211	71.0661	-5.40236	-5.42225	73.7498	-4.67219	-4.67304	0.0622422	-1.02138	-0.897865	0.0368743
161001	0.47438	0.501344	0.000487148	0.70879	0.749078	71.2729	-5.38062	-5.42211	73.9666	-4.67183	-4.67303	0.0622672	-1.08459	-0.898197	0.0367931
161201	0.48763	0.501297	0.000486655	0.728588	0.749009	71.2007	-5.40057	-5.42204	73.8967	-4.67198	-4.67303	0.0623619	-1.17901	-0.899106	0.0369361
161401	0.492741	0.501263	0.00048551	0.736224	0.748957	71.0331	-5.40831	-5.42198	73.7269	-4.67208	-4.67303	0.0623502	-1.18394	-0.899982	0.0370522
161601	0.501389	0.501274	0.000484057	0.749146	0.748973	70.8205	-5.42116	-5.422	73.5037	-4.67201	-4.67302	0.0623572	-1.20358	-0.901156	0.0373588
161801	0.467426	0.501209	0.000484286	0.6984	0.748876	70.854	-5.3706	-5.4219	73.5407	-4.6722	-4.67302	0.0623582	-0.819435	-0.901363	0.0373061
162001	0.503412	0.501139	0.000484935	0.752168	0.748772	70.9491	-5.4248	-5.42179	73.6369	-4.67263	-4.67302	0.0622449	-1.08887	-0.901473	0.0372224
162201	0.487303	0.501138	0.00048401	0.7281	0.74877	70.8137	-5.40126	-5.42179	73.4937	-4.67316	-4.67302	0.0620534	-0.942964	-0.90189	0.0371674
162401	0.525487	0.501176	0.000483727	0.785152	0.748828	70.7723	-5.45891	-5.42185	73.4488	-4.67376	-4.67302	0.0619037	-1.03348	-0.902359	0.037128
162601	0.517004	0.501219	0.000483523	0.772477	0.748892	70.7424	-5.44679	-5.42191	73.4182	-4.67431	-4.67302	0.0619364	-0.783408	-0.902203	0.0370787
162801	0.504665	0.501248	0.000483693	0.75404	0.748934	70.7674	-5.42884	-5.42196	73.4421	-4.6748	-4.67303	0.0622441	-0.665077	-0.901631	0.0371176
163001	0.505748	0.501316	0.000483855	0.755659	0.749036	70.7911	-5.43018	-5.42207	73.4798	-4.67452	-4.67303	0.0626123	-0.609737	-0.901151	0.0370793
163201	0.531471	0.501346	0.000482999	0.794092	0.749082	70.6658	-5.46844	-5.42212	73.3548	-4.67435	-4.67304	0.0628313	-0.807977	-0.900345	0.0371777
163401	0.527442	0.501433	0.000484163	0.788072	0.749211	70.8361	-5.46188	-5.42225	73.5343	-4.67381	-4.67304	0.0628621	-0.853164	-0.90013	0.0370837
163601	0.506309	0.501456	0.000482891	0.756497	0.749245	70.6499	-5.42934	-5.42229	73.341	-4.67284	-4.67304	0.0626954	-0.855905	-0.899852	0.0369952
163801	0.533209	0.501431	0.000482792	0.796689	0.749208	70.6355	-5.46919	-5.42225	73.3206	-4.6725	-4.67304	0.0625504	-1.20427	-0.899796	0.0369406
164001	0.516046	0.50141	0.000482588	0.771045	0.749177	70.6056	-5.44371	-5.42222	73.2835	-4.67267	-4.67304	0.0623903	-1.16852	-0.900206	0.0369073
164201	0.491448	0.501412	0.000481257	0.734292	0.749179	70.411	-5.40708	-5.42222	73.0803	-4.67278	-4.67304	0.0622241	-1.00675	-0.900747	0.0368947
164401	0.509585	0.501377	0.00048044	0.761392	0.749128	70.2914	-5.4342	-5.42217	72.9538	-4.67281	-4.67304	0.0620392	-1.12375	-0.90114	0.0368383
164601	0.503077	0.501373	0.000479066	0.751668	0.749122	70.0904	-5.42429	-5.42216	72.7448	-4.67263	-4.67304	0.0618722	-1.06331	-0.901615	0.0367992
164801	0.507435	0.501421	0.000478545	0.75818	0.749194	70.0141	-5.43132	-5.42223	72.6584	-4.67314	-4.67304	0.0616926	-1.0891	-0.902354	0.0368673
165001	0.503852	0.501455	0.000477735	0.752825	0.749245	69.8957	-5.42662	-5.42228	72.5347	-4.6738	-4.67304	0.0615457	-0.872361	-0.902735	0.036816
165201	0.517726	0.501479	0.000476676	0.773556	0.74928	69.7407	-5.44813	-5.42232	72.3781	-4.67457	-4.67304	0.0616215	-0.706521	-0.902308	0.0367678
165401	0.549488	0.501588	0.000479932	0.821013	0.749443	70.2171	-5.4959	-5.42249	72.8842	-4.67488	-4.67305	0.0620291	-0.812426	-0.902028	0.036697
165601	0.527015	0.501675	0.000482007	0.787435	0.749573	70.5206	-5.4621	-5.42262	73.2116	-4.67466	-4.67305	0.0624879	-0.691471	-0.901141	0.0368838
165801	0.503118	0.501723	0.000481712	0.751729	0.749644	70.4775	-5.42562	-5.4227	73.1735	-4.67389	-4.67306	0.0626158	-0.746967	-0.900675	0.0368485
166001	0.484619	0.501743	0.000480938	0.724089	0.749675	70.3643	-5.39721	-5.42273	73.0543	-4.67312	-4.67306	0.0624766	-0.883465	-0.900725	0.0367651
166201	0.491574	0.501762	0.000479879	0.73448	0.749703	70.2093	-5.40637	-5.42276	72.8902	-4.67189	-4.67305	0.0623681	-1.18775	-0.90149	0.0368677
166401	0.476228	0.501716	0.000479541	0.711551	0.749634	70.1599	-5.38273	-5.42268	72.8484	-4.67118	-4.67305	0.0627082	-1.18631	-0.902463	0.0370791
166601	0.465963	0.50165	0.00047994	0.696214	0.749536	70.2182	-5.36725	-5.42258	72.9244	-4.67103	-4.67304	0.0632795	-1.21672	-0.903494	0.0373411
166801	0.483734	0.501536	0.000482975	0.722766	0.749366	70.6623	-5.39354	-5.4224	73.4084	-4.67077	-4.67304	0.0639804	-1.36791	-0.90434	0.0374804
167001	0.468884	0.501422	0.00048632	0.700579	0.749195	71.1516	-5.37155	-5.42223	73.9399	-4.67097	-4.67303	0.0647401	-1.30677	-0.905513	0.0378346
167201	0.470983	0.501322	0.000488639	0.703714	0.749045	71.4909	-5.37532	-5.42207	74.3071	-4.6716	-4.67303	0.0651745	-1.20553	-0.906567	0.0381003
167401	0.487136	0.501268	0.000488248	0.72785	0.748965	71.4337	-5.40041	-5.42199	74.2518	-4.67256	-4.67302	0.0651623	-1.12089	-0.907492	0.0382815
167601	0.505662	0.501283	0.000487193	0.75553	0.748987	71.2795	-5.42944	-5.42201	74.092	-4.67391	-4.67302	0.0650086	-0.820209	-0.907753	0.0382078
167801	0.546356	0.501316	0.000487459	0.816332	0.749036	71.3183	-5.4911	-5.42206	74.1335	-4.67477	-4.67303	0.0652021	-0.91187	-0.907309	0.0381922
168001	0.521002	0.501421	0.000490929	0.778451	0.749194	71.8259	-5.45281	-5.42223	74.6696	-4.67436	-4.67303	0.0655608	-0.804803	-0.907175	0.0381116
168201	0.502757	0.501496	0.000491588	0.75119	0.749306	71.9224	-5.42468	-5.42234	74.7707	-4.67349	-4.67304	0.0655116	-0.994906	-0.907379	0.0380284
168401	0.498621	0.501471	0.000490605	0.745009	0.749269	71.7786	-5.41827	-5.4223	74.6173	-4.67326	-4.67304	0.0653362	-0.917583	-0.907406	0.0379272
168601	0.480005	0.501447	0.000489653	0.717195	0.749233	71.6393	-5.39023	-5.42227	74.4689	-4.67303	-4.67304	0.065152	-0.913669	-0.907409	0.0378322
168801	0.486485	0.501405	0.000489132	0.726877	0.749169	71.563	-5.40001	-5.42221	74.3842	-4.67313	-4.67304	0.0649629	-1.02379	-0.907638	0.0377493
169001	0.503917	0.501433	0.000488643	0.752923	0.749211	71.4915	-5.42631	-5.42225	74.305	-4.67338	-4.67304	0.0647812	-0.889276	-0.908088	0.0377625
169201	0.497113	0.501427	0.000487315	0.742757	0.749203	71.2973	-5.41654	-5.42224	74.102	-4.67378	-4.67304	0.0646674	-0.80176	-0.907778	0.0376914
169401	0.49315	0.50144	0.000486354	0.736835	0.749222	71.1567	-5.41025	-5.42226	73.9555	-4.67341	-4.67304	0.0645541	-0.732554	-0.907626	0.0376077
169601	0.499454	0.501448	0.000485851	0.746255	0.749234	71.083	-5.41924	-5.42228	73.8747	-4.67298	-4.67304	0.0643755	-0.796516	-0.907329	0.0375517
169801	0.523361	0.501464	0.000484763	0.781975	0.749257	70.9239	-5.45453	-5.4223	73.7065	-4.67256	-4.67304	0.0642063	-1.19475	-0.907613	0.0375148
170001	0.487713	0.501437	0.000484315	0.728711	0.749217	70.8583	-5.40095	-5.42226	73.6371	-4.67224	-4.67304	0.0641066	-0.977863	-0.907912	0.0374605
170201	0.505818	0.501429	0.000483511	0.755764	0.749206	70.7406	-5.4278	-5.42224	73.5128	-4.67204	-4.67304	0.0640788	-1.15574	-0.90837	0.0374512
170401	0.485962	0.501438	0.000482999	0.726095	0.749219	70.6658	-5.39806	-5.42225	73.4286	-4.67196	-4.67303	0.0640973	-0.977689	-0.908935	0.0374917
170601	0.49204	0.501424	0.000482101	0.735177	0.749198	70.5345	-5.40732	-5.42223	73.2927	-4.67214	-4.67303	0.064094	-1.06347	-0.909395	0.0374777
170801	0.471737	0.501364	0.000482285	0.704842	0.749109	70.5613	-5.37714	-5.42214	73.3209	-4.6723	-4.67303	0.0640264	-0.958106	-0.909742	0.0374259
171001	0.515889	0.501344	0.000481547	0.770811	0.749078	70.4533	-5.44288	-5.4221	73.2087	-4.67207	-4.67303	0.0639788	-1.11973	-0.910016	0.0373627
171201	0.507054	0.501333	0.000480686	0.75761	0.749062	70.3273	-5.42973	-5.42208	73.077	-4.67212	-4.67302	0.0639624	-1.21937	-0.910632	0.037411
171401	0.501479	0.501322	0.000479883	0.74928	0.749045	70.2099	-5.42158	-5.42207	72.9541	-4.6723	-4.67302	0.0639022	-1.02957	-0.911042	0.0373756
171601	0.509093	0.50129	0.000479314	0.760657	0.748997	70.1267	-5.43323	-5.42202	72.8668	-4.67257	-4.67302	0.0637877	-1.10263	-0.911256	0.0372948
171801	0.500996	0.501299	0.000478208	0.748559	0.749012	69.9648	-5.42125	-5.42203	72.6966	-4.67269	-4.67302	0.0636368	-0.969255	-0.911534	0.037228
172001	0.489423	0.5013	0.000477192	0.731267	0.749012	69.8161	-5.40408	-5.42203	72.5402	-4.67281	-4.67302	0.0634761	-1.03808	-0.911918	0.0371831
172201	0.519328	0.501329	0.000476799	0.775948	0.749056	69.7586	-5.44904	-5.42207	72.4752	-4.67309	-4.67302	0.0633023	-0.980443	-0.912399	0.0371707
172401	0.545468	0.501378	0.000476458	0.815005	0.749129	69.7087	-5.48847	-5.42215	72.4208	-4.67346	-4.67302	0.0631448	-1.05224	-0.912341	0.0370757
172601	0.508344	0.501406	0.000475933	0.759537	0.749171	69.632	-5.43295	-5.42219	72.3392	-4.67341	-4.67302	0.0630121	-0.916765	-0.912328	0.0369833
172801	0.520383	0.501457	0.000475629	0.777525	0.749247	69.5875	-5.45042	-5.42227	72.2884	-4.67289	-4.67302	0.0628469	-1.15724	-0.912753	0.0369626
173001	0.516393	0.501444	0.0004747	0.771564	0.749227	69.4516	-5.44428	-5.42225	72.1457	-4.67272	-4.67302	0.0626845	-1.13974	-0.91308	0.0369096
173201	0.487472	0.501455	0.000474258	0.728352	0.749244	69.3869	-5.40128	-5.42226	72.0725	-4.67292	-4.67302	0.0625242	-0.824592	-0.913318	0.0368814
173401	0.512586	0.501482	0.000473503	0.765876	0.749285	69.2764	-5.43861	-5.4223	71.9541	-4.67273	-4.67302	0.0623566	-0.979009	-0.913408	0.0367939
173601	0.510805	0.501479	0.000472389	0.763214	0.74928	69.1135	-5.43562	-5.4223	71.7844	-4.6724	-4.67302	0.0622306	-0.946977	-0.913332	0.0367026
173801	0.502103	0.501501	0.000471393	0.750212	0.749313	68.9677	-5.42264	-5.42233	71.6286	-4.67243	-4.67301	0.0621378	-1.00164	-0.913512	0.0366211
174001	0.505035	0.501437	0.000472309	0.754593	0.749217	69.1018	-5.42711	-5.42223	71.7618	-4.67252	-4.67301	0.0620143	-1.10529	-0.913531	0.0365455
174201	0.514486	0.501451	0.000471205	0.768715	0.749238	68.9402	-5.44171	-5.42225	71.5924	-4.67299	-4.67301	0.0618695	-0.899687	-0.913807	0.0364896
174401	0.51584	0.501448	0.000470191	0.770738	0.749234	68.7919	-5.4439	-5.42225	71.4368	-4.67317	-4.67301	0.0617053	-0.944381	-0.913478	0.0364385
174601	0.49019	0.501461	0.000469202	0.732412	0.749253	68.6473	-5.40575	-5.42227	71.2856	-4.67334	-4.67301	0.0615537	-0.88191	-0.91351	0.0363449
174801	0.494919	0.501436	0.000468494	0.739479	0.749216	68.5436	-5.4124	-5.42223	71.174	-4.67292	-4.67301	0.0613961	-1.1151	-0.913801	0.0362999
175001	0.49418	0.501388	0.000468362	0.738375	0.749144	68.5243	-5.41091	-5.42216	71.1507	-4.67253	-4.67301	0.0612546	-1.08498	-0.914082	0.0362388
175201	0.48196	0.501383	0.000467732	0.720116	0.749137	68.4322	-5.39256	-5.42215	71.0521	-4.67244	-4.67301	0.0611394	-0.947484	-0.914492	0.0362256
175401	0.514604	0.501369	0.000467846	0.768891	0.749116	68.4487	-5.44159	-5.42213	71.0641	-4.6727	-4.67301	0.0610296	-1.17286	-0.914832	0.0362189
175601	0.508375	0.501372	0.000467058	0.759583	0.74912	68.3334	-5.43347	-5.42213	70.9423	-4.67388	-4.67301	0.0609062	-0.958536	-0.91512	0.0361726
175801	0.510071	0.501413	0.000466845	0.762117	0.749182	68.3023	-5.43636	-5.4222	70.9133	-4.67424	-4.67301	0.0609641	-0.866276	-0.915208	0.0360965
176001	0.523629	0.501415	0.000466208	0.782375	0.749185	68.2091	-5.45629	-5.4222	70.8136	-4.67392	-4.67302	0.0610152	-1.00413	-0.915055	0.0360296
176201	0.531998	0.501456	0.000465721	0.794879	0.749246	68.1379	-5.46841	-5.42226	70.7409	-4.67353	-4.67302	0.0609404	-0.956117	-0.915168	0.0359413
176401	0.505222	0.501485	0.000466398	0.754872	0.74929	68.2369	-5.42876	-5.42231	70.8356	-4.67389	-4.67302	0.060849	-0.60272	-0.914738	0.0360014
176601	0.528041	0.501525	0.000465952	0.788968	0.749348	68.1716	-5.46323	-5.42237	70.7724	-4.67426	-4.67302	0.0608987	-0.641133	-0.913917	0.0361683
176801	0.520098	0.501596	0.000466959	0.777099	0.749455	68.3191	-5.45135	-5.42248	70.9308	-4.67425	-4.67303	0.061006	-0.751855	-0.913307	0.0362203
177001	0.499469	0.501648	0.000467169	0.746278	0.749532	68.3497	-5.42034	-5.42256	70.9663	-4.67407	-4.67303	0.0610568	-0.636669	-0.91295	0.0361859
177201	0.505368	0.501699	0.000467217	0.755091	0.749609	68.3568	-5.42895	-5.42264	70.9765	-4.67386	-4.67303	0.0610635	-0.611961	-0.912381	0.0362203
177401	0.515501	0.501697	0.000466889	0.770231	0.749606	68.3088	-5.44404	-5.42264	70.9215	-4.67381	-4.67303	0.060995	-0.771168	-0.911668	0.0363563
177601	0.493838	0.50172	0.000466141	0.737863	0.74964	68.1994	-5.41178	-5.42268	70.8091	-4.67392	-4.67304	0.0609618	-0.754635	-0.911394	0.0362947
177801	0.528933	0.501714	0.000465556	0.7903	0.749631	68.1137	-5.46358	-5.42267	70.7149	-4.67328	-4.67304	0.0608821	-1.04492	-0.911192	0.0362434
178001	0.491576	0.501753	0.000465098	0.734483	0.74969	68.0468	-5.40698	-5.42273	70.64	-4.6725	-4.67304	0.0607428	-0.914476	-0.911529	0.0361991
178201	0.469807	0.501717	0.000464475	0.701957	0.749636	67.9555	-5.37411	-5.42267	70.5475	-4.67216	-4.67304	0.0606847	-1.02736	-0.911711	0.0361308
178401	0.487106	0.501645	0.000465518	0.727805	0.749528	68.1082	-5.40018	-5.42256	70.705	-4.67238	-4.67303	0.060637	-1.08701	-0.912196	0.0361423
178601	0.482392	0.501605	0.000465013	0.720762	0.749469	68.0343	-5.3935	-5.4225	70.6282	-4.67274	-4.67303	0.060521	-0.902554	-0.912414	0.0360755
178801	0.480329	0.50155	0.000465091	0.71768	0.749386	68.0457	-5.39042	-5.42242	70.6359	-4.67274	-4.67303	0.0603786	-0.767914	-0.912091	0.0360355
179001	0.512368	0.501523	0.000464885	0.76555	0.749346	68.0155	-5.43799	-5.42238	70.6009	-4.67244	-4.67303	0.060258	-1.11205	-0.91204	0.0359877
179201	0.485139	0.501532	0.000464439	0.724866	0.74936	67.9503	-5.39708	-5.42239	70.5279	-4.67221	-4.67303	0.0601857	-1.05275	-0.912608	0.0360473
179401	0.4798	0.50147	0.000464864	0.716889	0.749267	68.0125	-5.38891	-5.42229	70.5956	-4.67202	-4.67303	0.0601924	-1.06729	-0.912878	0.035989
179601	0.49945	0.501444	0.000464403	0.746249	0.749228	67.945	-5.41863	-5.42225	70.5267	-4.67238	-4.67302	0.0601622	-1.10261	-0.913445	0.0360377
179801	0.48318	0.501419	0.00046362	0.721938	0.749191	67.8306	-5.39442	-5.42221	70.4082	-4.67248	-4.67302	0.0600573	-0.793493	-0.913425	0.0359824
180001	0.497342	0.501399	0.000463204	0.743099	0.749161	67.7697	-5.4157	-5.42218	70.3433	-4.6726	-4.67302	0.0599566	-0.941351	-0.913482	0.0359228
180201	0.503031	0.501423	0.00046354	0.751599	0.749196	67.8187	-5.42506	-5.42222	70.3857	-4.67346	-4.67302	0.0598176	-0.980769	-0.913746	0.0358961
180401	0.50427	0.501451	0.00046282	0.75345	0.749239	67.7135	-5.42726	-5.42226	70.2778	-4.67381	-4.67302	0.0597487	-0.924395	-0.913962	0.035832
180601	0.50597	0.501465	0.000462164	0.75599	0.749259	67.6175	-5.43003	-5.42228	70.1775	-4.67404	-4.67302	0.0597236	-0.755822	-0.913896	0.0357749
180801	0.514783	0.501514	0.000462171	0.769159	0.749332	67.6186	-5.44324	-5.42236	70.1828	-4.67408	-4.67303	0.0597622	-0.737509	-0.913502	0.0357559
181001	0.49537	0.501521	0.00046122	0.740152	0.749342	67.4794	-5.41355	-5.42237	70.0382	-4.67339	-4.67303	0.0597114	-0.903871	-0.913215	0.035721
181201	0.497339	0.501518	0.000460184	0.743094	0.749339	67.3278	-5.41637	-5.42237	69.8801	-4.67328	-4.67303	0.059572	-0.939435	-0.913356	0.0356446
181401	0.498361	0.501539	0.000459479	0.744622	0.749369	67.2247	-5.4183	-5.4224	69.7723	-4.67368	-4.67303	0.0594605	-0.805656	-0.913509	0.0355819
181601	0.513761	0.501539	0.000459405	0.767631	0.749369	67.2138	-5.44127	-5.4224	69.7552	-4.67364	-4.67303	0.0593805	-0.931943	-0.913274	0.0355592
181801	0.533824	0.501581	0.000459174	0.797608	0.749432	67.1801	-5.47116	-5.42247	69.7197	-4.67355	-4.67303	0.0592827	-1.05419	-0.91339	0.0354842
182001	0.506098	0.50162	0.000458967	0.756182	0.749491	67.1498	-5.42956	-5.42253	69.6866	-4.67338	-4.67303	0.059168	-0.7517	-0.913347	0.0354145
182201	0.519747	0.501645	0.000459181	0.776575	0.749528	67.1811	-5.4505	-5.42256	69.7145	-4.67393	-4.67304	0.0590765	-0.79371	-0.913012	0.0354006
182401	0.523664	0.501689	0.000458886	0.782427	0.749593	67.1379	-5.45684	-5.42263	69.6753	-4.67441	-4.67304	0.0591524	-0.657693	-0.912502	0.035429
182601	0.539171	0.501767	0.000460526	0.805597	0.749711	67.3779	-5.48023	-5.42275	69.9323	-4.67463	-4.67304	0.0593529	-0.828286	-0.912126	0.0354121
182801	0.511472	0.501835	0.000461519	0.764211	0.749812	67.5232	-5.4389	-5.42286	70.0943	-4.67469	-4.67305	0.0596562	-0.606203	-0.911718	0.0354017
183001	0.52105	0.501895	0.000462137	0.778522	0.749902	67.6136	-5.45303	-5.42295	70.1969	-4.67451	-4.67305	0.0598861	-0.584067	-0.911065	0.0354991
183201	0.534644	0.501947	0.000462283	0.798833	0.74998	67.635	-5.47355	-5.42303	70.2281	-4.67471	-4.67305	0.0601077	-0.743658	-0.910459	0.0355735
183401	0.522564	0.502016	0.000463231	0.780784	0.750082	67.7735	-5.45539	-5.42314	70.3837	-4.6746	-4.67306	0.0604216	-0.58586	-0.909832	0.0356543
183601	0.504596	0.502045	0.000462664	0.753938	0.750126	67.6906	-5.42723	-5.42319	70.2998	-4.67329	-4.67306	0.0604493	-0.836102	-0.909258	0.0357421
183801	0.525011	0.502074	0.000462313	0.78444	0.75017	67.6393	-5.45653	-5.42323	70.2406	-4.67209	-4.67306	0.0603566	-1.18486	-0.909549	0.0357053
184001	0.494819	0.502043	0.000462384	0.739329	0.750123	67.6497	-5.41108	-5.42318	70.2531	-4.67175	-4.67306	0.0604442	-1.12847	-0.909831	0.0356735
184201	0.472106	0.50203	0.000461936	0.705393	0.750103	67.5841	-5.37715	-5.42316	70.1851	-4.67175	-4.67305	0.0605819	-0.93087	-0.910418	0.0357676
184401	0.522115	0.50203	0.000461932	0.780113	0.750103	67.5836	-5.45216	-5.42315	70.1794	-4.67205	-4.67305	0.0606531	-1.26209	-0.910921	0.0358368
184601	0.498221	0.502011	0.000461365	0.744413	0.750076	67.5006	-5.41708	-5.42312	70.0931	-4.67267	-4.67305	0.0605971	-1.01701	-0.911314	0.0358276
184801	0.481212	0.502039	0.000461192	0.718998	0.750117	67.4753	-5.39241	-5.42317	70.0622	-4.67342	-4.67305	0.0604624	-0.752885	-0.911504	0.0357772
185001	0.50028	0.502035	0.000460319	0.747489	0.750111	67.3475	-5.42084	-5.42316	69.9281	-4.67336	-4.67305	0.0603427	-0.859252	-0.911415	0.0357022
185201	0.519686	0.502028	0.00045966	0.776484	0.7501	67.2512	-5.44988	-5.42315	69.8253	-4.67339	-4.67305	0.0602194	-0.992279	-0.9113	0.0356424
185401	0.533528	0.502054	0.000459576	0.797166	0.750139	67.2388	-5.47068	-5.42319	69.809	-4.67352	-4.67305	0.0600991	-0.940093	-0.911206	0.0355833
185601	0.545093	0.502101	0.000460113	0.814446	0.750209	67.3174	-5.48858	-5.42326	69.8898	-4.67414	-4.67305	0.0600546	-0.852909	-0.910961	0.035533
185801	0.5264	0.502184	0.00046226	0.786515	0.750334	67.6315	-5.46121	-5.42339	70.2205	-4.67469	-4.67306	0.0602143	-0.658369	-0.910628	0.0355091
186001	0.530425	0.502266	0.000464265	0.79253	0.750456	67.9249	-5.46695	-5.42352	70.533	-4.67442	-4.67306	0.0604473	-0.756922	-0.910285	0.0354904
186201	0.532048	0.50231	0.000464791	0.794955	0.750522	68.0018	-5.46914	-5.42358	70.6143	-4.67419	-4.67306	0.0605345	-0.927487	-0.910007	0.035485
186401	0.513339	0.50237	0.000465632	0.767	0.750611	68.1249	-5.44106	-5.42368	70.7443	-4.67406	-4.67307	0.0605692	-0.757507	-0.909873	0.03543
186601	0.50573	0.50243	0.000466729	0.755631	0.750701	68.2854	-5.42954	-5.42377	70.9097	-4.67391	-4.67307	0.0605541	-0.827929	-0.909848	0.0353648
186801	0.499711	0.502421	0.000465726	0.746639	0.750688	68.1386	-5.42026	-5.42376	70.7557	-4.67362	-4.67307	0.0604926	-0.833989	-0.909645	0.0353023
187001	0.511374	0.502413	0.000464917	0.764065	0.750676	68.0203	-5.43716	-5.42375	70.6306	-4.6731	-4.67307	0.0603748	-1.02512	-0.909603	0.0352361
187201	0.509495	0.502399	0.000464196	0.761258	0.750655	67.9148	-5.43371	-5.42372	70.52	-4.67245	-4.67307	0.0602554	-1.17472	-0.909749	0.0351859
187401	0.465483	0.502342	0.000464743	0.695497	0.750569	67.9948	-5.36732	-5.42364	70.6051	-4.67182	-4.67307	0.0602565	-1.07435	-0.910164	0.0351833
187601	0.528129	0.502275	0.000467677	0.789099	0.75047	68.4241	-5.46108	-5.42353	71.0455	-4.67198	-4.67306	0.0603471	-1.48945	-0.910744	0.0353168
187801	0.5041	0.502281	0.000467124	0.753196	0.750479	68.3431	-5.4253	-5.42354	70.9574	-4.67211	-4.67306	0.0603577	-1.1646	-0.911591	0.0355826
188001	0.482293	0.502238	0.000467642	0.720613	0.750414	68.4189	-5.39287	-5.42347	71.0346	-4.67226	-4.67306	0.0603386	-0.923408	-0.911727	0.0355424
188201	0.500532	0.502236	0.000466687	0.747865	0.750412	68.2792	-5.42022	-5.42347	70.8893	-4.67236	-4.67306	0.0602956	-1.05775	-0.911981	0.0354928
188401	0.494977	0.502225	0.00046581	0.739565	0.750395	68.1509	-5.41242	-5.42345	70.7558	-4.67286	-4.67306	0.0601972	-0.935466	-0.912217	0.0354463
188601	0.508953	0.502218	0.000464901	0.760447	0.750384	68.0179	-5.43355	-5.42344	70.6172	-4.6731	-4.67306	0.0600623	-0.970421	-0.912263	0.0353686
188801	0.490716	0.50218	0.000465239	0.733199	0.750328	68.0674	-5.40621	-5.42338	70.6609	-4.67301	-4.67306	0.0599273	-0.934602	-0.912118	0.0353205
189001	0.47878	0.502181	0.000464557	0.715364	0.750329	67.9676	-5.38858	-5.42339	70.555	-4.67322	-4.67306	0.0597932	-0.829578	-0.912296	0.0352706
189201	0.506752	0.502177	0.000464347	0.757159	0.750323	67.9368	-5.43052	-5.42338	70.5186	-4.67336	-4.67306	0.0596686	-0.833096	-0.912247	0.0352046
189401	0.507602	0.502155	0.000463666	0.758429	0.750291	67.8372	-5.43154	-5.42335	70.412	-4.67311	-4.67306	0.0595439	-0.952877	-0.911955	0.0351804
189601	0.482501	0.502126	0.000463447	0.720925	0.750247	67.8052	-5.39365	-5.4233	70.3758	-4.67273	-4.67306	0.0594166	-0.888274	-0.911904	0.0351095
189801	0.515029	0.502159	0.000463127	0.769526	0.750296	67.7584	-5.44208	-5.42335	70.3204	-4.67255	-4.67306	0.0593116	-0.951982	-0.912132	0.0350577
190001	0.491459	0.502145	0.000462431	0.734308	0.750275	67.6566	-5.40661	-5.42333	70.2147	-4.6723	-4.67306	0.0592358	-0.930925	-0.912025	0.0349897
190201	0.473648	0.502086	0.000463351	0.707696	0.750188	67.7911	-5.37968	-5.42324	70.3553	-4.67198	-4.67305	0.0592395	-1.03184	-0.912165	0.0349237
190401	0.486134	0.502068	0.000462732	0.726353	0.750161	67.7006	-5.39913	-5.42321	70.2619	-4.67278	-4.67305	0.0592009	-1.01069	-0.912555	0.0349209
190601	0.489205	0.502043	0.000462237	0.730941	0.750123	67.6282	-5.40445	-5.42317	70.1826	-4.67351	-4.67305	0.0590797	-0.750248	-0.912496	0.0348895
190801	0.499211	0.502052	0.000461618	0.745892	0.750136	67.5376	-5.41969	-5.42319	70.0874	-4.6738	-4.67305	0.059003	-0.650632	-0.912224	0.0348719
191001	0.50076	0.502077	0.000461273	0.748206	0.750174	67.4871	-5.42207	-5.42323	70.0354	-4.67387	-4.67306	0.0589679	-0.804555	-0.912026	0.0348371
191201	0.520233	0.502099	0.000460557	0.777301	0.750207	67.3823	-5.45089	-5.42326	69.928	-4.67359	-4.67306	0.0589047	-0.877664	-0.911869	0.0347734
191401	0.521664	0.502118	0.000460009	0.77944	0.750235	67.3022	-5.45313	-5.42329	69.8444	-4.67369	-4.67306	0.0588216	-0.868333	-0.911662	0.0347266
191601	0.546094	0.502172	0.000460969	0.815941	0.750315	67.4427	-5.49003	-5.42337	69.988	-4.67409	-4.67306	0.0587765	-0.853916	-0.911466	0.0346745
191801	0.521869	0.502225	0.000461407	0.779746	0.750395	67.5067	-5.45479	-5.42346	70.0618	-4.67504	-4.67306	0.0589922	-0.481662	-0.910824	0.0348183
192001	0.544708	0.502279	0.000462092	0.813871	0.750475	67.6069	-5.48929	-5.42354	70.1806	-4.67541	-4.67307	0.0595704	-0.581114	-0.909931	0.0351171
192201	0.529634	0.502318	0.000462045	0.791348	0.750534	67.6	-5.46642	-5.42361	70.1861	-4.67507	-4.67307	0.060157	-0.471758	-0.908875	0.0355616
192401	0.540173	0.502401	0.000464527	0.807095	0.750658	67.9632	-5.48187	-5.42373	70.5727	-4.67477	-4.67308	0.0604703	-0.708558	-0.908242	0.0356898
192601	0.546769	0.502464	0.000465457	0.816949	0.750752	68.0992	-5.49145	-5.42383	70.7236	-4.6745	-4.67308	0.0607164	-0.774752	-0.907816	0.0356975
192801	0.523394	0.502512	0.000466211	0.782025	0.750824	68.2095	-5.45599	-5.42391	70.8401	-4.67396	-4.67308	0.0607727	-0.817349	-0.907419	0.0357007
193001	0.5164	0.502575	0.000467244	0.771574	0.750918	68.3607	-5.44506	-5.424	70.9934	-4.67348	-4.67308	0.0607021	-0.887661	-0.907509	0.0356408
193201	0.505455	0.502581	0.000466318	0.755222	0.750927	68.2252	-5.42849	-5.42401	70.8526	-4.67327	-4.67308	0.060584	-0.794676	-0.907207	0.03561
193401	0.552371	0.502622	0.000466585	0.82532	0.750988	68.2643	-5.49874	-5.42407	70.888	-4.67342	-4.67308	0.0604601	-1.15877	-0.907216	0.0355626
193601	0.533926	0.502657	0.000466945	0.797761	0.75104	68.317	-5.47176	-5.42413	70.9398	-4.67399	-4.67309	0.0603892	-1.01889	-0.907364	0.035513
193801	0.538901	0.502732	0.000468901	0.805195	0.751152	68.6031	-5.47945	-5.42424	71.2359	-4.67426	-4.67309	0.0604212	-0.841964	-0.907412	0.0354696
194001	0.523641	0.502786	0.000469545	0.782393	0.751232	68.6974	-5.45667	-5.42432	71.3373	-4.67428	-4.67309	0.0604923	-0.804701	-0.907131	0.0354422
194201	0.541568	0.502823	0.000469342	0.809178	0.751288	68.6676	-5.48311	-5.42438	71.3097	-4.67394	-4.67309	0.0605126	-0.875318	-0.90683	0.0354133
194401	0.522967	0.502874	0.000470035	0.781386	0.751364	68.7691	-5.45488	-5.42446	71.4122	-4.67349	-4.67309	0.0604374	-0.837562	-0.906725	0.0353521
194601	0.502314	0.502856	0.000469453	0.750528	0.751338	68.6839	-5.42365	-5.42443	71.3209	-4.67312	-4.67309	0.0603162	-0.865309	-0.906359	0.0353518
194801	0.49886	0.50283	0.000468853	0.745367	0.751299	68.5961	-5.41833	-5.42439	71.2279	-4.67297	-4.67309	0.0601897	-0.973854	-0.906334	0.0352825
195001	0.531806	0.502844	0.000468148	0.794594	0.751319	68.493	-5.46774	-5.42441	71.1192	-4.67315	-4.67309	0.0600648	-1.08713	-0.906565	0.0352356
195201	0.54321	0.502885	0.000468284	0.811632	0.75138	68.5129	-5.48534	-5.42448	71.136	-4.6737	-4.6731	0.0599621	-0.903465	-0.906536	0.035195
195401	0.518725	0.502922	0.000468421	0.775048	0.751436	68.5328	-5.44871	-5.42453	71.1549	-4.67366	-4.6731	0.0598839	-0.726483	-0.906241	0.0351807
195601	0.548156	0.502958	0.000468303	0.819023	0.751491	68.5157	-5.49264	-5.42459	71.1363	-4.67361	-4.6731	0.0598012	-1.02094	-0.906007	0.0351446
195801	0.529793	0.503005	0.000468706	0.791586	0.75156	68.5746	-5.46547	-5.42466	71.1949	-4.67389	-4.6731	0.0597184	-0.827531	-0.905972	0.0350811
196001	0.531133	0.503052	0.000469133	0.793588	0.751631	68.6371	-5.46845	-5.42473	71.264	-4.67487	-4.6731	0.0598274	-0.631098	-0.905539	0.0351135
196201	0.549905	0.503132	0.000471623	0.821635	0.75175	69.0014	-5.4971	-5.42486	71.6563	-4.67546	-4.67311	0.0603307	-0.657833	-0.905071	0.03516
196401	0.522782	0.503189	0.000472779	0.78111	0.751836	69.1706	-5.45668	-5.42495	71.8477	-4.67557	-4.67311	0.0610026	-0.426677	-0.904205	0.0354696
196601	0.542292	0.503289	0.000476877	0.81026	0.751984	69.7701	-5.48583	-5.4251	72.4898	-4.67557	-4.67312	0.0616817	-0.349309	-0.903355	0.0357499
196801	0.525164	0.503313	0.000476699	0.784669	0.75202	69.7441	-5.46053	-5.42514	72.4712	-4.67586	-4.67312	0.0625257	-0.191643	-0.901777	0.0369013
197001	0.503763	0.503366	0.000477562	0.752693	0.7521	69.8704	-5.42797	-5.42523	72.6189	-4.67527	-4.67313	0.0632367	-0.363391	-0.900597	0.0375232
197201	0.502217	0.503386	0.000477075	0.750383	0.752129	69.799	-5.42468	-5.42526	72.5475	-4.6743	-4.67313	0.063454	-0.74021	-0.900022	0.0376557
197401	0.506867	0.50339	0.000476217	0.75733	0.752136	69.6736	-5.43128	-5.42527	72.4175	-4.67395	-4.67313	0.0634501	-0.865972	-0.899843	0.0375967
197601	0.506966	0.503426	0.000475973	0.757479	0.752189	69.6378	-5.43117	-5.42532	72.3813	-4.67369	-4.67313	0.0633922	-0.876947	-0.899986	0.0375349
197801	0.516232	0.503457	0.000475554	0.771324	0.752235	69.5766	-5.44487	-5.42537	72.3173	-4.67355	-4.67313	0.0632928	-0.905234	-0.899954	0.0374591
198001	0.510899	0.503475	0.000475035	0.763355	0.752263	69.5005	-5.43653	-5.4254	72.2364	-4.67317	-4.67313	0.0631734	-0.898772	-0.89998	0.0373893
198201	0.532817	0.503468	0.000474715	0.796104	0.752252	69.4537	-5.46904	-5.42539	72.1839	-4.67293	-4.67313	0.0630484	-1.01524	-0.899894	0.0373349
198401	0.528691	0.503503	0.000474789	0.789939	0.752304	69.4646	-5.46328	-5.42544	72.1894	-4.67334	-4.67313	0.0629223	-0.834132	-0.899855	0.0372705
198601	0.525417	0.503513	0.000473997	0.785048	0.75232	69.3487	-5.45873	-5.42545	72.0687	-4.67369	-4.67314	0.0628165	-0.693948	-0.899327	0.03734
198801	0.501181	0.503525	0.000473557	0.748836	0.752337	69.2844	-5.42265	-5.42547	72.0004	-4.67382	-4.67314	0.062743	-0.655352	-0.898845	0.0373876
199001	0.495443	0.503517	0.000472775	0.740262	0.752326	69.1699	-5.41371	-5.42546	71.88	-4.67345	-4.67314	0.0626546	-0.7834	-0.898425	0.0374022
199201	0.472869	0.50349	0.000472653	0.706532	0.752285	69.1521	-5.37962	-5.42542	71.8561	-4.67309	-4.67314	0.0625313	-0.829415	-0.898367	0.0373498
199401	0.49423	0.503451	0.000472599	0.738449	0.752226	69.1441	-5.41148	-5.42536	71.8436	-4.67303	-4.67314	0.062408	-0.970347	-0.898373	0.0372783
199601	0.496004	0.503434	0.000472018	0.7411	0.752201	69.0592	-5.41451	-5.42534	71.7527	-4.67341	-4.67314	0.0622849	-0.959251	-0.898545	0.037227
199801	0.498068	0.503421	0.000471462	0.744184	0.752182	68.9779	-5.41774	-5.42532	71.6647	-4.67355	-4.67314	0.0621835	-0.830439	-0.89856	0.0371733
