timestep            	T              	T_{ave}             	T_{var}           	K/N            	K_{ave}/N           	K_{var}           	U/N            	U_{ave}/N           	U_{var}           	E/N            	E_{ave}/N           	E_{var}           	P              	P_{ave}             	P_{var}
100001	0.387433	0.387433	0	0.57888	0.57888	0	-5.85747	-5.85747	0	-5.27859	-5.27859	0	-0.851722	-0.851722	0
100201	0.403064	0.3903	4.13152e-05	0.602234	0.583164	6.04467	-5.8812	-5.86196	6.05285	-5.27897	-5.2788	0.000821107	-0.912238	-0.817439	0.00231991
100401	0.408797	0.400133	0.000144074	0.610801	0.597856	21.0789	-5.89028	-5.87686	21.4395	-5.27948	-5.279	0.00380106	-0.807676	-0.86706	0.00647127
100601	0.396463	0.396779	0.000169673	0.592371	0.592844	24.8242	-5.87208	-5.87206	24.7573	-5.27971	-5.27921	0.00853357	-0.705925	-0.802932	0.0142178
100801	0.378749	0.393772	0.000166613	0.565905	0.588351	24.3765	-5.84598	-5.86773	24.0441	-5.28008	-5.27938	0.0120381	-0.592422	-0.758906	0.0169323
101001	0.413567	0.390471	0.000208903	0.617927	0.583418	30.5638	-5.89762	-5.8629	29.9908	-5.27969	-5.27948	0.0126689	-0.863248	-0.72673	0.0196117
101201	0.370844	0.392382	0.000243724	0.554094	0.586274	35.6584	-5.83398	-5.8658	35.2292	-5.27989	-5.27953	0.011368	-0.667568	-0.741763	0.0187762
101401	0.406839	0.391921	0.000236674	0.607874	0.585586	34.627	-5.88725	-5.86514	34.2611	-5.27938	-5.27955	0.010158	-0.819372	-0.744517	0.017075
101601	0.380694	0.39012	0.000284087	0.568811	0.582895	41.5637	-5.84802	-5.86241	41.3567	-5.27921	-5.27951	0.00960871	-0.745441	-0.739018	0.0165367
101801	0.387795	0.389703	0.00025962	0.579421	0.582271	37.9841	-5.85845	-5.86175	37.8166	-5.27903	-5.27947	0.00925777	-0.801413	-0.740407	0.0149782
102001	0.360578	0.38759	0.000277814	0.538754	0.579113	40.646	-5.81728	-5.85852	40.7838	-5.27853	-5.2794	0.011548	-0.76706	-0.743872	0.0136072
102201	0.392189	0.387562	0.000265742	0.585985	0.579071	38.8797	-5.86463	-5.85839	39.0155	-5.27865	-5.27932	0.0147192	-0.934446	-0.759856	0.0153611
102401	0.383104	0.386193	0.000280525	0.572411	0.577026	41.0426	-5.85137	-5.85631	41.2667	-5.27896	-5.27928	0.01457	-0.796038	-0.759894	0.0148189
102601	0.357391	0.385905	0.000273415	0.533993	0.576597	40.0024	-5.81263	-5.85585	40.2427	-5.27864	-5.27925	0.0144597	-0.775627	-0.766605	0.0145479
102801	0.373286	0.384861	0.000272142	0.557742	0.575037	39.8161	-5.83632	-5.85423	40.18	-5.27858	-5.2792	0.0157551	-0.888009	-0.77433	0.0144054
103001	0.387723	0.3844	0.000263479	0.579312	0.574347	38.5487	-5.85859	-5.85353	38.9318	-5.27928	-5.27918	0.0151574	-0.790717	-0.776947	0.013597
103201	0.394955	0.384766	0.000253329	0.590119	0.574895	37.0637	-5.86988	-5.8541	37.4569	-5.27976	-5.2792	0.0148565	-0.826009	-0.778929	0.0129083
103401	0.386812	0.384571	0.000243812	0.577951	0.574603	35.6712	-5.85752	-5.85384	36.0203	-5.27957	-5.27924	0.0150869	-0.718596	-0.774056	0.0127648
103601	0.359168	0.384604	0.000240148	0.536647	0.574652	35.1352	-5.81571	-5.85389	35.4601	-5.27906	-5.27924	0.0143647	-0.717112	-0.774205	0.012506
103801	0.389345	0.38416	0.000241977	0.581737	0.573988	35.4027	-5.86046	-5.85321	35.7245	-5.27872	-5.27922	0.0139962	-0.916831	-0.777444	0.0123818
104001	0.374195	0.384534	0.000239313	0.5591	0.574548	35.013	-5.83771	-5.85374	35.2728	-5.27861	-5.27919	0.0145755	-0.88355	-0.786696	0.0135825
104201	0.403484	0.384828	0.000234054	0.602861	0.574987	34.2436	-5.88233	-5.85417	34.4984	-5.27947	-5.27918	0.0142522	-0.918706	-0.793241	0.0138445
104401	0.391101	0.385334	0.000231033	0.58436	0.575743	33.8016	-5.86448	-5.85495	34.0989	-5.28012	-5.27921	0.0149309	-0.715076	-0.79379	0.0135029
104601	0.407198	0.385679	0.000225819	0.608411	0.576258	33.0387	-5.88866	-5.85551	33.3928	-5.28025	-5.27925	0.0171127	-0.754792	-0.789743	0.0133062
104801	0.376001	0.386146	0.00022708	0.561798	0.576957	33.2232	-5.84163	-5.85625	33.6454	-5.27984	-5.27929	0.0182235	-0.584163	-0.785395	0.0133652
105001	0.381491	0.3863	0.000221728	0.570002	0.577187	32.4402	-5.84955	-5.85649	32.8561	-5.27955	-5.2793	0.0178746	-0.768157	-0.784795	0.0130795
105201	0.375174	0.386501	0.000225911	0.560562	0.577487	33.0522	-5.8405	-5.85681	33.4746	-5.27993	-5.27932	0.0176012	-0.738617	-0.786365	0.0129983
105401	0.382677	0.386254	0.000226194	0.571774	0.577118	33.0936	-5.85111	-5.85645	33.4701	-5.27934	-5.27933	0.0174376	-0.794312	-0.784173	0.0129128
105601	0.37336	0.386603	0.000225709	0.557853	0.57764	33.0227	-5.83667	-5.85696	33.3677	-5.27882	-5.27932	0.0170267	-0.936684	-0.790882	0.0139916
105801	0.405009	0.386453	0.000222624	0.60514	0.577416	32.5713	-5.88414	-5.85673	32.9218	-5.279	-5.27931	0.0168735	-0.968018	-0.795983	0.0142566
106001	0.415747	0.386967	0.00022583	0.621184	0.578183	33.0403	-5.90057	-5.85749	33.3737	-5.27938	-5.27931	0.0163729	-0.830625	-0.796697	0.013901
106201	0.388408	0.387312	0.000225336	0.580336	0.578698	32.968	-5.85971	-5.85801	33.2955	-5.27937	-5.27931	0.0158563	-0.78999	-0.796635	0.0135034
106401	0.378963	0.387289	0.000226962	0.566223	0.578664	33.2059	-5.84546	-5.85797	33.5247	-5.27924	-5.27931	0.0153647	-0.837387	-0.798069	0.0133588
106601	0.400585	0.387453	0.000223976	0.59853	0.578909	32.7692	-5.87779	-5.85821	33.076	-5.27926	-5.27931	0.0149112	-0.896917	-0.800991	0.0133476
106801	0.397815	0.387682	0.000219539	0.594392	0.579251	32.12	-5.874	-5.85856	32.4213	-5.27961	-5.27931	0.0145074	-0.723734	-0.801276	0.0130463
107001	0.402835	0.387758	0.000216911	0.601893	0.579365	31.7354	-5.88219	-5.85869	32.0449	-5.28029	-5.27933	0.0148936	-0.555077	-0.795249	0.0139916
107201	0.405639	0.388045	0.000216721	0.606081	0.579794	31.7076	-5.88655	-5.85915	32.0741	-5.28047	-5.27936	0.0167576	-0.619371	-0.787442	0.0158897
107401	0.397119	0.388498	0.000220265	0.593352	0.580471	32.2261	-5.87353	-5.85985	32.6692	-5.28018	-5.27938	0.0178545	-0.556932	-0.783131	0.0162108
107601	0.399272	0.388878	0.000224696	0.596569	0.581038	32.8744	-5.87656	-5.86044	33.358	-5.27999	-5.2794	0.018265	-0.743232	-0.780307	0.0164239
107801	0.391342	0.389046	0.000225258	0.58472	0.581289	32.9567	-5.86467	-5.8607	33.445	-5.27995	-5.27942	0.0182094	-0.691739	-0.778795	0.0162509
108001	0.375488	0.388869	0.000224622	0.561031	0.581025	32.8636	-5.84115	-5.86046	33.3131	-5.28012	-5.27943	0.0185438	-0.618555	-0.775217	0.0164714
108201	0.390862	0.388989	0.000233332	0.584003	0.581205	34.138	-5.86364	-5.86065	34.5976	-5.27964	-5.27945	0.0185565	-0.828282	-0.775056	0.0163877
108401	0.395855	0.389217	0.000230433	0.591463	0.581545	33.7138	-5.86981	-5.86098	34.142	-5.27835	-5.27943	0.0186685	-1.08402	-0.780252	0.0172127
108601	0.394178	0.388943	0.00022958	0.588957	0.581135	33.5889	-5.86691	-5.86054	34.0838	-5.27796	-5.2794	0.0210457	-1.22611	-0.786729	0.0186295
108801	0.368537	0.388708	0.000228333	0.550647	0.580785	33.4066	-5.82893	-5.86016	33.9481	-5.27828	-5.27937	0.0230547	-0.950711	-0.794064	0.0206819
109001	0.375642	0.388364	0.000230134	0.561261	0.580271	33.67	-5.83996	-5.85962	34.2624	-5.2787	-5.27935	0.0236656	-0.798472	-0.795474	0.0203406
109201	0.376473	0.387951	0.000236091	0.562503	0.579654	34.5416	-5.84189	-5.859	35.1571	-5.27939	-5.27935	0.0234163	-0.777716	-0.794262	0.0200383
109401	0.423362	0.388351	0.000244832	0.632562	0.580251	35.8205	-5.913	-5.85961	36.4914	-5.28043	-5.27936	0.0235661	-0.792157	-0.795571	0.019717
109601	0.403783	0.388533	0.000243489	0.603309	0.580524	35.6239	-5.88418	-5.85991	36.3268	-5.28087	-5.27939	0.0255058	-0.592162	-0.790413	0.0207155
109801	0.381649	0.388981	0.000252444	0.570238	0.581193	36.9341	-5.85161	-5.86061	37.7702	-5.28137	-5.27942	0.0290312	-0.524337	-0.78751	0.0207854
110001	0.415108	0.38924	0.00025509	0.62023	0.58158	37.3212	-5.90147	-5.86104	38.2374	-5.28124	-5.27946	0.0331886	-0.597856	-0.783826	0.0210776
110201	0.393222	0.389479	0.000253511	0.587528	0.581937	37.0903	-5.86855	-5.86143	38.0699	-5.28102	-5.27949	0.0360664	-0.454119	-0.778219	0.0222624
110401	0.402581	0.390163	0.000278732	0.601512	0.582959	40.7803	-5.88285	-5.86248	41.9618	-5.28133	-5.27952	0.0387103	-0.493468	-0.775632	0.0223861
110601	0.399354	0.390646	0.000288133	0.596691	0.58368	42.1556	-5.87796	-5.86324	43.494	-5.28127	-5.27956	0.0422188	-0.435905	-0.770637	0.0233172
110801	0.421538	0.390779	0.000286611	0.629837	0.583878	41.933	-5.91038	-5.86346	43.2744	-5.28055	-5.27958	0.043556	-0.819313	-0.766674	0.0241144
111001	0.378305	0.390736	0.000286019	0.565241	0.583815	41.8463	-5.84526	-5.86341	43.1595	-5.28002	-5.2796	0.0433407	-0.72014	-0.765689	0.0238583
111201	0.392819	0.390808	0.000283105	0.586926	0.583922	41.42	-5.8666	-5.86352	42.7151	-5.27967	-5.2796	0.0426356	-0.861664	-0.767028	0.0235732
111401	0.393723	0.390809	0.000278867	0.588277	0.583924	40.8	-5.86878	-5.86353	42.0702	-5.2805	-5.27961	0.0421423	-0.662467	-0.767373	0.0232955
111601	0.413532	0.391166	0.000283967	0.617875	0.584457	41.5461	-5.89885	-5.86409	42.8817	-5.28098	-5.27963	0.0432652	-0.621898	-0.765445	0.0232362
111801	0.416355	0.391344	0.000285611	0.622093	0.584722	41.7867	-5.90289	-5.86437	43.1457	-5.28079	-5.27965	0.0442437	-0.620398	-0.761954	0.0236673
112001	0.402775	0.391547	0.00028732	0.601803	0.585027	42.0367	-5.88235	-5.8647	43.418	-5.28055	-5.27967	0.0446924	-0.673513	-0.759215	0.0237584
112201	0.394115	0.39169	0.000284277	0.588863	0.58524	41.5915	-5.86892	-5.86492	42.9676	-5.28006	-5.27968	0.0444071	-0.709674	-0.758337	0.0234288
112401	0.383884	0.391725	0.000280602	0.573577	0.585293	41.0538	-5.85339	-5.86497	42.4105	-5.27982	-5.27968	0.0437457	-0.704563	-0.758483	0.0230796
112601	0.397847	0.391564	0.000279031	0.59444	0.585051	40.824	-5.87449	-5.86474	42.1532	-5.28005	-5.27969	0.0431169	-0.694428	-0.756972	0.0228708
112801	0.419065	0.391867	0.000281883	0.626141	0.585505	41.2412	-5.90666	-5.8652	42.5868	-5.28052	-5.2797	0.0428107	-0.71501	-0.756411	0.0225585
113001	0.396453	0.391809	0.000279671	0.592356	0.585418	40.9176	-5.87286	-5.86513	42.2335	-5.28051	-5.27971	0.0428626	-0.611204	-0.7531	0.0229819
113201	0.426264	0.391886	0.000277806	0.636899	0.585533	40.6448	-5.91711	-5.86525	41.949	-5.28021	-5.27972	0.0426426	-0.779178	-0.750898	0.0230198
113401	0.377837	0.3921	0.000281122	0.564542	0.585853	41.1298	-5.8444	-5.86558	42.4328	-5.27985	-5.27972	0.0421146	-0.664272	-0.750902	0.0227008
113601	0.411655	0.39209	0.000283505	0.61507	0.585838	41.4786	-5.89464	-5.86556	42.7578	-5.27957	-5.27972	0.0415059	-0.884209	-0.750984	0.0226044
113801	0.36713	0.392135	0.000281428	0.548544	0.585905	41.1747	-5.82828	-5.86563	42.4339	-5.27974	-5.27972	0.0409104	-0.622877	-0.751575	0.0223624
114001	0.412322	0.392005	0.00028051	0.616067	0.58571	41.0404	-5.89561	-5.86543	42.2816	-5.27954	-5.27972	0.0403326	-0.940096	-0.751096	0.0221695
114201	0.403029	0.391995	0.000281263	0.602181	0.585696	41.1505	-5.88145	-5.86541	42.3761	-5.27927	-5.27972	0.0398713	-0.888672	-0.752467	0.0220935
114401	0.387436	0.391907	0.000280269	0.578884	0.585564	41.0051	-5.85807	-5.86527	42.2218	-5.27919	-5.27971	0.03951	-0.81648	-0.752958	0.021877
114601	0.391289	0.391891	0.000277887	0.584642	0.58554	40.6566	-5.86305	-5.86524	41.8598	-5.27841	-5.2797	0.0397488	-1.03922	-0.75518	0.0220107
114801	0.36003	0.391669	0.000278876	0.537935	0.585208	40.8013	-5.81579	-5.86488	42.0583	-5.27785	-5.27968	0.0413418	-1.06266	-0.759224	0.0229498
115001	0.383336	0.391381	0.000282133	0.572758	0.584778	41.2779	-5.85054	-5.86443	42.6285	-5.27778	-5.27965	0.0440199	-1.12022	-0.763573	0.0240507
115201	0.397758	0.391308	0.000280309	0.594306	0.58467	41.0109	-5.87284	-5.8643	42.3698	-5.27853	-5.27963	0.0455344	-0.946655	-0.766677	0.0245401
115401	0.413451	0.391438	0.00027892	0.617754	0.584864	40.8078	-5.89728	-5.86449	42.1395	-5.27953	-5.27962	0.0453135	-0.977668	-0.768918	0.0246287
115601	0.416065	0.391598	0.000279832	0.62166	0.585103	40.9412	-5.90296	-5.86473	42.2937	-5.2813	-5.27963	0.0454965	-0.505747	-0.768153	0.0245112
115801	0.407026	0.392028	0.00029151	0.608154	0.585745	42.6497	-5.89003	-5.8654	44.1666	-5.28188	-5.27966	0.0486106	-0.300031	-0.763721	0.0257543
116001	0.435728	0.39246	0.000303759	0.651039	0.586391	44.4418	-5.932	-5.86607	46.0935	-5.28096	-5.27968	0.050798	-0.840862	-0.761789	0.0260375
116201	0.404341	0.392752	0.000307818	0.604142	0.586826	45.0356	-5.88428	-5.86652	46.7179	-5.28014	-5.27969	0.0507352	-0.587241	-0.761208	0.0258334
116401	0.377829	0.392839	0.000307381	0.564529	0.586957	44.9717	-5.84444	-5.86665	46.6386	-5.27992	-5.2797	0.0501996	-0.664436	-0.760331	0.0257546
116601	0.44953	0.393175	0.000320971	0.671661	0.587459	46.96	-5.95189	-5.86716	48.6315	-5.28023	-5.2797	0.0496694	-0.945093	-0.761576	0.0257164
116801	0.408717	0.39337	0.000324029	0.61068	0.58775	47.4075	-5.89095	-5.86746	49.0838	-5.28027	-5.27971	0.0494556	-0.735429	-0.760604	0.0256337
117001	0.393171	0.393536	0.000324058	0.587453	0.587998	47.4117	-5.86763	-5.86771	49.0818	-5.28018	-5.27971	0.0490117	-0.790357	-0.761361	0.0254115
117201	0.391186	0.39352	0.000320704	0.584487	0.587974	46.9211	-5.86436	-5.86769	48.57	-5.27987	-5.27972	0.0486391	-0.767199	-0.761561	0.0251286
117401	0.414475	0.393429	0.00032057	0.619284	0.587839	46.9014	-5.89797	-5.86755	48.5388	-5.27869	-5.27971	0.0483548	-1.03766	-0.761727	0.0249939
117601	0.391714	0.393379	0.000320208	0.585276	0.587763	46.8484	-5.86364	-5.86746	48.4821	-5.27836	-5.2797	0.0489708	-1.116	-0.76454	0.0255068
117801	0.381062	0.393271	0.000317873	0.56936	0.587601	46.5068	-5.84786	-5.86728	48.1507	-5.2785	-5.27968	0.0496851	-1.07287	-0.768431	0.0265612
118001	0.380272	0.393038	0.000319665	0.56818	0.587254	46.769	-5.84713	-5.86693	48.438	-5.27895	-5.27967	0.0497988	-0.909701	-0.770247	0.026599
118201	0.402741	0.393026	0.000316769	0.601752	0.587236	46.3453	-5.88109	-5.8669	47.9982	-5.27934	-5.27967	0.0494503	-0.905186	-0.771536	0.0264824
118401	0.367131	0.393002	0.000314638	0.548545	0.587201	46.0334	-5.82805	-5.86687	47.6684	-5.27951	-5.27966	0.0489546	-0.625792	-0.771891	0.0262963
118601	0.404186	0.392958	0.000312443	0.60391	0.587135	45.7124	-5.88313	-5.8668	47.3308	-5.27922	-5.27966	0.0484919	-1.00558	-0.772776	0.026215
118801	0.417707	0.392946	0.000310069	0.624112	0.587117	45.365	-5.90337	-5.86677	46.9677	-5.27926	-5.27966	0.0481247	-0.938556	-0.773831	0.0260851
119001	0.398231	0.393084	0.000309892	0.595014	0.587323	45.3391	-5.87484	-5.86698	46.924	-5.27983	-5.27966	0.0476467	-0.657598	-0.774265	0.0258729
119201	0.412689	0.393171	0.000307509	0.616615	0.587452	44.9905	-5.89669	-5.86711	46.5646	-5.28007	-5.27966	0.0472313	-0.605591	-0.77204	0.0260909
119401	0.413059	0.393284	0.000306561	0.617168	0.587622	44.8519	-5.89658	-5.86728	46.4158	-5.27941	-5.27966	0.0467867	-0.812866	-0.770714	0.026012
119601	0.396156	0.393409	0.000309837	0.591913	0.587808	45.331	-5.87054	-5.86746	46.872	-5.27863	-5.27965	0.0466401	-0.877095	-0.771648	0.0259013
119801	0.370184	0.393381	0.000308264	0.553107	0.587766	45.1009	-5.83158	-5.86741	46.6335	-5.27847	-5.27964	0.0470801	-0.907845	-0.773465	0.0260192
120001	0.390008	0.393258	0.000308262	0.582727	0.587583	45.1007	-5.86145	-5.86721	46.6455	-5.27872	-5.27963	0.0473383	-0.910432	-0.774884	0.0259718
120201	0.373356	0.393264	0.000305808	0.557846	0.587591	44.7416	-5.837	-5.86722	46.2708	-5.27916	-5.27962	0.0471663	-0.595761	-0.775373	0.0258051
120401	0.418928	0.393318	0.00030555	0.625937	0.587672	44.7039	-5.90471	-5.86729	46.2095	-5.27877	-5.27962	0.0469136	-0.989906	-0.775007	0.0257465
120601	0.374796	0.393123	0.00030867	0.559998	0.587381	45.1603	-5.83813	-5.86699	46.7039	-5.27813	-5.27961	0.0475117	-1.04906	-0.776506	0.025791
120801	0.40974	0.393114	0.000307113	0.612209	0.587368	44.9325	-5.89105	-5.86696	46.4673	-5.27884	-5.2796	0.0480014	-0.978257	-0.778924	0.026194
121001	0.377023	0.393092	0.000305353	0.563325	0.587335	44.6751	-5.84289	-5.86693	46.1924	-5.27956	-5.27959	0.0476394	-0.600129	-0.778955	0.0260712
121201	0.413361	0.393096	0.000303158	0.617619	0.58734	44.354	-5.89723	-5.86693	45.8572	-5.27961	-5.27959	0.0471909	-0.804122	-0.778026	0.0259486
121401	0.403939	0.393278	0.000304446	0.603542	0.587613	44.5424	-5.88305	-5.8672	46.0306	-5.27951	-5.27959	0.046751	-0.733557	-0.777826	0.0257397
121601	0.381869	0.393281	0.00030221	0.570566	0.587618	44.2153	-5.84926	-5.86721	45.6924	-5.2787	-5.27959	0.0464526	-0.81099	-0.778053	0.0255137
121801	0.363832	0.393094	0.00030351	0.543617	0.587338	44.4054	-5.82142	-5.86691	45.9199	-5.2778	-5.27958	0.0472146	-0.962992	-0.779059	0.0254693
122001	0.40543	0.392912	0.000305896	0.60577	0.587066	44.7545	-5.88346	-5.86662	46.3232	-5.27769	-5.27956	0.0488722	-1.17236	-0.78127	0.0258019
122201	0.401985	0.392909	0.000305178	0.600622	0.587062	44.6494	-5.87873	-5.86661	46.2055	-5.27811	-5.27954	0.0500823	-1.12352	-0.784187	0.026554
122401	0.396311	0.392919	0.000303144	0.592144	0.587077	44.3518	-5.87078	-5.86661	45.8914	-5.27863	-5.27953	0.050472	-0.973567	-0.78627	0.0268361
122601	0.402263	0.392961	0.000300752	0.601037	0.587139	44.0018	-5.88001	-5.86667	45.5221	-5.27897	-5.27953	0.0503487	-0.930685	-0.787964	0.0269233
122801	0.382295	0.392974	0.000300006	0.571202	0.587158	43.8927	-5.85058	-5.86668	45.3966	-5.27938	-5.27952	0.0499601	-0.741384	-0.788126	0.0267637
123001	0.38159	0.39299	0.000299187	0.570149	0.587182	43.7729	-5.84929	-5.8667	45.2642	-5.27914	-5.27952	0.0495611	-0.755235	-0.788258	0.0265808
123201	0.398548	0.393021	0.000297951	0.595486	0.587229	43.5921	-5.87433	-5.86675	45.0681	-5.27885	-5.27952	0.0493126	-0.930311	-0.789254	0.0264869
123401	0.374516	0.39288	0.000298733	0.55958	0.587018	43.7066	-5.83838	-5.86653	45.1896	-5.2788	-5.27951	0.0491652	-0.719043	-0.789055	0.0263053
123601	0.369485	0.392836	0.000298619	0.552063	0.586953	43.6899	-5.83093	-5.86646	45.1667	-5.27887	-5.27951	0.0489863	-0.712187	-0.789241	0.0261561
123801	0.384309	0.392761	0.00029755	0.574212	0.58684	43.5334	-5.85283	-5.86634	45.0096	-5.27862	-5.2795	0.0488793	-0.805518	-0.78913	0.0259593
124001	0.400382	0.39281	0.000297077	0.598227	0.586913	43.4643	-5.87661	-5.8664	44.9179	-5.27838	-5.27949	0.049024	-1.08554	-0.790816	0.0262047
124201	0.355204	0.392627	0.000300913	0.530725	0.58664	44.0254	-5.80918	-5.86612	45.507	-5.27846	-5.27948	0.0492959	-0.902355	-0.792407	0.0263253
124401	0.393231	0.39259	0.00029995	0.587542	0.586584	43.8846	-5.86644	-5.86606	45.3623	-5.2789	-5.27947	0.0492616	-0.938217	-0.794025	0.0264377
124601	0.392747	0.392558	0.000297776	0.586819	0.586537	43.5665	-5.86579	-5.86601	45.0351	-5.27897	-5.27947	0.0489747	-0.852192	-0.794595	0.0262656
124801	0.406848	0.39254	0.000295995	0.607887	0.58651	43.3059	-5.88635	-5.86597	44.764	-5.27847	-5.27947	0.0488621	-1.14749	-0.795642	0.0262799
125001	0.365101	0.392408	0.000296777	0.545512	0.586313	43.4203	-5.82367	-5.86577	44.8985	-5.27816	-5.27946	0.0491905	-0.961762	-0.797388	0.0264701
125201	0.401962	0.392339	0.000296083	0.600588	0.58621	43.3188	-5.87881	-5.86565	44.8042	-5.27823	-5.27945	0.0496955	-1.12861	-0.799163	0.0266806
125401	0.379027	0.392316	0.000294188	0.56632	0.586175	43.0416	-5.84526	-5.86561	44.5181	-5.27894	-5.27944	0.0497266	-1.03997	-0.801442	0.0271327
125601	0.401807	0.392403	0.000293885	0.600356	0.586305	42.9973	-5.88002	-5.86574	44.4598	-5.27967	-5.27944	0.0493718	-0.912008	-0.803593	0.0275869
125801	0.36842	0.392491	0.000296172	0.550471	0.586436	43.3318	-5.83114	-5.86588	44.7891	-5.28067	-5.27944	0.0493284	-0.400493	-0.803015	0.0277177
126001	0.406501	0.39259	0.000296862	0.60737	0.586585	43.4328	-5.88879	-5.86604	44.9161	-5.28142	-5.27946	0.0502991	-0.518783	-0.801034	0.0280389
126201	0.398782	0.392693	0.000296547	0.595837	0.586739	43.3867	-5.87738	-5.86621	44.9045	-5.28154	-5.27947	0.0522205	-0.45076	-0.798422	0.0287191
126401	0.416287	0.392835	0.000298083	0.621991	0.586951	43.6114	-5.90233	-5.86643	45.1553	-5.28034	-5.27948	0.0530537	-0.778386	-0.797245	0.0288056
126601	0.396758	0.392889	0.00029659	0.592813	0.587032	43.393	-5.87242	-5.86652	44.9307	-5.27961	-5.27949	0.0527493	-0.876792	-0.797276	0.0286047
126801	0.363688	0.392876	0.000296208	0.5434	0.587012	43.3371	-5.82285	-5.8665	44.8639	-5.27945	-5.27949	0.0523587	-0.709701	-0.797811	0.0284904
127001	0.404915	0.392785	0.000296421	0.605001	0.586876	43.3683	-5.88383	-5.86636	44.8877	-5.27883	-5.27948	0.0520348	-1.0262	-0.798355	0.0283786
127201	0.384599	0.392735	0.000295353	0.574644	0.586801	43.212	-5.85311	-5.86628	44.7296	-5.27846	-5.27948	0.0520678	-0.993309	-0.799364	0.0283533
127401	0.364988	0.392581	0.000296632	0.545343	0.58657	43.3992	-5.82422	-5.86604	44.9315	-5.27887	-5.27947	0.0520326	-0.822701	-0.800157	0.0282377
127601	0.420084	0.392609	0.000297404	0.627665	0.586613	43.5121	-5.90733	-5.86608	45.0384	-5.27967	-5.27947	0.0516992	-0.844852	-0.800549	0.0280666
127801	0.389749	0.392514	0.00029736	0.58234	0.586471	43.5056	-5.86194	-5.86594	45.0172	-5.2796	-5.27947	0.0513467	-0.772482	-0.799527	0.0280383
128001	0.374247	0.392438	0.000296454	0.559177	0.586357	43.373	-5.8385	-5.86583	44.8745	-5.27932	-5.27947	0.0509837	-0.747377	-0.79928	0.0278547
128201	0.375395	0.392308	0.00029733	0.560893	0.586164	43.5013	-5.84014	-5.86563	44.9978	-5.27925	-5.27947	0.0506441	-0.768852	-0.798926	0.0276903
128401	0.380907	0.392237	0.000296439	0.569129	0.586057	43.3709	-5.84875	-5.86553	44.8585	-5.27963	-5.27947	0.0502959	-0.730188	-0.798739	0.0275039
128601	0.383888	0.392251	0.000295365	0.573583	0.586077	43.2138	-5.8531	-5.86555	44.691	-5.27952	-5.27947	0.0499524	-0.766712	-0.798955	0.0273545
128801	0.407778	0.392231	0.000294082	0.609277	0.586049	43.026	-5.88875	-5.86552	44.4925	-5.27947	-5.27947	0.0496087	-0.879952	-0.798769	0.0271912
129001	0.378945	0.392234	0.00029423	0.566197	0.586052	43.0477	-5.84511	-5.86552	44.5027	-5.27891	-5.27947	0.0493153	-0.848319	-0.799207	0.0271173
129201	0.39642	0.392198	0.000292724	0.592308	0.585999	42.8274	-5.87087	-5.86546	44.2775	-5.27856	-5.27946	0.0492397	-1.06667	-0.800328	0.0271494
129401	0.360102	0.392154	0.000292695	0.538043	0.585934	42.8231	-5.81666	-5.86539	44.2711	-5.27862	-5.27946	0.0492963	-0.799784	-0.801607	0.0272729
129601	0.384405	0.392021	0.000293619	0.574355	0.585734	42.9582	-5.85341	-5.86519	44.4131	-5.27906	-5.27945	0.0491373	-0.932955	-0.8021	0.0271324
129801	0.394136	0.391969	0.000292374	0.588895	0.585657	42.7761	-5.86826	-5.86511	44.2238	-5.27937	-5.27945	0.0488279	-0.84335	-0.802311	0.0269657
130001	0.394463	0.391969	0.000290526	0.589383	0.585657	42.5058	-5.86851	-5.86511	43.9442	-5.27913	-5.27945	0.0485178	-0.931476	-0.802754	0.0268187
130201	0.386144	0.392014	0.00028905	0.576953	0.585723	42.2898	-5.85602	-5.86517	43.7151	-5.27907	-5.27945	0.0482723	-0.928502	-0.80373	0.0267861
130401	0.374941	0.391935	0.000288157	0.560215	0.585605	42.1591	-5.83965	-5.86505	43.5775	-5.27943	-5.27945	0.0479725	-0.766011	-0.804122	0.026648
130601	0.38792	0.391865	0.00028735	0.579607	0.585502	42.0411	-5.85855	-5.86495	43.4527	-5.27895	-5.27945	0.0476821	-0.917635	-0.804269	0.0264893
130801	0.379352	0.391865	0.000285918	0.566805	0.585502	41.8317	-5.84526	-5.86494	43.2355	-5.27845	-5.27944	0.047692	-1.11427	-0.806096	0.026846
131001	0.388583	0.391801	0.000285038	0.580597	0.585406	41.7029	-5.85915	-5.86484	43.1103	-5.27856	-5.27943	0.047783	-1.06287	-0.807944	0.027209
131201	0.364183	0.391737	0.000285497	0.544141	0.58531	41.77	-5.82319	-5.86474	43.1744	-5.27905	-5.27943	0.0476497	-0.812943	-0.80894	0.0272576
131401	0.376265	0.391725	0.000284414	0.562192	0.585292	41.6116	-5.84122	-5.86472	43.0079	-5.27903	-5.27943	0.0473918	-0.879135	-0.809457	0.0271454
131601	0.371741	0.391639	0.000285314	0.555434	0.585163	41.7432	-5.83424	-5.86459	43.1393	-5.2788	-5.27942	0.0471912	-0.921852	-0.810235	0.0271125
131801	0.379914	0.391527	0.000285637	0.567646	0.584996	41.7905	-5.84594	-5.86442	43.1984	-5.27829	-5.27942	0.0472431	-1.06249	-0.811458	0.027183
132001	0.397622	0.391491	0.000285837	0.594103	0.584943	41.8198	-5.87253	-5.86436	43.2279	-5.27843	-5.27941	0.0474427	-1.11995	-0.813191	0.0275286
132201	0.402406	0.391555	0.000285476	0.601251	0.585039	41.7669	-5.88011	-5.86445	43.1579	-5.27886	-5.27941	0.0474031	-1.03756	-0.814881	0.0278264
132401	0.397209	0.391606	0.000284611	0.593487	0.585114	41.6404	-5.8728	-5.86452	43.0205	-5.27931	-5.27941	0.0471542	-0.985615	-0.815987	0.0278691
132601	0.392297	0.39158	0.000283281	0.586148	0.585076	41.4457	-5.86612	-5.86448	42.8173	-5.27997	-5.27941	0.0469159	-0.853193	-0.816387	0.0277276
132801	0.392119	0.391585	0.000281878	0.585881	0.585083	41.2405	-5.86587	-5.86449	42.6044	-5.27999	-5.27941	0.0467608	-0.790829	-0.816241	0.0275818
133001	0.406044	0.391718	0.000284446	0.606686	0.585281	41.6163	-5.88695	-5.8647	42.9901	-5.28027	-5.27941	0.0466679	-0.772287	-0.816662	0.0274925
133201	0.377161	0.391753	0.000283675	0.563531	0.585335	41.5034	-5.84386	-5.86476	42.8759	-5.28032	-5.27942	0.046763	-0.657686	-0.815951	0.0274267
133401	0.370071	0.39175	0.000282618	0.552939	0.585329	41.3488	-5.83185	-5.86475	42.7161	-5.27891	-5.27942	0.0465748	-0.836552	-0.816144	0.0272915
133601	0.37619	0.391593	0.0002862	0.562081	0.585095	41.8728	-5.8404	-5.86451	43.2602	-5.27832	-5.27942	0.0466495	-0.967768	-0.816393	0.0271898
133801	0.381475	0.391528	0.000285582	0.569977	0.584998	41.7825	-5.84861	-5.86441	43.1746	-5.27863	-5.27941	0.0467214	-1.03916	-0.817633	0.0273056
134001	0.387439	0.39151	0.000284082	0.578888	0.584971	41.563	-5.85795	-5.86438	42.949	-5.27906	-5.27941	0.0465734	-0.984124	-0.818973	0.0274598
134201	0.374254	0.391434	0.000284771	0.559189	0.584858	41.6638	-5.83803	-5.86426	43.0485	-5.27885	-5.27941	0.0463613	-0.918265	-0.819571	0.0274052
134401	0.390336	0.391375	0.000283771	0.583217	0.584769	41.5175	-5.86174	-5.86417	42.9029	-5.27852	-5.2794	0.0463042	-1.02602	-0.820699	0.0274687
134601	0.373703	0.391358	0.000282643	0.558364	0.584744	41.3524	-5.83714	-5.86414	42.7323	-5.27877	-5.2794	0.0463197	-0.94144	-0.821728	0.027501
134801	0.378797	0.391371	0.000282234	0.565976	0.584763	41.2926	-5.84533	-5.86416	42.6654	-5.27936	-5.27939	0.0460905	-0.818245	-0.822644	0.0275233
135001	0.39217	0.391301	0.000281823	0.585957	0.584659	41.2324	-5.86483	-5.86405	42.5998	-5.27888	-5.27939	0.0458532	-0.995425	-0.822658	0.0273956
135201	0.355514	0.391269	0.000281298	0.531187	0.584611	41.1557	-5.80919	-5.864	42.5246	-5.278	-5.27939	0.0459623	-1.02237	-0.824189	0.0276635
135401	0.359237	0.391178	0.000281637	0.536751	0.584475	41.2053	-5.81441	-5.86385	42.5953	-5.27765	-5.27938	0.0466538	-1.05316	-0.826161	0.0282201
135601	0.368388	0.391083	0.000282059	0.550423	0.584334	41.267	-5.82863	-5.8637	42.6782	-5.2782	-5.27937	0.0472118	-0.918631	-0.827443	0.0283682
135801	0.37307	0.391031	0.000281816	0.557418	0.584255	41.2314	-5.83618	-5.86362	42.6452	-5.27877	-5.27937	0.0472273	-0.911102	-0.82813	0.0283144
136001	0.393566	0.391038	0.000281204	0.588043	0.584266	41.1419	-5.86729	-5.86363	42.5479	-5.27925	-5.27936	0.0470065	-0.679271	-0.828367	0.0282536
136201	0.419822	0.391144	0.000282185	0.627274	0.584423	41.2854	-5.90596	-5.86379	42.6753	-5.27869	-5.27936	0.0467956	-0.961942	-0.828212	0.0281607
136401	0.364686	0.391148	0.000282024	0.544892	0.58443	41.2619	-5.82303	-5.86379	42.6461	-5.27814	-5.27936	0.046904	-0.898483	-0.828994	0.0281308
136601	0.395745	0.39114	0.000280859	0.591299	0.584419	41.0915	-5.86941	-5.86377	42.4703	-5.27812	-5.27935	0.0472179	-1.09346	-0.83014	0.0282276
136801	0.400168	0.391201	0.000280676	0.597907	0.58451	41.0647	-5.87633	-5.86385	42.4237	-5.27842	-5.27934	0.0474074	-0.967521	-0.831331	0.028357
137001	0.391391	0.391275	0.000281399	0.584793	0.584619	41.1705	-5.86363	-5.86396	42.5135	-5.27884	-5.27934	0.0473313	-0.83525	-0.83192	0.028289
137201	0.393672	0.391261	0.00028087	0.588202	0.584598	41.093	-5.86729	-5.86394	42.4301	-5.27909	-5.27934	0.0471298	-0.787633	-0.831945	0.0281724
137401	0.378743	0.391262	0.000280422	0.565895	0.584601	41.0275	-5.84501	-5.86394	42.3575	-5.27912	-5.27934	0.046889	-0.747523	-0.831667	0.0280663
137601	0.38162	0.391225	0.000279367	0.570193	0.584545	40.8731	-5.84901	-5.86388	42.1987	-5.27882	-5.27933	0.0466944	-0.832818	-0.831615	0.0279293
137801	0.406373	0.391222	0.000278384	0.607178	0.58454	40.7293	-5.88566	-5.86387	42.0485	-5.27848	-5.27933	0.0466028	-1.05145	-0.832025	0.0278291
138001	0.39053	0.391233	0.00027777	0.583507	0.584556	40.6395	-5.86129	-5.86388	41.952	-5.27778	-5.27932	0.04691	-1.09186	-0.833134	0.0279298
138201	0.372264	0.391189	0.000277178	0.556215	0.584491	40.5529	-5.834	-5.86381	41.873	-5.27778	-5.27932	0.0475375	-0.994428	-0.83446	0.028136
138401	0.421673	0.391188	0.000279293	0.630039	0.58449	40.8622	-5.90867	-5.8638	42.1825	-5.27863	-5.27931	0.0477676	-1.06336	-0.835356	0.0281811
138601	0.398003	0.391249	0.000279185	0.594673	0.58458	40.8465	-5.87394	-5.86389	42.1552	-5.27927	-5.27931	0.0475554	-0.704815	-0.83526	0.0281209
138801	0.410861	0.391312	0.000278754	0.613884	0.584675	40.7835	-5.89334	-5.86398	42.0858	-5.27946	-5.27931	0.0473113	-0.923799	-0.835009	0.0280128
139001	0.404403	0.391372	0.000278874	0.604235	0.584765	40.801	-5.88416	-5.86408	42.1004	-5.27992	-5.27931	0.047123	-0.82467	-0.835308	0.0279132
139201	0.438071	0.39143	0.000279059	0.65454	0.584851	40.8281	-5.93451	-5.86417	42.1285	-5.27997	-5.27931	0.0470348	-0.928401	-0.834847	0.0278399
139401	0.385451	0.391484	0.000279199	0.575918	0.584932	40.8486	-5.85587	-5.86425	42.1491	-5.27995	-5.27932	0.0469233	-0.663232	-0.834456	0.0277539
139601	0.407285	0.391523	0.000278243	0.608542	0.58499	40.7087	-5.88885	-5.86431	42.0089	-5.28031	-5.27932	0.0468923	-0.710219	-0.833854	0.0276923
139801	0.374237	0.391567	0.000279595	0.559162	0.585057	40.9065	-5.83905	-5.86438	42.2099	-5.27989	-5.27933	0.0468984	-0.658077	-0.833218	0.027668
140001	0.379314	0.391603	0.000279625	0.566749	0.585111	40.9108	-5.84591	-5.86444	42.2106	-5.27916	-5.27933	0.0466918	-0.91893	-0.83369	0.0276129
140201	0.416713	0.391566	0.00027942	0.622628	0.585055	40.8809	-5.90137	-5.86438	42.1771	-5.27874	-5.27932	0.0465303	-1.15342	-0.834339	0.02759
140401	0.396163	0.391622	0.000279391	0.591924	0.585138	40.8767	-5.87106	-5.86446	42.1615	-5.27914	-5.27932	0.0463768	-0.848473	-0.835203	0.0276378
140601	0.410771	0.39173	0.000280913	0.61375	0.5853	41.0993	-5.89365	-5.86462	42.3857	-5.2799	-5.27932	0.0461926	-0.704085	-0.835061	0.0275127
140801	0.384771	0.391739	0.000279942	0.574901	0.585313	40.9572	-5.85462	-5.86464	42.2388	-5.27972	-5.27933	0.0460354	-0.783178	-0.834484	0.0274498
141001	0.392438	0.39168	0.000279808	0.586357	0.585225	40.9376	-5.86627	-5.86455	42.2072	-5.27992	-5.27933	0.0458947	-0.789736	-0.834161	0.0273467
141201	0.40199	0.391725	0.00027924	0.60063	0.585292	40.8545	-5.8803	-5.86462	42.1215	-5.27967	-5.27933	0.045743	-0.767501	-0.83398	0.0272262
141401	0.405685	0.3918	0.000279245	0.606151	0.585404	40.8552	-5.88611	-5.86474	42.1238	-5.27996	-5.27933	0.045602	-0.792885	-0.833787	0.0271102
141601	0.383503	0.391825	0.000278316	0.573008	0.585441	40.7194	-5.85269	-5.86478	41.9849	-5.27968	-5.27934	0.0454666	-0.723239	-0.833479	0.0270059
141801	0.392645	0.391864	0.000277904	0.586667	0.5855	40.6591	-5.86535	-5.86484	41.9189	-5.27869	-5.27934	0.0452819	-1.02834	-0.833962	0.0269658
142001	0.412061	0.391897	0.000277066	0.615677	0.58555	40.5365	-5.89449	-5.86488	41.7859	-5.27881	-5.27933	0.0452482	-1.01778	-0.834946	0.0270401
142201	0.414507	0.391896	0.000276479	0.619331	0.585547	40.4505	-5.89922	-5.86488	41.6934	-5.27989	-5.27933	0.0450634	-0.853532	-0.834845	0.0269487
142401	0.436395	0.392043	0.000279909	0.652035	0.585767	40.9525	-5.93319	-5.8651	42.2246	-5.28115	-5.27934	0.0453255	-0.692301	-0.834634	0.026861
142601	0.41829	0.392136	0.000281081	0.624984	0.585906	41.1239	-5.90656	-5.86525	42.4298	-5.28158	-5.27935	0.046528	-0.541607	-0.833094	0.0272589
142801	0.394194	0.392224	0.000281571	0.588981	0.586037	41.1956	-5.86985	-5.86539	42.5307	-5.28087	-5.27936	0.0474785	-0.587461	-0.831852	0.0274645
143001	0.415531	0.392313	0.000283003	0.620861	0.586171	41.4051	-5.90022	-5.86553	42.7476	-5.27936	-5.27936	0.0474988	-0.953454	-0.831809	0.0273979
143201	0.393143	0.392287	0.000283917	0.587412	0.586131	41.5389	-5.86629	-5.86549	42.8789	-5.27888	-5.27936	0.0473177	-0.957212	-0.831974	0.0273141
143401	0.394756	0.392348	0.000283726	0.589821	0.586224	41.5109	-5.86972	-5.86558	42.8447	-5.2799	-5.27936	0.0471329	-0.749864	-0.832501	0.027269
143601	0.394064	0.392334	0.000282545	0.588787	0.586202	41.3381	-5.87003	-5.86557	42.6626	-5.28124	-5.27936	0.0474514	-0.432606	-0.831241	0.0275356
143801	0.427099	0.392432	0.000284664	0.638146	0.586348	41.6481	-5.91955	-5.86572	43.0076	-5.2814	-5.27937	0.0484895	-0.694818	-0.830041	0.0277841
144001	0.405762	0.392567	0.00028793	0.606266	0.58655	42.1259	-5.88753	-5.86593	43.5322	-5.28126	-5.27938	0.0494091	-0.59016	-0.829288	0.0277969
144201	0.41529	0.392638	0.000287983	0.620501	0.586656	42.1337	-5.90098	-5.86604	43.5551	-5.28048	-5.27939	0.0499063	-0.724794	-0.82825	0.0279258
144401	0.411145	0.392683	0.000287318	0.614308	0.586723	42.0365	-5.89376	-5.86611	43.4557	-5.27945	-5.27939	0.0497887	-0.959487	-0.82821	0.0278395
144601	0.41278	0.392737	0.000286806	0.616751	0.586805	41.9616	-5.89626	-5.8662	43.3754	-5.27951	-5.27939	0.0495677	-0.867	-0.828283	0.0277245
144801	0.409824	0.392815	0.000286958	0.612334	0.58692	41.9838	-5.89163	-5.86631	43.3915	-5.27929	-5.27939	0.0493479	-0.763691	-0.828144	0.027609
145001	0.388221	0.392861	0.000286537	0.580056	0.586989	41.9222	-5.85924	-5.86638	43.3219	-5.27919	-5.27939	0.0491405	-0.885117	-0.828261	0.0275132
145201	0.403779	0.392785	0.000287228	0.603302	0.586877	42.0232	-5.88288	-5.86627	43.4174	-5.27958	-5.27939	0.0489272	-0.874736	-0.828111	0.0274125
145401	0.409902	0.392815	0.000286488	0.612451	0.586921	41.915	-5.89255	-5.86631	43.3061	-5.2801	-5.27939	0.0487702	-0.903965	-0.828053	0.0273088
145601	0.401194	0.392863	0.000286099	0.59944	0.586993	41.8581	-5.87948	-5.86639	43.2506	-5.28004	-5.2794	0.0487208	-0.866283	-0.828333	0.0272157
145801	0.388411	0.392832	0.00028551	0.580341	0.586946	41.7719	-5.85976	-5.86634	43.1559	-5.27942	-5.2794	0.0485532	-0.742485	-0.828038	0.0271261
146001	0.385992	0.392836	0.000284475	0.576726	0.586953	41.6204	-5.85549	-5.86635	42.9985	-5.27876	-5.2794	0.0483835	-0.930374	-0.828225	0.027031
146201	0.389431	0.392869	0.000283642	0.581865	0.587002	41.4987	-5.86034	-5.86639	42.8656	-5.27847	-5.27939	0.0483624	-1.04619	-0.829227	0.0271574
146401	0.362338	0.392778	0.000284497	0.541383	0.586865	41.6237	-5.81973	-5.86625	43.0028	-5.27835	-5.27939	0.0484303	-0.906206	-0.829814	0.0271249
146601	0.386203	0.392701	0.000284952	0.577042	0.586751	41.6902	-5.85543	-5.86613	43.0797	-5.27839	-5.27938	0.0485398	-1.13312	-0.830805	0.0272655
146801	0.382883	0.392671	0.000284152	0.572081	0.586705	41.5732	-5.85096	-5.86609	42.9607	-5.27887	-5.27938	0.048498	-0.946919	-0.831663	0.0273447
147001	0.375746	0.392669	0.000283707	0.561417	0.586702	41.5082	-5.84044	-5.86608	42.8897	-5.27902	-5.27938	0.0483355	-0.80029	-0.831968	0.0272892
147201	0.417008	0.392654	0.000283057	0.623068	0.58668	41.413	-5.90262	-5.86606	42.7898	-5.27955	-5.27938	0.0481416	-0.870931	-0.83189	0.0271848
147401	0.39688	0.392688	0.000282544	0.592994	0.586731	41.3379	-5.8725	-5.86611	42.7102	-5.27951	-5.27938	0.0479514	-0.846149	-0.83174	0.0270924
147601	0.39661	0.39261	0.000283362	0.592591	0.586615	41.4576	-5.87171	-5.86599	42.8256	-5.27912	-5.27938	0.0477572	-0.873456	-0.831511	0.0270014
147801	0.410791	0.392624	0.000283474	0.613779	0.586636	41.474	-5.89333	-5.86601	42.8376	-5.27955	-5.27938	0.0475635	-0.922512	-0.831542	0.0269254
148001	0.397778	0.392665	0.000282861	0.594336	0.586696	41.3843	-5.87426	-5.86608	42.7458	-5.27992	-5.27938	0.0474181	-0.814223	-0.831811	0.0268366
148201	0.404677	0.392654	0.000281846	0.604644	0.58668	41.2358	-5.8851	-5.86606	42.5907	-5.28045	-5.27938	0.0473728	-0.603298	-0.831077	0.0268736
148401	0.382063	0.39267	0.000281185	0.570856	0.586704	41.1391	-5.85189	-5.86609	42.4922	-5.28103	-5.27939	0.0477391	-0.419599	-0.829772	0.0271958
148601	0.388641	0.392674	0.000280401	0.580685	0.58671	41.0245	-5.86126	-5.86611	42.3744	-5.28057	-5.27939	0.0480731	-0.449754	-0.828343	0.0275856
148801	0.385216	0.392674	0.00027942	0.575566	0.58671	40.8809	-5.85593	-5.86611	42.2256	-5.28036	-5.2794	0.0482303	-0.514309	-0.82687	0.0280112
149001	0.38124	0.392725	0.000279951	0.569626	0.586787	40.9585	-5.84968	-5.86619	42.3054	-5.28005	-5.2794	0.0481846	-0.622479	-0.826324	0.0279984
149201	0.370866	0.392703	0.000279226	0.554126	0.586754	40.8525	-5.83404	-5.86616	42.1914	-5.27991	-5.27941	0.0480844	-0.772066	-0.825938	0.0279413
149401	0.419812	0.392666	0.000279555	0.627259	0.586698	40.9006	-5.90718	-5.8661	42.2311	-5.27992	-5.27941	0.0479435	-0.961213	-0.825982	0.0278443
149601	0.384524	0.392651	0.000280252	0.574533	0.586676	41.0026	-5.8544	-5.86609	42.3261	-5.27987	-5.27941	0.0478235	-0.77667	-0.825783	0.0277959
149801	0.401888	0.392652	0.000279983	0.600478	0.586677	40.9633	-5.88045	-5.86609	42.2821	-5.27998	-5.27941	0.047692	-0.883697	-0.825774	0.0277084
150001	0.384253	0.39267	0.000279106	0.574129	0.586705	40.835	-5.85418	-5.86612	42.1513	-5.28005	-5.27941	0.0476188	-0.795208	-0.825911	0.0276051
150201	0.384149	0.392599	0.000279352	0.573972	0.586598	40.8709	-5.85311	-5.86601	42.1791	-5.27914	-5.27941	0.0474602	-0.886863	-0.825788	0.0275025
150401	0.381413	0.392555	0.000278911	0.569885	0.586532	40.8064	-5.84825	-5.86594	42.1168	-5.27837	-5.27941	0.0474297	-1.09364	-0.826511	0.0275338
150601	0.361072	0.392482	0.000279531	0.539493	0.586423	40.8972	-5.81866	-5.86583	42.2128	-5.27916	-5.27941	0.0474141	-0.770137	-0.827	0.027528
150801	0.390909	0.392394	0.000281036	0.584073	0.586292	41.1174	-5.86449	-5.8657	42.422	-5.28042	-5.27941	0.0473079	-0.648381	-0.826566	0.0275062
151001	0.425244	0.392447	0.000280966	0.635375	0.58637	41.1071	-5.91627	-5.86579	42.4206	-5.28089	-5.27942	0.0475651	-0.681372	-0.825819	0.0275525
151201	0.415355	0.392529	0.000281711	0.620599	0.586494	41.2161	-5.90143	-5.86592	42.5485	-5.28084	-5.27942	0.04792	-0.684117	-0.825068	0.027593
151401	0.420788	0.39258	0.000281605	0.628717	0.58657	41.2006	-5.90927	-5.866	42.5406	-5.28055	-5.27943	0.048158	-0.769464	-0.824391	0.0276144
151601	0.394929	0.392627	0.000281884	0.59008	0.58664	41.2415	-5.87005	-5.86607	42.5863	-5.27997	-5.27943	0.0481713	-0.77297	-0.824248	0.0275197
151801	0.384598	0.392567	0.000282318	0.574643	0.58655	41.3048	-5.85379	-5.86598	42.6424	-5.27915	-5.27943	0.0480051	-0.97264	-0.824142	0.0274653
152001	0.382666	0.392521	0.00028211	0.571757	0.586482	41.2744	-5.85036	-5.86591	42.6126	-5.2786	-5.27943	0.0479187	-1.05129	-0.824861	0.027502
152201	0.410078	0.392528	0.000281209	0.612715	0.586491	41.1426	-5.89148	-5.86592	42.4751	-5.27877	-5.27942	0.0479188	-1.12835	-0.82595	0.027706
152401	0.394729	0.392588	0.000281183	0.589781	0.586581	41.1389	-5.86954	-5.86601	42.4642	-5.27976	-5.27942	0.0477646	-0.71086	-0.826335	0.0276805
152601	0.393638	0.392618	0.000281041	0.588151	0.586627	41.1181	-5.86828	-5.86605	42.4417	-5.28013	-5.27943	0.04767	-0.602356	-0.825818	0.027679
152801	0.380591	0.39259	0.000280927	0.568657	0.586584	41.1014	-5.8484	-5.86601	42.4182	-5.27974	-5.27943	0.047558	-0.608548	-0.825027	0.0277481
153001	0.423158	0.392666	0.000281881	0.632258	0.586698	41.2409	-5.91153	-5.86613	42.5528	-5.27927	-5.27943	0.0473836	-0.901708	-0.82478	0.0276736
153201	0.404336	0.3927	0.000281891	0.604135	0.586749	41.2424	-5.88328	-5.86618	42.548	-5.27915	-5.27943	0.04722	-0.995111	-0.825125	0.0276135
153401	0.401082	0.392745	0.000281476	0.599273	0.586816	41.1816	-5.87906	-5.86624	42.4819	-5.27979	-5.27943	0.0470531	-0.828186	-0.825495	0.0275545
153601	0.394199	0.39275	0.000280546	0.588989	0.586824	41.0456	-5.86979	-5.86625	42.3414	-5.2808	-5.27943	0.0471067	-0.468385	-0.8247	0.0276788
153801	0.42109	0.392772	0.000279979	0.629168	0.586857	40.9626	-5.91028	-5.86629	42.2612	-5.28112	-5.27944	0.0475372	-0.545835	-0.823204	0.0281865
154001	0.393021	0.392837	0.000280441	0.587228	0.586953	41.0303	-5.86814	-5.8664	42.3458	-5.28091	-5.27944	0.0480136	-0.566303	-0.822333	0.0282877
154201	0.38829	0.392803	0.00028033	0.58016	0.586902	41.0141	-5.86038	-5.86635	42.317	-5.28022	-5.27945	0.0481441	-0.630187	-0.821373	0.0284533
154401	0.363047	0.392806	0.000280152	0.542443	0.586907	40.988	-5.82212	-5.86635	42.2867	-5.27968	-5.27945	0.0480203	-0.644289	-0.821046	0.0283986
154601	0.389109	0.392775	0.000279604	0.581383	0.586862	40.9078	-5.86072	-5.86631	42.2013	-5.27933	-5.27945	0.0478472	-0.850274	-0.82094	0.0283071
154801	0.393672	0.392791	0.000278687	0.588202	0.586885	40.7737	-5.86768	-5.86633	42.062	-5.27948	-5.27945	0.0476756	-0.811642	-0.821332	0.028254
155001	0.400866	0.392739	0.000279479	0.598951	0.586808	40.8895	-5.87912	-5.86626	42.1707	-5.28017	-5.27945	0.0475522	-0.706927	-0.82055	0.0283507
155201	0.394806	0.392783	0.000279227	0.589896	0.586873	40.8527	-5.87037	-5.86633	42.1371	-5.28047	-5.27945	0.0475736	-0.676886	-0.820279	0.028276
155401	0.383559	0.392812	0.000278833	0.573091	0.586916	40.7949	-5.85361	-5.86637	42.081	-5.28052	-5.27946	0.047666	-0.570685	-0.819701	0.0282747
155601	0.399698	0.392856	0.000278779	0.597206	0.586982	40.7871	-5.87806	-5.86644	42.0802	-5.28086	-5.27946	0.0478544	-0.660602	-0.819207	0.0282552
155801	0.40954	0.392897	0.000278531	0.61191	0.587043	40.7509	-5.89233	-5.86651	42.0488	-5.28042	-5.27947	0.04805	-0.727924	-0.818728	0.0282302
156001	0.426471	0.392964	0.000280719	0.637207	0.587144	41.071	-5.91686	-5.86661	42.3676	-5.27965	-5.27947	0.0479501	-1.01213	-0.818797	0.0282571
156201	0.388666	0.392988	0.000280406	0.580721	0.587179	41.0251	-5.86078	-5.86665	42.3184	-5.28006	-5.27947	0.0478093	-0.676963	-0.81874	0.0281854
156401	0.405766	0.393061	0.000281663	0.606271	0.587288	41.2091	-5.88643	-5.86676	42.5078	-5.28016	-5.27947	0.0477482	-0.805158	-0.818842	0.0281154
156601	0.393977	0.393069	0.000280981	0.588657	0.5873	41.1093	-5.86837	-5.86677	42.4049	-5.27972	-5.27947	0.0476383	-0.761646	-0.818583	0.028042
156801	0.380284	0.393072	0.000280439	0.568198	0.587305	41.03	-5.84748	-5.86678	42.321	-5.27928	-5.27947	0.0474743	-0.79652	-0.818672	0.027964
157001	0.396615	0.393102	0.000279907	0.592598	0.587349	40.9521	-5.87156	-5.86682	42.2358	-5.27896	-5.27947	0.0473506	-0.942695	-0.818987	0.0279006
157201	0.364317	0.393078	0.000279472	0.544341	0.587314	40.8885	-5.82385	-5.86678	42.168	-5.27951	-5.27947	0.0472099	-0.59656	-0.81912	0.0278572
157401	0.387747	0.39305	0.000278915	0.579349	0.587271	40.807	-5.85934	-5.86674	42.0805	-5.27999	-5.27947	0.0470755	-0.737928	-0.818539	0.0278608
157601	0.390156	0.393067	0.000278566	0.582948	0.587297	40.756	-5.86303	-5.86677	42.0271	-5.28008	-5.27947	0.0469946	-0.723172	-0.818427	0.0277974
157801	0.413511	0.393105	0.000278264	0.617843	0.587354	40.7117	-5.89784	-5.86683	41.9825	-5.28	-5.27948	0.0469035	-0.843127	-0.818388	0.027709
158001	0.380906	0.393109	0.000278143	0.569127	0.587359	40.694	-5.84871	-5.86684	41.962	-5.27958	-5.27948	0.0467759	-0.744135	-0.818245	0.0276328
158201	0.392253	0.393069	0.000277725	0.586081	0.587301	40.633	-5.86514	-5.86678	41.8984	-5.27905	-5.27948	0.0466316	-0.977286	-0.818321	0.0275487
158401	0.393412	0.393065	0.000276871	0.587813	0.587294	40.508	-5.86683	-5.86677	41.7696	-5.27902	-5.27947	0.0465237	-0.905501	-0.818838	0.0275339
158601	0.39937	0.393074	0.000276201	0.596715	0.587308	40.4099	-5.87623	-5.86678	41.6675	-5.27952	-5.27947	0.0463841	-0.773671	-0.818861	0.0274428
158801	0.400364	0.393036	0.000275961	0.5982	0.587251	40.3748	-5.87809	-5.86673	41.626	-5.27989	-5.27947	0.0462445	-0.794971	-0.818384	0.0274237
159001	0.402692	0.39308	0.000275711	0.601679	0.587317	40.3382	-5.88171	-5.86679	41.5896	-5.28003	-5.27948	0.0461467	-0.766588	-0.818359	0.0273365
159201	0.409623	0.393081	0.000275328	0.612034	0.587319	40.2822	-5.89214	-5.8668	41.5296	-5.2801	-5.27948	0.0460673	-0.842373	-0.817988	0.0273038
159401	0.407726	0.393125	0.000275029	0.609201	0.587384	40.2385	-5.88899	-5.86686	41.4864	-5.27979	-5.27948	0.0459762	-0.875232	-0.818127	0.0272185
159601	0.38538	0.39312	0.000274493	0.575812	0.587376	40.16	-5.85503	-5.86686	41.4048	-5.27922	-5.27948	0.045828	-0.77059	-0.817947	0.0271508
159801	0.406273	0.393128	0.000273681	0.607029	0.587388	40.0413	-5.88603	-5.86687	41.2812	-5.279	-5.27948	0.0457099	-1.01356	-0.81828	0.0271019
160001	0.388099	0.393159	0.000273318	0.579875	0.587435	39.9881	-5.85923	-5.86691	41.2212	-5.27936	-5.27948	0.045585	-0.858433	-0.818796	0.027106
160201	0.433392	0.393175	0.000273044	0.647548	0.587459	39.948	-5.92748	-5.86694	41.1788	-5.27994	-5.27948	0.0454448	-0.872208	-0.818844	0.027018
160401	0.373371	0.393219	0.000273973	0.557868	0.587524	40.084	-5.83813	-5.867	41.3157	-5.28026	-5.27948	0.0453959	-0.551118	-0.818382	0.0270291
160601	0.399898	0.393216	0.000273274	0.597504	0.58752	39.9817	-5.877	-5.867	41.2081	-5.27949	-5.27948	0.0453101	-0.797543	-0.817975	0.0270045
160801	0.383172	0.39321	0.000272477	0.572513	0.58751	39.865	-5.85091	-5.86699	41.0883	-5.2784	-5.27948	0.0452531	-0.998174	-0.81834	0.0269862
161001	0.375907	0.393199	0.000272021	0.561657	0.587494	39.7984	-5.83973	-5.86697	41.0207	-5.27807	-5.27948	0.0455032	-0.929748	-0.819088	0.0270841
161201	0.389696	0.393165	0.000271523	0.58226	0.587444	39.7255	-5.86154	-5.86692	40.9502	-5.27928	-5.27947	0.0455603	-0.714267	-0.819293	0.0270296
161401	0.423756	0.393183	0.000271554	0.633151	0.587471	39.73	-5.91409	-5.86695	40.9575	-5.28094	-5.27947	0.0455533	-0.596434	-0.818544	0.02712
161601	0.40307	0.393233	0.000272158	0.602244	0.587545	39.8185	-5.88358	-5.86703	41.0596	-5.28134	-5.27948	0.0461213	-0.463778	-0.817406	0.0274538
161801	0.402294	0.393228	0.000271827	0.601083	0.587538	39.7699	-5.88139	-5.86702	41.0048	-5.28031	-5.27948	0.0463973	-0.728353	-0.816539	0.0276492
162001	0.393696	0.393225	0.000271047	0.588237	0.587534	39.6559	-5.86792	-5.86702	40.8869	-5.27969	-5.27949	0.0462971	-0.730373	-0.816119	0.0276181
162201	0.415426	0.393229	0.00027053	0.620705	0.587539	39.5802	-5.90015	-5.86703	40.8068	-5.27944	-5.27949	0.04615	-1.01502	-0.816146	0.0275633
162401	0.403578	0.393236	0.00027	0.603003	0.58755	39.5027	-5.88275	-5.86704	40.7253	-5.27974	-5.27949	0.0460051	-0.85946	-0.816274	0.0275001
162601	0.404341	0.393205	0.000269831	0.604142	0.587503	39.4779	-5.88411	-5.86699	40.6941	-5.27997	-5.27949	0.0458885	-0.776069	-0.815874	0.0274855
162801	0.409705	0.393226	0.000269447	0.612157	0.587536	39.4218	-5.8917	-5.86702	40.6358	-5.27955	-5.27949	0.0457691	-0.936701	-0.815848	0.0274092
163001	0.399362	0.393267	0.000269403	0.596703	0.587597	39.4153	-5.87577	-5.86709	40.6238	-5.27906	-5.27949	0.045637	-0.981644	-0.816387	0.0274227
163201	0.40294	0.393283	0.000269101	0.602049	0.58762	39.3712	-5.88108	-5.86711	40.5746	-5.27903	-5.27949	0.0455352	-0.957027	-0.816794	0.0273997
163401	0.387005	0.393236	0.000269289	0.57824	0.587549	39.3986	-5.85741	-5.86703	40.6021	-5.27917	-5.27949	0.0454303	-0.843933	-0.816754	0.0273272
163601	0.385255	0.3932	0.000268896	0.575624	0.587496	39.3411	-5.85522	-5.86698	40.5417	-5.2796	-5.27949	0.0452939	-0.776182	-0.816625	0.0272499
163801	0.388113	0.393188	0.000268177	0.579895	0.587478	39.2359	-5.85934	-5.86696	40.4325	-5.27944	-5.27949	0.0451566	-0.78232	-0.816588	0.0271675
164001	0.372457	0.393154	0.000267958	0.556503	0.587427	39.2039	-5.83512	-5.86691	40.4008	-5.27861	-5.27948	0.0450765	-0.790703	-0.816502	0.0270887
164201	0.378928	0.393122	0.000267544	0.566172	0.587379	39.1434	-5.84443	-5.86686	40.3439	-5.27826	-5.27948	0.0451825	-0.954318	-0.816841	0.0270452
164401	0.367014	0.39307	0.000267706	0.548371	0.587302	39.1671	-5.82703	-5.86678	40.3743	-5.27866	-5.27948	0.0452741	-0.8045	-0.817113	0.0269972
164601	0.364349	0.393018	0.000268122	0.544389	0.587224	39.2279	-5.82303	-5.8667	40.4398	-5.27865	-5.27947	0.0452654	-0.801683	-0.817254	0.0269315
164801	0.381762	0.393	0.000267804	0.570406	0.587197	39.1815	-5.84963	-5.86667	40.3922	-5.27923	-5.27947	0.045196	-0.778397	-0.817466	0.0268752
165001	0.389519	0.392978	0.000267162	0.581996	0.587164	39.0874	-5.86154	-5.86664	40.2947	-5.27955	-5.27947	0.0450588	-0.758094	-0.817276	0.0268047
165201	0.35309	0.392964	0.000266815	0.527566	0.587144	39.0368	-5.80735	-5.86662	40.2395	-5.27979	-5.27947	0.0449271	-0.403106	-0.816801	0.0268281
165401	0.391507	0.392941	0.000266887	0.584967	0.58711	39.0472	-5.86486	-5.86658	40.2446	-5.27989	-5.27947	0.0448295	-0.632132	-0.815974	0.0269844
165601	0.386574	0.392937	0.000266307	0.577596	0.587103	38.9624	-5.85666	-5.86658	40.1572	-5.27906	-5.27948	0.0447043	-0.836385	-0.815745	0.0269234
165801	0.358735	0.392865	0.000267509	0.536001	0.586996	39.1382	-5.81384	-5.86647	40.3455	-5.27784	-5.27947	0.0448081	-0.989298	-0.816012	0.0268801
166001	0.379845	0.392812	0.000267692	0.567542	0.586916	39.165	-5.84503	-5.86638	40.3891	-5.27749	-5.27947	0.0454032	-1.11353	-0.816824	0.0270184
166201	0.395656	0.392775	0.000267701	0.591166	0.586862	39.1663	-5.8695	-5.86632	40.4002	-5.27833	-5.27946	0.0457923	-1.05649	-0.817487	0.027088
166401	0.382166	0.392708	0.00026874	0.571009	0.586762	39.3184	-5.85015	-5.86622	40.5566	-5.27914	-5.27946	0.0457426	-0.840509	-0.817553	0.0270248
166601	0.388741	0.392713	0.000268271	0.580834	0.586768	39.2498	-5.86002	-5.86623	40.484	-5.27918	-5.27946	0.0456258	-0.779529	-0.817675	0.0269618
166801	0.375014	0.392686	0.000267749	0.560324	0.586728	39.1734	-5.83966	-5.86619	40.4047	-5.27933	-5.27946	0.0454952	-0.687707	-0.817383	0.0269112
167001	0.397562	0.392706	0.000267347	0.594013	0.586759	39.1145	-5.87329	-5.86622	40.3414	-5.27928	-5.27946	0.0453654	-0.864246	-0.817474	0.0268478
167201	0.416109	0.392743	0.000267107	0.621725	0.586813	39.0795	-5.90101	-5.86627	40.3018	-5.27928	-5.27946	0.0452339	-0.901172	-0.817664	0.0267809
167401	0.391793	0.392785	0.00026701	0.585394	0.586876	39.0653	-5.86454	-5.86633	40.2816	-5.27914	-5.27946	0.0451172	-0.845431	-0.817848	0.0267137
167601	0.372199	0.392741	0.000267064	0.556118	0.58681	39.0731	-5.83539	-5.86627	40.2874	-5.27927	-5.27946	0.0449914	-0.587614	-0.817553	0.0266875
167801	0.374719	0.392694	0.000267168	0.559884	0.58674	39.0883	-5.83898	-5.8662	40.3015	-5.27909	-5.27945	0.0448741	-0.78163	-0.817215	0.0266594
168001	0.399241	0.392657	0.000266956	0.596522	0.586684	39.0574	-5.87526	-5.86614	40.2707	-5.27874	-5.27945	0.0447979	-0.916121	-0.817209	0.0265835
168201	0.399637	0.392675	0.000266587	0.597114	0.586712	39.0033	-5.87561	-5.86616	40.2104	-5.2785	-5.27945	0.0448182	-0.926004	-0.817536	0.0265493
168401	0.384375	0.392642	0.000266307	0.574311	0.586662	38.9624	-5.8528	-5.86611	40.1725	-5.27848	-5.27945	0.0448675	-0.940919	-0.817567	0.0264814
168601	0.381317	0.392623	0.000265822	0.569742	0.586634	38.8914	-5.84825	-5.86608	40.1017	-5.27851	-5.27944	0.0449137	-0.931831	-0.818053	0.0264919
168801	0.368536	0.39259	0.000265997	0.550645	0.586584	38.917	-5.82939	-5.86603	40.129	-5.27875	-5.27944	0.0449185	-0.696962	-0.818132	0.0264537
169001	0.410394	0.392562	0.000266188	0.613186	0.586543	38.9449	-5.89221	-5.86598	40.1571	-5.27902	-5.27944	0.044848	-1.00256	-0.818117	0.0264192
169201	0.392545	0.392573	0.000265681	0.586517	0.586559	38.8708	-5.86605	-5.866	40.079	-5.27953	-5.27944	0.0447293	-0.694758	-0.818153	0.0263617
169401	0.411474	0.392606	0.000265384	0.6148	0.586609	38.8273	-5.8949	-5.86605	40.0355	-5.2801	-5.27944	0.0446446	-0.697514	-0.817766	0.0263379
169601	0.408493	0.392681	0.000266866	0.610346	0.586721	39.0442	-5.88996	-5.86616	40.2553	-5.27961	-5.27944	0.0445579	-0.876423	-0.817803	0.0262841
169801	0.41054	0.392732	0.000267164	0.613404	0.586797	39.0877	-5.89311	-5.86624	40.2967	-5.27971	-5.27944	0.044434	-0.776122	-0.817825	0.0262171
170001	0.404267	0.392773	0.000267367	0.604031	0.586858	39.1175	-5.88391	-5.8663	40.3261	-5.27988	-5.27944	0.0443374	-0.676924	-0.817528	0.026191
170201	0.413167	0.392804	0.000267309	0.617329	0.586904	39.1089	-5.89687	-5.86635	40.3159	-5.27955	-5.27945	0.0442299	-0.869872	-0.817291	0.0261519
170401	0.403817	0.392823	0.000266846	0.60336	0.586933	39.0413	-5.88278	-5.86638	40.2449	-5.27942	-5.27945	0.0441047	-0.836714	-0.817277	0.0260836
170601	0.400578	0.392823	0.000266555	0.59852	0.586933	38.9987	-5.87828	-5.86638	40.1986	-5.27976	-5.27945	0.043988	-0.724052	-0.817024	0.0260539
170801	0.378267	0.392799	0.000266208	0.565184	0.586897	38.9479	-5.84513	-5.86634	40.1423	-5.27994	-5.27945	0.0438921	-0.595783	-0.816464	0.0260964
171001	0.414505	0.392819	0.000266004	0.619328	0.586927	38.918	-5.8989	-5.86637	40.1097	-5.27957	-5.27945	0.0437937	-0.836931	-0.816235	0.0260584
171201	0.409799	0.392863	0.000266493	0.612297	0.586992	38.9896	-5.89183	-5.86644	40.1783	-5.27954	-5.27945	0.0436712	-0.823986	-0.816304	0.0260057
171401	0.401092	0.392874	0.000265864	0.599288	0.587008	38.8975	-5.87917	-5.86646	40.0833	-5.27989	-5.27945	0.0435637	-0.684399	-0.816001	0.0259714
171601	0.39468	0.392902	0.000265449	0.589707	0.587051	38.8369	-5.86982	-5.8665	40.0226	-5.28012	-5.27945	0.043503	-0.472186	-0.815457	0.0260179
171801	0.39765	0.392917	0.000265261	0.594145	0.587073	38.8094	-5.87404	-5.86653	39.9938	-5.2799	-5.27945	0.0434434	-0.589582	-0.814622	0.0262031
172001	0.392283	0.39293	0.000264889	0.586126	0.587093	38.7549	-5.86546	-5.86655	39.9371	-5.27933	-5.27945	0.0433339	-0.750375	-0.814234	0.0261906
172201	0.390618	0.392924	0.000264335	0.583638	0.587084	38.6739	-5.86226	-5.86653	39.8538	-5.27863	-5.27945	0.0432639	-0.95694	-0.81435	0.0261317
172401	0.388441	0.392887	0.00026481	0.580385	0.587028	38.7433	-5.85864	-5.86648	39.9272	-5.27826	-5.27945	0.0433287	-1.03287	-0.81471	0.0261277
172601	0.370448	0.392845	0.000264911	0.553502	0.586965	38.7582	-5.83221	-5.86641	39.9477	-5.27871	-5.27945	0.043435	-0.735636	-0.814901	0.0261013
172801	0.394475	0.392843	0.000264337	0.589401	0.586962	38.6741	-5.8694	-5.86641	39.8606	-5.28	-5.27945	0.043343	-0.651932	-0.814722	0.0260524
173001	0.401376	0.392843	0.000264106	0.599712	0.586963	38.6404	-5.88027	-5.86641	39.8247	-5.28056	-5.27945	0.0433681	-0.581139	-0.814016	0.0261753
173201	0.389181	0.392891	0.000264365	0.581491	0.587034	38.6782	-5.86218	-5.86648	39.8711	-5.28069	-5.27945	0.0435252	-0.548413	-0.81346	0.0262201
173401	0.37671	0.392898	0.000264614	0.562858	0.587045	38.7147	-5.84275	-5.8665	39.9072	-5.2799	-5.27945	0.0435395	-0.684602	-0.813117	0.0262055
173601	0.390769	0.392912	0.000264142	0.583863	0.587066	38.6456	-5.86333	-5.86652	39.8353	-5.27947	-5.27945	0.0434302	-0.844578	-0.813169	0.0261421
173801	0.39554	0.392891	0.000263654	0.590992	0.587035	38.5742	-5.87028	-5.86649	39.7611	-5.27929	-5.27945	0.0433142	-0.867938	-0.813177	0.0260735
174001	0.394861	0.392885	0.000262982	0.589977	0.587025	38.4759	-5.86938	-5.86648	39.6597	-5.2794	-5.27945	0.0432004	-0.810716	-0.813209	0.0260046
174201	0.380364	0.392858	0.000262926	0.568318	0.586986	38.4677	-5.84755	-5.86644	39.6491	-5.27924	-5.27945	0.0430861	-0.80465	-0.813118	0.0259441
174401	0.385501	0.392823	0.000263107	0.575993	0.586933	38.4941	-5.85484	-5.86638	39.6759	-5.27885	-5.27945	0.0430044	-0.887651	-0.813152	0.0258853
174601	0.39302	0.392804	0.000262691	0.587227	0.586905	38.4333	-5.86582	-5.86635	39.6145	-5.27859	-5.27945	0.0429753	-1.11448	-0.813605	0.0259074
174801	0.374057	0.392748	0.000263355	0.558893	0.586821	38.5305	-5.83716	-5.86627	39.7197	-5.27827	-5.27945	0.0430353	-0.994163	-0.814097	0.0259336
175001	0.376398	0.392731	0.000263428	0.562391	0.586796	38.5412	-5.84099	-5.86624	39.7302	-5.2786	-5.27944	0.0431314	-0.811113	-0.814438	0.0259531
175201	0.369595	0.392697	0.000263215	0.552228	0.586744	38.51	-5.83092	-5.86619	39.7011	-5.27869	-5.27944	0.0431157	-0.787112	-0.814457	0.0258847
175401	0.381297	0.392661	0.000263221	0.569711	0.58669	38.5109	-5.84877	-5.86613	39.7039	-5.27906	-5.27944	0.0430758	-0.814927	-0.814562	0.0258269
175601	0.396034	0.392646	0.000263009	0.59173	0.586668	38.4799	-5.87173	-5.86611	39.669	-5.28	-5.27944	0.0429803	-0.758019	-0.814423	0.0257855
175801	0.418298	0.392663	0.000262507	0.624996	0.586694	38.4064	-5.90486	-5.86614	39.5943	-5.27986	-5.27944	0.0429234	-0.831363	-0.814332	0.0257233
176001	0.403565	0.392739	0.000264254	0.602984	0.586807	38.662	-5.88206	-5.86625	39.8489	-5.27908	-5.27944	0.0428208	-0.952602	-0.81465	0.0256959
176201	0.404457	0.39277	0.000263988	0.604316	0.586853	38.623	-5.8826	-5.86629	39.802	-5.27828	-5.27944	0.0428265	-1.15519	-0.815234	0.0257746
176401	0.382587	0.392767	0.000263578	0.571639	0.58685	38.5632	-5.85006	-5.86629	39.7395	-5.27842	-5.27944	0.042935	-0.903958	-0.81591	0.0259032
176601	0.401581	0.39273	0.000263804	0.600018	0.586794	38.5961	-5.87857	-5.86623	39.7763	-5.27855	-5.27944	0.0429641	-1.11245	-0.816125	0.0258831
176801	0.356437	0.392683	0.000264527	0.532567	0.586723	38.702	-5.81076	-5.86616	39.8901	-5.27819	-5.27943	0.0430532	-0.821088	-0.816543	0.0259112
177001	0.401875	0.392696	0.000264473	0.600458	0.586744	38.6941	-5.87913	-5.86617	39.877	-5.27867	-5.27943	0.0431409	-0.946538	-0.817049	0.0259571
177201	0.396364	0.392678	0.000264173	0.592223	0.586716	38.6501	-5.87168	-5.86614	39.8312	-5.27946	-5.27943	0.0430535	-0.768182	-0.816901	0.0259106
177401	0.390097	0.39269	0.000263727	0.58286	0.586733	38.5849	-5.86225	-5.86616	39.7632	-5.27939	-5.27943	0.0429429	-0.833175	-0.816863	0.0258463
177601	0.390124	0.392647	0.000263977	0.5829	0.586669	38.6215	-5.86157	-5.8661	39.8	-5.27867	-5.27943	0.0428636	-0.966104	-0.81683	0.0257913
177801	0.365082	0.392579	0.000265302	0.545483	0.586569	38.8153	-5.82392	-5.86599	40.0041	-5.27844	-5.27943	0.0429152	-0.855856	-0.816936	0.025736
178001	0.372542	0.392571	0.000264802	0.55663	0.586556	38.7422	-5.83515	-5.86598	39.9297	-5.27852	-5.27942	0.0429546	-0.860257	-0.817332	0.025736
178201	0.388238	0.392559	0.0002644	0.580082	0.586539	38.6834	-5.85904	-5.86596	39.87	-5.27896	-5.27942	0.0429425	-0.85042	-0.817598	0.0257039
178401	0.400084	0.392553	0.000264297	0.597782	0.58653	38.6682	-5.87759	-5.86595	39.8532	-5.27981	-5.27942	0.0428442	-0.724914	-0.817369	0.0256664
178601	0.404322	0.392562	0.000264172	0.604114	0.586542	38.65	-5.88386	-5.86596	39.8326	-5.27975	-5.27942	0.0427665	-0.730595	-0.817023	0.0256665
178801	0.398123	0.392585	0.000263902	0.594852	0.586577	38.6105	-5.87428	-5.866	39.791	-5.27942	-5.27942	0.0426627	-0.964811	-0.817128	0.0256167
179001	0.407764	0.392595	0.000263461	0.609256	0.586592	38.5461	-5.88887	-5.86602	39.7238	-5.27961	-5.27942	0.0425559	-0.989593	-0.817443	0.0255975
179201	0.374374	0.392553	0.000263931	0.559368	0.586529	38.6147	-5.83881	-5.86595	39.7884	-5.27944	-5.27942	0.0424532	-0.846272	-0.817453	0.0255445
179401	0.351445	0.392508	0.000264415	0.525109	0.586462	38.6855	-5.80394	-5.86588	39.8597	-5.27883	-5.27942	0.0423659	-0.847933	-0.817701	0.0255083
179601	0.376105	0.39245	0.000265329	0.561954	0.586376	38.8192	-5.84028	-5.8658	39.9996	-5.27833	-5.27942	0.0423893	-1.1072	-0.818155	0.025548
179801	0.372281	0.392402	0.000265639	0.55624	0.586303	38.8647	-5.83461	-5.86572	40.0527	-5.27837	-5.27942	0.0424779	-0.983673	-0.81875	0.0256309
180001	0.353495	0.392344	0.000266461	0.528172	0.586216	38.9849	-5.80639	-5.86563	40.1829	-5.27822	-5.27941	0.042576	-0.904819	-0.819149	0.0256328
180201	0.389112	0.392302	0.000268137	0.581388	0.586154	39.2302	-5.85975	-5.86557	40.4351	-5.27836	-5.27941	0.042686	-1.14605	-0.819747	0.0257725
180401	0.385327	0.392267	0.000268002	0.575732	0.586103	39.2104	-5.85443	-5.86551	40.4184	-5.2787	-5.27941	0.0427075	-1.05475	-0.820267	0.0258196
180601	0.389635	0.392243	0.000267647	0.58217	0.586067	39.1584	-5.86079	-5.86547	40.3667	-5.27862	-5.27941	0.0426791	-0.993625	-0.820749	0.0258543
180801	0.382854	0.392238	0.000267591	0.572038	0.586058	39.1502	-5.85038	-5.86546	40.3572	-5.27834	-5.27941	0.0427186	-0.982184	-0.821111	0.0258555
181001	0.369932	0.392203	0.000267489	0.552731	0.586007	39.1353	-5.83059	-5.86541	40.3484	-5.27786	-5.2794	0.0428826	-1.04299	-0.821584	0.025883
181201	0.353681	0.392173	0.000267743	0.528449	0.585962	39.1725	-5.8062	-5.86536	40.3927	-5.27775	-5.2794	0.0432215	-1.03401	-0.822529	0.0262117
181401	0.360829	0.392111	0.000268731	0.539129	0.585869	39.317	-5.81681	-5.86526	40.5549	-5.27768	-5.27939	0.0435619	-0.95954	-0.822972	0.0262275
181601	0.363158	0.392044	0.000270016	0.542609	0.585768	39.5051	-5.82054	-5.86516	40.7619	-5.27794	-5.27939	0.0438747	-1.00857	-0.823529	0.0262974
181801	0.392005	0.392021	0.000270389	0.58571	0.585734	39.5595	-5.86428	-5.86512	40.8197	-5.27857	-5.27939	0.043981	-0.981723	-0.823975	0.026324
182001	0.392269	0.392003	0.000269888	0.586106	0.585707	39.4863	-5.86513	-5.86509	40.7452	-5.27902	-5.27939	0.0439197	-0.873787	-0.824067	0.0262684
182201	0.376272	0.391998	0.000269358	0.562203	0.585701	39.4088	-5.84099	-5.86509	40.665	-5.27878	-5.27939	0.0438412	-0.831713	-0.82423	0.0262204
182401	0.392259	0.391991	0.000269109	0.58609	0.585689	39.3723	-5.86474	-5.86507	40.6265	-5.27865	-5.27938	0.0438189	-0.946046	-0.824416	0.026184
182601	0.351915	0.391977	0.000269493	0.525811	0.585669	39.4286	-5.80496	-5.86505	40.6796	-5.27915	-5.27938	0.0437574	-0.652323	-0.824552	0.0261664
182801	0.39597	0.39195	0.000269661	0.591635	0.585629	39.4531	-5.87107	-5.86501	40.7019	-5.27944	-5.27938	0.0436535	-0.918658	-0.82448	0.0261234
183001	0.376011	0.391926	0.000269346	0.561814	0.585593	39.407	-5.84121	-5.86498	40.6523	-5.2794	-5.27938	0.04355	-0.791036	-0.824517	0.0260628
183201	0.363747	0.391911	0.000269403	0.54349	0.58557	39.4154	-5.82221	-5.86495	40.6598	-5.27872	-5.27938	0.0434652	-0.864762	-0.824687	0.0260202
183401	0.372314	0.391866	0.000269819	0.556289	0.585504	39.4762	-5.83481	-5.86488	40.7248	-5.27852	-5.27938	0.0434706	-0.90049	-0.824963	0.0259978
183601	0.378532	0.391815	0.000270374	0.565579	0.585427	39.5574	-5.84441	-5.8648	40.8102	-5.27883	-5.27938	0.0434505	-0.914819	-0.825105	0.0259461
183801	0.395365	0.391819	0.000269908	0.590731	0.585433	39.4892	-5.87013	-5.86481	40.7388	-5.2794	-5.27938	0.0433615	-0.81364	-0.825316	0.0259155
184001	0.391225	0.391782	0.000270165	0.584545	0.585377	39.5268	-5.86461	-5.86475	40.7716	-5.28007	-5.27938	0.0432827	-0.736657	-0.82494	0.0259228
184201	0.389556	0.391788	0.000269631	0.582052	0.585387	39.4486	-5.86244	-5.86477	40.6916	-5.28038	-5.27938	0.0432971	-0.57553	-0.824621	0.0259152
184401	0.432469	0.391799	0.000269682	0.646169	0.585403	39.4561	-5.92702	-5.86479	40.699	-5.28085	-5.27938	0.0434335	-0.728455	-0.823972	0.0260535
184601	0.392789	0.391842	0.000270054	0.586882	0.585467	39.5106	-5.86754	-5.86485	40.7634	-5.28066	-5.27939	0.0436747	-0.64737	-0.823646	0.0260403
184801	0.411629	0.391869	0.000269887	0.615032	0.585507	39.4862	-5.89504	-5.8649	40.7401	-5.28001	-5.27939	0.0436999	-0.858931	-0.823407	0.02602
185001	0.387273	0.391873	0.000269355	0.57864	0.585514	39.4083	-5.85787	-5.8649	40.6594	-5.27923	-5.27939	0.0436159	-0.697937	-0.823274	0.025968
185201	0.391654	0.391841	0.000269449	0.585187	0.585465	39.4221	-5.86436	-5.86485	40.672	-5.27917	-5.27939	0.0435251	-0.948423	-0.823179	0.0259445
185401	0.371686	0.391827	0.000269	0.555352	0.585445	39.3564	-5.8347	-5.86483	40.6036	-5.27935	-5.27939	0.0434255	-0.764612	-0.823344	0.0259025
185601	0.390695	0.391803	0.000268789	0.583753	0.585408	39.3254	-5.86339	-5.8648	40.5695	-5.27963	-5.27939	0.0433263	-0.720064	-0.823171	0.0258575
185801	0.377858	0.39178	0.000268672	0.564573	0.585375	39.3084	-5.84424	-5.86476	40.5482	-5.27967	-5.27939	0.0432402	-0.695158	-0.822783	0.0258708
186001	0.372349	0.391737	0.000269688	0.556342	0.585311	39.4571	-5.83587	-5.8647	40.6926	-5.27953	-5.27939	0.043146	-0.695019	-0.822482	0.0258715
186201	0.382947	0.391729	0.000269277	0.572177	0.585298	39.3969	-5.85199	-5.86469	40.6289	-5.27982	-5.27939	0.0430574	-0.590071	-0.82221	0.0258629
186401	0.395358	0.391745	0.000269017	0.590721	0.585322	39.3588	-5.87152	-5.86471	40.5912	-5.2808	-5.27939	0.043077	-0.497686	-0.821689	0.0259274
186601	0.422931	0.391786	0.000269205	0.631918	0.585383	39.3863	-5.91365	-5.86478	40.6319	-5.28173	-5.2794	0.04353	-0.442312	-0.820863	0.0261723
186801	0.398297	0.391828	0.000269519	0.595111	0.585446	39.4324	-5.87669	-5.86485	40.6956	-5.28158	-5.2794	0.0443033	-0.362779	-0.819886	0.026529
187001	0.406929	0.39187	0.000269948	0.608009	0.585509	39.495	-5.88821	-5.86492	40.7669	-5.2802	-5.27941	0.0445706	-0.711078	-0.819319	0.0266458
187201	0.388493	0.391904	0.000270081	0.580463	0.58556	39.5145	-5.85919	-5.86497	40.7856	-5.27873	-5.27941	0.0444977	-0.984363	-0.819536	0.0266152
187401	0.390493	0.391888	0.000269681	0.583452	0.585536	39.456	-5.8619	-5.86494	40.7272	-5.27845	-5.2794	0.0445371	-1.04046	-0.820044	0.0266717
187601	0.374632	0.391882	0.000269406	0.559752	0.585527	39.4157	-5.83911	-5.86493	40.6847	-5.27936	-5.2794	0.0444916	-0.655987	-0.820245	0.0266569
187801	0.403207	0.391877	0.000268979	0.602448	0.585519	39.3533	-5.88257	-5.86492	40.6189	-5.28012	-5.2794	0.0444182	-0.751017	-0.819942	0.0266408
188001	0.412582	0.391913	0.000269033	0.616456	0.585573	39.3612	-5.89687	-5.86498	40.6307	-5.28041	-5.27941	0.0444442	-0.682937	-0.819764	0.0265999
188201	0.42033	0.391942	0.000269357	0.628032	0.585616	39.4087	-5.90807	-5.86502	40.6798	-5.28004	-5.27941	0.0444497	-0.84571	-0.819411	0.0266234
188401	0.3739	0.391923	0.000269306	0.558659	0.585588	39.4012	-5.83819	-5.865	40.6683	-5.27953	-5.27941	0.0443713	-0.670754	-0.819164	0.0265996
188601	0.40369	0.391943	0.000269255	0.603169	0.585618	39.3937	-5.88257	-5.86503	40.6577	-5.2794	-5.27941	0.0442715	-0.963298	-0.819339	0.0265809
188801	0.384059	0.391939	0.000269168	0.573839	0.585612	39.3809	-5.85355	-5.86502	40.6415	-5.27971	-5.27941	0.0441752	-0.861519	-0.819504	0.0265443
189001	0.372573	0.391917	0.000269083	0.556677	0.585579	39.3685	-5.83608	-5.86499	40.6257	-5.2794	-5.27941	0.0440864	-0.927114	-0.819639	0.0264956
189201	0.371572	0.391905	0.0002687	0.555181	0.585562	39.3124	-5.83427	-5.86497	40.5674	-5.27908	-5.27941	0.0439977	-0.900799	-0.820068	0.026524
189401	0.381761	0.391864	0.000268945	0.570404	0.5855	39.3483	-5.85034	-5.86491	40.6007	-5.27994	-5.27941	0.0439096	-0.74667	-0.82006	0.0264686
189601	0.405725	0.391872	0.000268883	0.606211	0.585512	39.3393	-5.88691	-5.86492	40.5918	-5.2807	-5.27941	0.0439574	-0.689522	-0.819853	0.0264342
189801	0.398699	0.391894	0.000268583	0.595713	0.585545	39.2954	-5.87626	-5.86496	40.551	-5.28055	-5.27941	0.0441118	-0.737189	-0.819562	0.0264209
190001	0.377582	0.391876	0.00026856	0.56416	0.585518	39.292	-5.84368	-5.86493	40.5442	-5.27952	-5.27941	0.044091	-0.83726	-0.81943	0.0263714
190201	0.379366	0.391834	0.000269214	0.566826	0.585455	39.3877	-5.84556	-5.86487	40.6401	-5.27873	-5.27941	0.0440209	-0.982676	-0.819583	0.0263417
190401	0.403236	0.391802	0.000269361	0.602492	0.585408	39.4091	-5.88149	-5.86482	40.6634	-5.27899	-5.27941	0.0439913	-1.04618	-0.819879	0.0263276
190601	0.375429	0.391794	0.000269092	0.560944	0.585396	39.3699	-5.84106	-5.86481	40.6195	-5.28012	-5.27941	0.0439155	-0.555203	-0.819837	0.0263322
190801	0.366274	0.391774	0.000268926	0.547265	0.585365	39.3455	-5.82764	-5.86478	40.5887	-5.28037	-5.27942	0.0439385	-0.515853	-0.819284	0.0264154
191001	0.420672	0.391782	0.000268871	0.628543	0.585377	39.3376	-5.90864	-5.86479	40.5792	-5.28009	-5.27942	0.0439417	-0.779805	-0.818907	0.0264335
191201	0.420719	0.391826	0.000269397	0.628613	0.585443	39.4145	-5.90866	-5.86486	40.6588	-5.28005	-5.27942	0.0439014	-0.731059	-0.818733	0.0263914
191401	0.388837	0.39183	0.000268973	0.580976	0.585449	39.3525	-5.86121	-5.86487	40.5946	-5.28023	-5.27942	0.0438764	-0.720437	-0.818361	0.0264002
191601	0.394947	0.391844	0.000268543	0.590107	0.58547	39.2895	-5.86995	-5.86489	40.5306	-5.27985	-5.27942	0.0438476	-0.775919	-0.818305	0.026346
191801	0.39118	0.391858	0.000268275	0.584478	0.585491	39.2502	-5.86432	-5.86491	40.4897	-5.27984	-5.27942	0.0437725	-0.647383	-0.818198	0.0263076
192001	0.39815	0.391869	0.000268083	0.594892	0.585508	39.2222	-5.87485	-5.86493	40.4602	-5.27996	-5.27942	0.0437148	-0.828075	-0.818001	0.0262965
192201	0.376947	0.391867	0.000267692	0.563212	0.585505	39.165	-5.84238	-5.86493	40.4005	-5.27917	-5.27942	0.043633	-0.769606	-0.817988	0.0262436
192401	0.39714	0.391891	0.000267846	0.593383	0.58554	39.1875	-5.87201	-5.86496	40.4171	-5.27863	-5.27942	0.0435878	-1.06424	-0.818434	0.0263161
192601	0.396593	0.391877	0.000267563	0.592566	0.585519	39.1461	-5.87087	-5.86494	40.3758	-5.2783	-5.27942	0.0436408	-1.07167	-0.81885	0.0263457
192801	0.392738	0.391856	0.000267612	0.586806	0.585489	39.1533	-5.86535	-5.86491	40.3845	-5.27854	-5.27942	0.0436958	-0.958457	-0.819134	0.0263409
193001	0.383392	0.391869	0.000267193	0.572842	0.585507	39.092	-5.85163	-5.86492	40.319	-5.27879	-5.27942	0.0436684	-0.919635	-0.819448	0.0263316
193201	0.382543	0.391848	0.000267168	0.571574	0.585477	39.0883	-5.85043	-5.86489	40.3149	-5.27886	-5.27942	0.0436202	-0.825183	-0.819594	0.0263034
193401	0.402093	0.391842	0.000266787	0.600784	0.585466	39.0326	-5.87928	-5.86488	40.2573	-5.27849	-5.27941	0.0436159	-1.03477	-0.819736	0.0262721
193601	0.368017	0.391848	0.000266699	0.549869	0.585476	39.0197	-5.82906	-5.86489	40.2398	-5.27919	-5.27941	0.0435843	-0.793174	-0.820114	0.0263057
193801	0.394074	0.391845	0.00026626	0.588802	0.585472	38.9555	-5.86816	-5.86488	40.1732	-5.27936	-5.27941	0.0434926	-0.922549	-0.820273	0.0262655
194001	0.376541	0.391856	0.000265818	0.562605	0.585488	38.8909	-5.84173	-5.8649	40.1059	-5.27913	-5.27941	0.0434042	-0.857953	-0.820512	0.0262374
194201	0.395852	0.391834	0.000265658	0.591458	0.585455	38.8675	-5.87017	-5.86487	40.0813	-5.27871	-5.27941	0.0433397	-0.974639	-0.82066	0.0261974
194401	0.382326	0.391846	0.000265346	0.571249	0.585473	38.8218	-5.84951	-5.86488	40.0312	-5.27826	-5.27941	0.0433813	-0.977687	-0.821073	0.0262241
194601	0.380614	0.391815	0.000265502	0.56869	0.585427	38.8446	-5.8474	-5.86483	40.0579	-5.27871	-5.27941	0.0434309	-0.881132	-0.821278	0.0261925
194801	0.40655	0.391837	0.000265366	0.607442	0.585459	38.8247	-5.88685	-5.86487	40.0349	-5.27941	-5.27941	0.0433582	-0.865672	-0.821434	0.0261505
195001	0.396345	0.39186	0.000265158	0.592195	0.585494	38.7943	-5.87161	-5.8649	40.0026	-5.27941	-5.27941	0.0432687	-0.744094	-0.821416	0.0260989
195201	0.383686	0.391849	0.000264817	0.57328	0.585477	38.7443	-5.85285	-5.86488	39.95	-5.27957	-5.27941	0.0431787	-0.757992	-0.8212	0.0260701
195401	0.381674	0.391873	0.000265227	0.570275	0.585514	38.8044	-5.85049	-5.86492	40.0092	-5.28021	-5.27941	0.0431296	-0.596599	-0.821263	0.0260655
195601	0.400774	0.391893	0.000265385	0.598813	0.585543	38.8275	-5.87936	-5.86495	40.0342	-5.28054	-5.27941	0.0431729	-0.646938	-0.820892	0.0260881
195801	0.415919	0.39193	0.000265519	0.621441	0.585598	38.8471	-5.90151	-5.86501	40.0591	-5.28007	-5.27941	0.0432415	-0.81294	-0.82067	0.0260603
196001	0.404809	0.391948	0.000265235	0.604842	0.585625	38.8055	-5.88402	-5.86504	40.016	-5.27917	-5.27941	0.0431635	-1.03075	-0.820796	0.026025
196201	0.376404	0.39195	0.000264839	0.562401	0.585629	38.7476	-5.84119	-5.86504	39.9558	-5.27879	-5.27941	0.0431056	-0.969962	-0.821207	0.0260532
196401	0.38599	0.39193	0.000264577	0.576723	0.585599	38.7092	-5.85553	-5.86501	39.9174	-5.27881	-5.27941	0.0430687	-0.953775	-0.821512	0.026046
196601	0.395047	0.391933	0.000264104	0.590256	0.585603	38.6401	-5.86869	-5.86501	39.8453	-5.27844	-5.27941	0.0430525	-1.07287	-0.821919	0.0260772
196801	0.368019	0.391914	0.000263989	0.549873	0.585575	38.6232	-5.82759	-5.86498	39.8317	-5.27772	-5.27941	0.0432002	-1.08345	-0.822427	0.0261498
197001	0.36395	0.391854	0.00026524	0.543792	0.585485	38.8063	-5.82087	-5.86489	40.0376	-5.27708	-5.2794	0.0436988	-1.23024	-0.823164	0.0263613
197201	0.376802	0.391817	0.000265428	0.562995	0.585429	38.8337	-5.84028	-5.86483	40.0801	-5.27728	-5.2794	0.0443176	-1.15905	-0.824012	0.0266568
197401	0.363491	0.391762	0.000266399	0.543107	0.585347	38.9758	-5.82103	-5.86474	40.2389	-5.27792	-5.27939	0.0446495	-0.8652	-0.824304	0.026654
197601	0.37115	0.391693	0.000268454	0.55455	0.585244	39.2765	-5.83312	-5.86463	40.5522	-5.27857	-5.27939	0.0447428	-0.898167	-0.824258	0.0266096
197801	0.396629	0.391723	0.000268716	0.592619	0.585289	39.3149	-5.8719	-5.86468	40.5854	-5.27928	-5.27939	0.0446854	-0.897115	-0.824707	0.0266709
198001	0.405441	0.391721	0.000268264	0.605786	0.585287	39.2488	-5.88541	-5.86468	40.5169	-5.27963	-5.27939	0.0445986	-0.879207	-0.824707	0.0266182
198201	0.401475	0.391734	0.000267993	0.599861	0.585305	39.2091	-5.87907	-5.86469	40.4749	-5.27921	-5.27939	0.0445103	-0.966961	-0.824803	0.0265738
198401	0.389402	0.391763	0.000268415	0.581822	0.585349	39.2707	-5.86098	-5.86474	40.533	-5.27915	-5.27939	0.0444245	-0.897568	-0.825162	0.0266043
198601	0.394912	0.391762	0.000267904	0.590054	0.585348	39.1961	-5.8696	-5.86474	40.4557	-5.27954	-5.27939	0.0443376	-0.822948	-0.825257	0.026559
198801	0.3998	0.391778	0.00026756	0.597357	0.585372	39.1456	-5.87707	-5.86476	40.4037	-5.27971	-5.27939	0.0442586	-0.857484	-0.825286	0.0265083
199001	0.396535	0.3918	0.000267348	0.592479	0.585404	39.1147	-5.87214	-5.86479	40.3714	-5.27966	-5.27939	0.0441802	-0.755938	-0.825312	0.0264601
199201	0.415083	0.391826	0.000267424	0.620192	0.585444	39.1258	-5.89961	-5.86483	40.3809	-5.27942	-5.27939	0.0440982	-0.983422	-0.825349	0.0264234
199401	0.389356	0.391811	0.000267212	0.581752	0.585421	39.0948	-5.86051	-5.86481	40.349	-5.27876	-5.27939	0.0440296	-0.99262	-0.8255	0.0263848
199601	0.385495	0.391818	0.000266894	0.575983	0.585432	39.0482	-5.85485	-5.86482	40.299	-5.27886	-5.27939	0.0439958	-0.931799	-0.8259	0.0264214
199801	0.396203	0.391835	0.000266557	0.591982	0.585457	38.999	-5.87154	-5.86485	40.2468	-5.27956	-5.27939	0.0439168	-0.843254	-0.826156	0.0264088
