timestep            	T              	T_{ave}             	T_{var}           	K/N            	K_{ave}/N           	K_{var}           	U/N            	U_{ave}/N           	U_{var}           	E/N            	E_{ave}/N           	E_{var}           	P              	P_{ave}             	P_{var}
100001	0.582362	0.582362	0	0.87013	0.87013	0	-5.08859	-5.08859	0	-4.21846	-4.21846	0	-0.811252	-0.811252	0
100201	0.614723	0.584222	0.000187374	0.918482	0.872909	27.4139	-5.13736	-5.09157	27.7201	-4.21888	-4.21866	0.00108631	-1.02637	-0.840775	0.00856993
100401	0.575336	0.587546	0.000226553	0.859633	0.877876	33.1461	-5.07854	-5.09667	33.3793	-4.2189	-4.21879	0.00164538	-0.761038	-0.844164	0.00953673
100601	0.547978	0.589464	0.000275941	0.818756	0.880742	40.3718	-5.03792	-5.09961	40.5182	-4.21916	-4.21887	0.0020234	-0.455929	-0.833002	0.01428
100801	0.595361	0.587877	0.000312115	0.889553	0.878371	45.6643	-5.10895	-5.09734	45.7228	-4.2194	-4.21897	0.00358871	-0.637111	-0.769865	0.0246831
101001	0.599116	0.589916	0.000322232	0.895163	0.881417	47.1446	-5.11437	-5.10047	47.2923	-4.21921	-4.21905	0.00489342	-0.920857	-0.767792	0.0254039
101201	0.553079	0.587928	0.000315932	0.826377	0.878446	46.2228	-5.04535	-5.0975	46.353	-4.21897	-4.21906	0.00411585	-0.598777	-0.773655	0.022465
101401	0.61952	0.587613	0.000326671	0.92565	0.877976	47.7941	-5.14434	-5.097	47.873	-4.21869	-4.21903	0.00395626	-1.03908	-0.77439	0.0219317
101601	0.598537	0.588255	0.000301884	0.894299	0.878936	44.1675	-5.11258	-5.09789	44.1969	-4.21828	-4.21896	0.00566838	-1.17607	-0.802392	0.0251682
101801	0.577537	0.589059	0.000293181	0.862921	0.880137	42.8942	-5.08096	-5.099	42.8238	-4.21804	-4.21886	0.00964998	-1.20753	-0.854363	0.0443452
102001	0.596176	0.588609	0.000275464	0.89077	0.879465	40.3022	-5.10907	-5.09826	40.3097	-4.2183	-4.21879	0.0119544	-1.16548	-0.887924	0.0502176
102201	0.571449	0.588312	0.000256911	0.853826	0.879021	37.5877	-5.0722	-5.09777	37.6197	-4.21837	-4.21875	0.0119738	-0.925695	-0.899869	0.0473401
102401	0.571725	0.588488	0.000246959	0.854238	0.879283	36.1317	-5.07278	-5.09801	36.1574	-4.21854	-4.21873	0.0113679	-0.927005	-0.909454	0.0446497
102601	0.59957	0.588234	0.000277886	0.895842	0.878905	40.6565	-5.11435	-5.09762	40.6844	-4.21851	-4.21871	0.0107023	-1.08418	-0.91809	0.0435873
102801	0.590885	0.587795	0.000263232	0.882865	0.878249	38.5124	-5.10151	-5.09695	38.5463	-4.21864	-4.2187	0.00998758	-1.03261	-0.918929	0.0406957
103001	0.620047	0.589247	0.00030229	0.926438	0.880417	44.227	-5.14496	-5.09911	44.2226	-4.21852	-4.21869	0.00940546	-1.2657	-0.936083	0.0429333
103201	0.576917	0.588244	0.000314597	0.861995	0.878919	46.0275	-5.08064	-5.0976	46.0489	-4.21864	-4.21869	0.00890697	-0.945238	-0.937229	0.0410986
103401	0.593127	0.587316	0.000338157	0.886215	0.877533	49.4744	-5.10502	-5.09622	49.4989	-4.2188	-4.21869	0.00839082	-1.08219	-0.938093	0.0395757
103601	0.618934	0.587863	0.000340946	0.924774	0.878351	49.8826	-5.14371	-5.09705	49.9309	-4.21894	-4.2187	0.00807698	-1.11362	-0.944911	0.0383784
103801	0.610435	0.589002	0.000364618	0.912076	0.880052	53.3459	-5.13127	-5.09877	53.4762	-4.21919	-4.21872	0.00811443	-0.83294	-0.943819	0.036904
104001	0.582122	0.589587	0.00035533	0.869772	0.880927	51.9869	-5.08867	-5.09966	52.1595	-4.2189	-4.21874	0.00822295	-0.75523	-0.935263	0.036479
104201	0.626245	0.589713	0.000346294	0.935699	0.881115	50.665	-5.1544	-5.09985	50.8266	-4.2187	-4.21874	0.00784373	-1.18839	-0.936754	0.0355033
104401	0.576847	0.589971	0.000340231	0.861891	0.881499	49.7779	-5.08051	-5.10023	49.9296	-4.21862	-4.21873	0.00752539	-0.810161	-0.937986	0.0343812
104601	0.593412	0.589633	0.000330639	0.886641	0.880995	48.3745	-5.10553	-5.09973	48.5212	-4.21889	-4.21873	0.00721683	-0.917827	-0.93372	0.0333546
104801	0.58044	0.59007	0.00033416	0.867259	0.881647	48.8897	-5.08664	-5.1004	49.0574	-4.21938	-4.21875	0.00751627	-0.726825	-0.932675	0.0325666
105001	0.607845	0.590234	0.000335095	0.908206	0.881893	49.0266	-5.12743	-5.10066	49.2086	-4.21922	-4.21877	0.00796501	-0.904335	-0.926691	0.0324126
105201	0.617872	0.590755	0.000341488	0.923187	0.882671	49.9618	-5.14243	-5.10146	50.182	-4.21925	-4.21879	0.00814067	-0.988163	-0.925711	0.0315137
105401	0.587232	0.59175	0.000361114	0.877407	0.884158	52.8333	-5.09677	-5.10297	53.1535	-4.21936	-4.21881	0.00861287	-0.714677	-0.92644	0.0307142
105601	0.619865	0.592177	0.000365188	0.926165	0.884796	53.4292	-5.14531	-5.10362	53.7647	-4.21914	-4.21882	0.00870785	-0.879163	-0.921619	0.0305367
105801	0.636923	0.593007	0.000373985	0.951652	0.886035	54.7163	-5.17085	-5.10487	55.0959	-4.21919	-4.21884	0.00867479	-1.0274	-0.919639	0.0296885
106001	0.55804	0.593152	0.00037922	0.83379	0.886252	55.4823	-5.0528	-5.1051	55.8624	-4.21901	-4.21885	0.00857498	-0.760994	-0.918615	0.0290089
106201	0.580815	0.592618	0.000378414	0.867819	0.885455	55.3644	-5.08672	-5.1043	55.7213	-4.21891	-4.21885	0.00831893	-0.896945	-0.917974	0.0282112
106401	0.579354	0.592713	0.000380168	0.865637	0.885596	55.6209	-5.08428	-5.10444	55.9616	-4.21864	-4.21885	0.00807841	-0.809976	-0.920478	0.0280285
106601	0.575142	0.592718	0.000372496	0.859343	0.885604	54.4985	-5.07783	-5.10444	54.8308	-4.21849	-4.21884	0.00799659	-0.745903	-0.9186	0.0273986
106801	0.587993	0.592832	0.000367514	0.878544	0.885774	53.7695	-5.0971	-5.1046	54.0875	-4.21856	-4.21883	0.00792857	-0.949606	-0.918158	0.0268131
107001	0.61617	0.593284	0.000366443	0.920645	0.88645	53.6128	-5.13937	-5.10527	53.9048	-4.21872	-4.21882	0.00779494	-1.11444	-0.92372	0.0271856
107201	0.591998	0.593107	0.000361143	0.884528	0.886186	52.8375	-5.10354	-5.10501	53.1176	-4.21901	-4.21883	0.00760479	-0.864772	-0.922299	0.0267011
107401	0.577686	0.593377	0.00035985	0.863144	0.886589	52.6483	-5.08212	-5.10542	52.9296	-4.21897	-4.21883	0.00744458	-0.527915	-0.918577	0.0270427
107601	0.616872	0.593184	0.000358152	0.921693	0.8863	52.3999	-5.14038	-5.10513	52.6676	-4.21869	-4.21883	0.00726464	-0.860002	-0.911344	0.0286331
107801	0.596545	0.593338	0.000350619	0.891323	0.886531	51.2978	-5.10988	-5.10536	51.5538	-4.21856	-4.21883	0.0071413	-0.978275	-0.909889	0.028072
108001	0.579116	0.593541	0.000346495	0.865281	0.886833	50.6944	-5.08386	-5.10565	50.9339	-4.21858	-4.21882	0.00707185	-0.888748	-0.912203	0.0276502
108201	0.601613	0.593683	0.000341266	0.898894	0.887046	49.9294	-5.1179	-5.10586	50.1624	-4.21901	-4.21882	0.00693329	-0.889856	-0.913772	0.027134
108401	0.61831	0.594093	0.000347527	0.923841	0.887659	50.8454	-5.1432	-5.10649	51.1174	-4.21936	-4.21883	0.00714925	-0.904756	-0.912156	0.0267324
108601	0.607299	0.594515	0.000349805	0.90739	0.888289	51.1786	-5.12639	-5.10713	51.4746	-4.219	-4.21884	0.00723777	-0.911839	-0.912649	0.0262195
108801	0.583082	0.594878	0.000357229	0.871206	0.888832	52.2649	-5.09009	-5.10767	52.5609	-4.21889	-4.21884	0.0070836	-0.756859	-0.912503	0.0259381
109001	0.620081	0.595102	0.000353521	0.926488	0.889166	51.7223	-5.14537	-5.10801	52.0157	-4.21889	-4.21884	0.00693816	-0.971979	-0.91327	0.0254622
109201	0.577165	0.595186	0.000348753	0.862366	0.889291	51.0248	-5.08131	-5.10813	51.3121	-4.21894	-4.21884	0.00679009	-0.751063	-0.911	0.0252067
109401	0.59779	0.595033	0.000346809	0.893182	0.889063	50.7403	-5.11238	-5.10791	51.0172	-4.2192	-4.21885	0.00671956	-0.840332	-0.908894	0.0249656
109601	0.590125	0.595025	0.000341963	0.881729	0.889051	50.0314	-5.10098	-5.10791	50.302	-4.21925	-4.21886	0.00676359	-0.860589	-0.907568	0.0245616
109801	0.619276	0.595521	0.000347992	0.925285	0.889793	50.9134	-5.14483	-5.10866	51.2298	-4.21954	-4.21887	0.00699392	-0.786657	-0.907973	0.0241431
110001	0.633049	0.595932	0.000354559	0.945864	0.890407	51.8743	-5.16557	-5.10929	52.2468	-4.21971	-4.21888	0.00768219	-0.719203	-0.902793	0.0251984
110201	0.628755	0.596581	0.000369934	0.939448	0.891376	54.1236	-5.15902	-5.11027	54.5864	-4.21958	-4.2189	0.00830307	-0.94823	-0.901639	0.0250187
110401	0.615969	0.597049	0.000374191	0.920345	0.892075	54.7465	-5.13965	-5.11098	55.2478	-4.2193	-4.21891	0.00849037	-0.789999	-0.901208	0.0245721
110601	0.647049	0.597415	0.000383794	0.966783	0.892622	56.1514	-5.18603	-5.11154	56.6677	-4.21925	-4.21891	0.00848169	-1.09944	-0.900458	0.0246504
110801	0.596332	0.597483	0.000380935	0.891005	0.892724	55.7332	-5.11004	-5.11164	56.2446	-4.21904	-4.21892	0.00841184	-0.825128	-0.898846	0.0245011
111001	0.547527	0.597589	0.000386604	0.818082	0.892882	56.5626	-5.03701	-5.1118	57.0684	-4.21892	-4.21892	0.00826631	-0.622301	-0.899087	0.0244278
111201	0.592604	0.59712	0.000395371	0.885433	0.892181	57.8452	-5.10372	-5.1111	58.3596	-4.21829	-4.21892	0.00825231	-0.964569	-0.897246	0.0243582
111401	0.550208	0.596901	0.00039385	0.822088	0.891854	57.6227	-5.04011	-5.11075	58.1644	-4.21802	-4.2189	0.00886847	-0.869394	-0.899125	0.0241964
111601	0.616752	0.597034	0.000399453	0.921515	0.892052	58.4425	-5.13972	-5.11094	58.9604	-4.2182	-4.21889	0.0093832	-1.32179	-0.904896	0.026206
111801	0.595049	0.596868	0.000398834	0.889088	0.891805	58.3519	-5.10741	-5.11068	58.8771	-4.21833	-4.21888	0.00958178	-1.12676	-0.908202	0.0266106
112001	0.567189	0.596593	0.000400386	0.847459	0.891394	58.579	-5.06572	-5.11026	59.1306	-4.21826	-4.21887	0.00986081	-1.02528	-0.911323	0.0268282
112201	0.609025	0.596494	0.00040592	0.909969	0.891247	59.3887	-5.1285	-5.11011	59.947	-4.21853	-4.21886	0.00994763	-1.07294	-0.913806	0.0269089
112401	0.607697	0.59619	0.000410774	0.907984	0.890792	60.0989	-5.12659	-5.10965	60.6643	-4.21861	-4.21885	0.00986566	-1.15897	-0.91385	0.0267862
112601	0.591633	0.596061	0.000407143	0.883983	0.890599	59.5676	-5.10279	-5.10945	60.1258	-4.21881	-4.21885	0.0097325	-1.10681	-0.916215	0.026746
112801	0.584422	0.595946	0.000404892	0.873208	0.890427	59.2383	-5.09187	-5.10928	59.7886	-4.21867	-4.21885	0.0095883	-1.02531	-0.91829	0.0266622
113001	0.583461	0.595767	0.000401368	0.871773	0.89016	58.7226	-5.09028	-5.10901	59.2737	-4.21851	-4.21885	0.00950678	-0.929961	-0.919439	0.0263674
113201	0.571307	0.595377	0.000406107	0.853613	0.889577	59.4161	-5.07199	-5.10842	59.991	-4.21838	-4.21884	0.00953964	-0.927138	-0.91839	0.0260987
113401	0.580312	0.594844	0.000422148	0.867068	0.888781	61.7629	-5.08534	-5.10761	62.3833	-4.21827	-4.21883	0.00965022	-0.941199	-0.91755	0.0258519
113601	0.578714	0.594715	0.000417668	0.86468	0.888587	61.1075	-5.08311	-5.10741	61.7312	-4.21843	-4.21883	0.00974663	-1.05257	-0.919023	0.0256447
113801	0.581077	0.59474	0.000416278	0.86821	0.888626	60.904	-5.08656	-5.10745	61.5155	-4.21835	-4.21882	0.00978191	-1.04612	-0.922486	0.0262173
114001	0.590041	0.594726	0.000410849	0.881604	0.888604	60.1098	-5.0999	-5.10742	60.7142	-4.2183	-4.21881	0.00985408	-0.931546	-0.923614	0.0259521
114201	0.596938	0.594782	0.00040682	0.891909	0.888688	59.5202	-5.10981	-5.10749	60.1085	-4.2179	-4.2188	0.010151	-0.976995	-0.924526	0.0256871
114401	0.611772	0.59475	0.000404289	0.914074	0.88864	59.1499	-5.1318	-5.10743	59.7373	-4.21773	-4.21879	0.0109785	-1.16791	-0.925882	0.0255733
114601	0.550696	0.594796	0.000403675	0.822817	0.888709	59.0602	-5.0409	-5.10749	59.6308	-4.21808	-4.21878	0.0115628	-0.890829	-0.928487	0.0258311
114801	0.581934	0.594457	0.000408335	0.869491	0.888203	59.742	-5.08785	-5.10697	60.3419	-4.21836	-4.21877	0.0116718	-1.06408	-0.929547	0.0256252
115001	0.55994	0.594335	0.000407927	0.83663	0.888021	59.6823	-5.05468	-5.10678	60.2912	-4.21805	-4.21876	0.0117624	-0.89295	-0.931213	0.0256448
115201	0.596518	0.594236	0.000404415	0.891281	0.887872	59.1685	-5.1092	-5.10662	59.7845	-4.21792	-4.21875	0.0121452	-1.00522	-0.932052	0.0253767
115401	0.546196	0.594256	0.000404835	0.816093	0.887902	59.2299	-5.03401	-5.10664	59.8349	-4.21792	-4.21874	0.0125853	-0.806249	-0.933336	0.0253044
115601	0.57352	0.593932	0.000410298	0.85692	0.887418	60.0291	-5.07476	-5.10615	60.6797	-4.21784	-4.21873	0.0130192	-0.960162	-0.933455	0.0250667
115801	0.595	0.593845	0.000406906	0.889013	0.887288	59.533	-5.10691	-5.10601	60.1915	-4.2179	-4.21872	0.0135122	-0.853567	-0.933104	0.0248366
116001	0.599287	0.593573	0.00041006	0.895418	0.886882	59.9944	-5.11373	-5.10559	60.6747	-4.21831	-4.21871	0.0136589	-0.908028	-0.930358	0.0252148
116201	0.557137	0.593493	0.000409068	0.832442	0.886762	59.8492	-5.05079	-5.10547	60.5265	-4.21835	-4.21871	0.0135932	-0.620683	-0.929192	0.0251921
116401	0.570245	0.593382	0.000409894	0.852026	0.886596	59.9701	-5.07032	-5.1053	60.6482	-4.21829	-4.2187	0.013547	-0.807842	-0.927854	0.0251492
116601	0.584119	0.593294	0.000407229	0.872756	0.886464	59.5802	-5.09156	-5.10516	60.2522	-4.21881	-4.2187	0.0134276	-0.691018	-0.926324	0.0251388
116801	0.601106	0.593369	0.00040581	0.898136	0.886577	59.3725	-5.11711	-5.10528	60.0416	-4.21897	-4.2187	0.0133067	-0.763518	-0.924478	0.0252031
117001	0.599609	0.593465	0.000401906	0.8959	0.88672	58.8013	-5.11515	-5.10543	59.4705	-4.21925	-4.21871	0.0132854	-0.806867	-0.922856	0.0251326
117201	0.586259	0.593482	0.00039989	0.875954	0.886745	58.5064	-5.09546	-5.10546	59.1687	-4.21951	-4.21872	0.0134681	-0.636153	-0.920865	0.0253358
117401	0.611606	0.593697	0.000400458	0.913825	0.887067	58.5895	-5.1336	-5.10579	59.2841	-4.21977	-4.21873	0.0139637	-0.753162	-0.919403	0.0252787
117601	0.589832	0.59389	0.000399942	0.881292	0.887356	58.514	-5.10102	-5.10609	59.2415	-4.21973	-4.21874	0.01464	-0.704615	-0.917744	0.0252368
117801	0.609525	0.593881	0.000396194	0.910716	0.887342	57.9657	-5.1302	-5.10609	58.6836	-4.21948	-4.21875	0.0150098	-0.719896	-0.914759	0.0257699
118001	0.582863	0.593954	0.000393123	0.870879	0.887451	57.5164	-5.08963	-5.1062	58.2328	-4.21875	-4.21875	0.0149814	-0.818326	-0.913664	0.0256525
118201	0.588379	0.594022	0.000390278	0.879121	0.887553	57.1002	-5.09772	-5.1063	57.8061	-4.2186	-4.21875	0.0148389	-0.831429	-0.913841	0.0254087
118401	0.606315	0.593929	0.000387958	0.90592	0.887414	56.7607	-5.12485	-5.10616	57.4599	-4.21893	-4.21875	0.0146843	-0.84828	-0.911889	0.0255204
118601	0.589743	0.593825	0.000385896	0.881159	0.887258	56.459	-5.10019	-5.10601	57.1464	-4.21903	-4.21875	0.0145576	-0.819886	-0.910183	0.0255424
118801	0.632219	0.59389	0.000383333	0.944624	0.887355	56.0841	-5.16364	-5.10611	56.7675	-4.21902	-4.21876	0.0144507	-1.12108	-0.910256	0.0253221
119001	0.597615	0.593905	0.00038442	0.892921	0.887378	56.2431	-5.11212	-5.10614	56.9198	-4.2192	-4.21876	0.0143731	-0.918619	-0.910638	0.0251835
119201	0.612649	0.594078	0.000384096	0.915384	0.887636	56.1957	-5.13475	-5.1064	56.885	-4.21937	-4.21876	0.0144347	-0.904439	-0.91108	0.0249655
119401	0.595108	0.594261	0.000384512	0.889176	0.887909	56.2566	-5.10863	-5.10668	56.961	-4.21946	-4.21877	0.0145486	-0.81421	-0.910907	0.0247422
119601	0.59515	0.594316	0.000382144	0.889237	0.887991	55.91	-5.10877	-5.10677	56.6159	-4.21953	-4.21878	0.0147723	-0.811892	-0.910288	0.0245657
119801	0.591541	0.594381	0.000380079	0.883845	0.888089	55.6079	-5.10313	-5.10687	56.315	-4.21928	-4.21879	0.0149019	-0.772127	-0.909043	0.0245112
120001	0.611214	0.59448	0.000378379	0.91324	0.888236	55.3592	-5.13261	-5.10703	56.0683	-4.21937	-4.21879	0.0148874	-1.05116	-0.909459	0.0244025
120201	0.620887	0.594671	0.000378436	0.927692	0.888521	55.3675	-5.148	-5.10732	56.1088	-4.22031	-4.2188	0.0154645	-0.951577	-0.910271	0.0242537
120401	0.625903	0.594949	0.000385862	0.935188	0.888938	56.454	-5.15607	-5.10776	57.2885	-4.22088	-4.21882	0.0173999	-0.644964	-0.909537	0.0241993
120601	0.637149	0.594914	0.000386152	0.95199	0.888885	56.4965	-5.17332	-5.10772	57.3111	-4.22133	-4.21884	0.0205868	-0.649781	-0.904469	0.0267283
120801	0.608193	0.595096	0.000387979	0.908726	0.889157	56.7638	-5.12992	-5.10802	57.6629	-4.22119	-4.21886	0.0242363	-0.4845	-0.900835	0.0279033
121001	0.595907	0.595189	0.000385967	0.890369	0.889296	56.4693	-5.11101	-5.10818	57.3998	-4.22064	-4.21888	0.0268169	-0.624892	-0.897189	0.0290985
121201	0.631296	0.595304	0.000387073	0.943244	0.889468	56.6313	-5.16278	-5.10836	57.5699	-4.21954	-4.2189	0.0274863	-1.13355	-0.897006	0.0291908
121401	0.597425	0.595432	0.000386542	0.892637	0.889658	56.5536	-5.11181	-5.10856	57.4944	-4.21917	-4.2189	0.0273104	-0.854274	-0.897662	0.0290466
121601	0.59761	0.595484	0.000383826	0.892913	0.889737	56.1561	-5.11218	-5.10864	57.0926	-4.21927	-4.2189	0.0271454	-0.819976	-0.897322	0.0288057
121801	0.582672	0.59538	0.000382302	0.870594	0.889582	55.9331	-5.08989	-5.10849	56.8536	-4.21929	-4.21891	0.0269751	-0.692248	-0.896054	0.0287492
122001	0.600894	0.595272	0.000382262	0.897821	0.889421	55.9273	-5.11672	-5.10833	56.8318	-4.2189	-4.21891	0.0267717	-0.939141	-0.894692	0.0288296
122201	0.590849	0.595206	0.000380845	0.882812	0.889322	55.7201	-5.10087	-5.10823	56.627	-4.21806	-4.2189	0.0266694	-1.05828	-0.895199	0.0286086
122401	0.595332	0.595093	0.000382646	0.88951	0.889153	55.9835	-5.10713	-5.10805	56.9098	-4.21762	-4.21889	0.0271729	-1.15591	-0.896661	0.0286757
122601	0.572587	0.594797	0.000391416	0.855525	0.88871	57.2667	-5.07291	-5.10759	58.2675	-4.21738	-4.21888	0.0280758	-1.20966	-0.897901	0.0286951
122801	0.570774	0.594617	0.000392435	0.852817	0.888441	57.4157	-5.07004	-5.10731	58.4657	-4.21722	-4.21887	0.0292835	-1.2037	-0.901054	0.0295899
123001	0.550452	0.594435	0.000393735	0.822452	0.888169	57.6059	-5.03981	-5.10702	58.7046	-4.21736	-4.21885	0.030478	-1.04244	-0.903466	0.030024
123201	0.586281	0.594213	0.000399919	0.875986	0.887838	58.5106	-5.09365	-5.10668	59.6614	-4.21766	-4.21884	0.0312334	-1.08493	-0.904767	0.0300192
123401	0.553657	0.593966	0.000404052	0.827242	0.887468	59.1154	-5.04522	-5.1063	60.3039	-4.21798	-4.21883	0.0315137	-0.922007	-0.905301	0.0298135
123601	0.569612	0.593693	0.000409795	0.851081	0.887061	59.9556	-5.06905	-5.10589	61.1799	-4.21797	-4.21883	0.031656	-0.97319	-0.905465	0.0295745
123801	0.597704	0.593632	0.000408332	0.893054	0.886969	59.7415	-5.11176	-5.10579	60.9635	-4.21871	-4.21882	0.0315839	-0.999859	-0.906468	0.0294928
124001	0.58789	0.593659	0.000405854	0.87839	0.88701	59.379	-5.09796	-5.10583	60.5906	-4.21957	-4.21882	0.0314321	-0.731289	-0.906281	0.0293512
124201	0.599015	0.593652	0.000402713	0.895013	0.887	58.9194	-5.1148	-5.10583	60.1205	-4.21978	-4.21883	0.031576	-0.728937	-0.904957	0.029326
124401	0.575471	0.593617	0.000399984	0.859835	0.886947	58.5202	-5.07933	-5.10579	59.7059	-4.2195	-4.21884	0.0317255	-0.511936	-0.902905	0.0296121
124601	0.615802	0.593679	0.000400605	0.920095	0.887041	58.611	-5.13957	-5.10588	59.7943	-4.21947	-4.21884	0.0316573	-0.840015	-0.901064	0.0299572
124801	0.64274	0.593828	0.000400882	0.960344	0.887262	58.6516	-5.17975	-5.10611	59.8437	-4.2194	-4.21885	0.0316204	-0.948837	-0.900446	0.0297777
125001	0.595506	0.59397	0.000402268	0.889769	0.887474	58.8543	-5.1091	-5.10633	60.0499	-4.21933	-4.21885	0.0314688	-0.680668	-0.89932	0.0297582
125201	0.607196	0.59384	0.000403272	0.907236	0.887281	59.0013	-5.12639	-5.10614	60.174	-4.21915	-4.21886	0.0313442	-0.978681	-0.897486	0.0300736
125401	0.57192	0.593892	0.000401011	0.854529	0.887358	58.6704	-5.07339	-5.10622	59.8358	-4.21886	-4.21886	0.0311127	-0.868195	-0.898514	0.0299929
125601	0.552538	0.593699	0.00040427	0.825569	0.88707	59.1472	-5.04384	-5.10592	60.3122	-4.21827	-4.21886	0.0309228	-0.875557	-0.898833	0.0298709
125801	0.594467	0.593495	0.000409481	0.888218	0.886764	59.9096	-5.10607	-5.10561	61.0959	-4.21785	-4.21885	0.0310375	-1.26524	-0.900053	0.0300101
126001	0.556629	0.593332	0.000411608	0.831683	0.886522	60.2208	-5.04928	-5.10536	61.4371	-4.2176	-4.21884	0.0314957	-0.936597	-0.901594	0.0301605
126201	0.573428	0.593142	0.000413412	0.856781	0.886238	60.4848	-5.07445	-5.10507	61.7359	-4.21767	-4.21883	0.0319352	-0.966076	-0.901786	0.0299369
126401	0.588752	0.593055	0.000411446	0.879678	0.886107	60.1972	-5.09759	-5.10493	61.4578	-4.21791	-4.21882	0.032263	-0.974151	-0.902472	0.0297767
126601	0.571249	0.592969	0.000409903	0.853526	0.885979	59.9714	-5.07169	-5.1048	61.2352	-4.21816	-4.21882	0.0323324	-0.834383	-0.902657	0.0295854
126801	0.58696	0.592853	0.000409335	0.877001	0.885805	59.8883	-5.0954	-5.10462	61.1549	-4.2184	-4.21881	0.0322301	-0.838631	-0.902212	0.0294029
127001	0.583432	0.592853	0.000407192	0.87173	0.885806	59.5748	-5.09056	-5.10462	60.8324	-4.21883	-4.21881	0.0320241	-0.810777	-0.901908	0.0292202
127201	0.605326	0.592948	0.000407015	0.904442	0.885947	59.5488	-5.12327	-5.10476	60.7979	-4.21883	-4.21881	0.0317892	-1.04399	-0.902532	0.0290896
127401	0.561662	0.592802	0.00040979	0.839202	0.88573	59.9548	-5.05774	-5.10454	61.1975	-4.21854	-4.21881	0.0315657	-0.822814	-0.902211	0.0289698
127601	0.60823	0.592676	0.000411711	0.908781	0.885542	60.2359	-5.12704	-5.10435	61.4782	-4.21826	-4.21881	0.031429	-1.10517	-0.902422	0.0288492
127801	0.582508	0.592541	0.000413268	0.87035	0.88534	60.4637	-5.08834	-5.10414	61.7155	-4.21799	-4.2188	0.0314335	-0.991424	-0.902621	0.0287053
128001	0.588589	0.592417	0.000412952	0.879435	0.885154	60.4175	-5.09768	-5.10395	61.6765	-4.21824	-4.2188	0.0314216	-0.901672	-0.902528	0.0285453
128201	0.586071	0.592506	0.000412718	0.875672	0.885287	60.3832	-5.09418	-5.10408	61.6247	-4.21851	-4.21879	0.0312909	-0.894912	-0.903191	0.0284457
128401	0.62278	0.592444	0.000412538	0.930521	0.885195	60.3568	-5.14948	-5.10399	61.5919	-4.21896	-4.21879	0.0310806	-1.02191	-0.902653	0.0283359
128601	0.592222	0.592385	0.000412862	0.884862	0.885107	60.4043	-5.10405	-5.1039	61.6278	-4.21918	-4.2188	0.0308976	-0.915407	-0.902339	0.0282087
128801	0.588146	0.592255	0.000413126	0.878773	0.884912	60.4429	-5.0978	-5.10371	61.6497	-4.21903	-4.2188	0.0307318	-1.0829	-0.902399	0.0280588
129001	0.57658	0.592159	0.000411992	0.861492	0.884769	60.277	-5.0804	-5.10357	61.4729	-4.21891	-4.2188	0.0305302	-0.934552	-0.903171	0.0279671
129201	0.610121	0.592089	0.000411465	0.911607	0.884664	60.1999	-5.13087	-5.10347	61.3857	-4.21927	-4.2188	0.0303554	-0.919089	-0.902579	0.0278652
129401	0.606362	0.592125	0.000409132	0.90599	0.884719	59.8586	-5.12582	-5.10353	61.0419	-4.21983	-4.21881	0.0304534	-0.883709	-0.902256	0.0277031
129601	0.620804	0.592215	0.000408143	0.927568	0.884852	59.7138	-5.14715	-5.10367	60.905	-4.21958	-4.21881	0.030636	-1.01915	-0.902498	0.0275536
129801	0.582534	0.592263	0.000406701	0.870387	0.884925	59.503	-5.08907	-5.10374	60.69	-4.21869	-4.21882	0.0305077	-1.10101	-0.903646	0.0276433
130001	0.591501	0.592246	0.000405728	0.883786	0.884898	59.3606	-5.10224	-5.10371	60.5401	-4.21846	-4.21881	0.0303474	-1.06002	-0.905084	0.0278213
130201	0.606437	0.592156	0.000404969	0.906102	0.884764	59.2496	-5.12475	-5.10358	60.4257	-4.21864	-4.21881	0.0301739	-1.22941	-0.905971	0.0277955
130401	0.594556	0.592118	0.000403614	0.88835	0.884708	59.0512	-5.10733	-5.10352	60.2186	-4.21898	-4.21881	0.0299804	-0.987835	-0.906815	0.0278079
130601	0.579197	0.592103	0.000401623	0.865401	0.884685	58.76	-5.08463	-5.1035	59.9184	-4.21923	-4.21881	0.029821	-0.844889	-0.906859	0.0276512
130801	0.596843	0.592128	0.000399785	0.891767	0.884722	58.4911	-5.11127	-5.10354	59.6459	-4.21951	-4.21882	0.0297747	-0.980439	-0.907203	0.027513
131001	0.595054	0.592128	0.000397808	0.889094	0.884723	58.2018	-5.10862	-5.10354	59.3495	-4.21953	-4.21882	0.0297883	-0.938808	-0.907502	0.0273681
131201	0.576291	0.592131	0.000396103	0.861059	0.884727	57.9524	-5.08049	-5.10355	59.093	-4.21943	-4.21883	0.0297831	-0.72715	-0.90724	0.0272262
131401	0.587711	0.592057	0.000394962	0.878122	0.884617	57.7855	-5.09748	-5.10345	58.9105	-4.21936	-4.21883	0.0297442	-0.906243	-0.906605	0.0271313
131601	0.580012	0.592014	0.0003931	0.866619	0.884552	57.513	-5.08571	-5.10338	58.6282	-4.21909	-4.21883	0.0296188	-0.975785	-0.90704	0.0269991
131801	0.632206	0.592096	0.000394958	0.944604	0.884674	57.7848	-5.16398	-5.10351	58.901	-4.21938	-4.21883	0.0294826	-1.18654	-0.908393	0.0272095
132001	0.608819	0.592151	0.00039408	0.909661	0.884757	57.6564	-5.12936	-5.1036	58.7743	-4.2197	-4.21884	0.0295398	-0.81845	-0.908081	0.0271149
132201	0.576997	0.592225	0.000398672	0.862114	0.884868	58.3282	-5.08173	-5.10371	59.451	-4.21962	-4.21884	0.029634	-0.570456	-0.907043	0.0272603
132401	0.638286	0.592353	0.000400981	0.95369	0.885059	58.666	-5.17329	-5.10391	59.8032	-4.2196	-4.21885	0.0297268	-0.94739	-0.906227	0.027263
132601	0.63955	0.592626	0.000411673	0.955577	0.885466	60.2303	-5.17484	-5.10432	61.3901	-4.21926	-4.21885	0.0296712	-0.899689	-0.906606	0.0271337
132801	0.614094	0.592669	0.000410543	0.917543	0.885532	60.065	-5.13665	-5.10439	61.2203	-4.21911	-4.21885	0.0295259	-0.819287	-0.905337	0.0272803
133001	0.606179	0.592641	0.000409482	0.905717	0.885489	59.9098	-5.12501	-5.10435	61.0557	-4.2193	-4.21886	0.0293965	-0.84332	-0.903989	0.027458
133201	0.593362	0.592726	0.000409837	0.886566	0.885616	59.9617	-5.10555	-5.10447	61.1073	-4.21898	-4.21886	0.0292579	-0.88454	-0.904067	0.0273316
133401	0.60622	0.59269	0.000408641	0.905778	0.885563	59.7867	-5.12438	-5.10442	60.9253	-4.2186	-4.21886	0.0290884	-1.11741	-0.904471	0.0272298
133601	0.582404	0.592669	0.000407003	0.870194	0.885531	59.5471	-5.08834	-5.10439	60.6814	-4.21814	-4.21886	0.0290047	-1.05285	-0.905285	0.0272026
133801	0.570919	0.592551	0.000407031	0.853033	0.885354	59.5512	-5.07069	-5.1042	60.7028	-4.21766	-4.21885	0.029248	-0.992912	-0.905766	0.0270825
134001	0.595347	0.592497	0.00040565	0.889533	0.885274	59.3491	-5.10705	-5.10412	60.5072	-4.21752	-4.21884	0.0296614	-1.1618	-0.906542	0.0270364
134201	0.581068	0.592463	0.000406296	0.868198	0.885223	59.4436	-5.0855	-5.10406	60.6064	-4.2173	-4.21883	0.0302711	-1.22887	-0.908334	0.0274806
134401	0.57437	0.592331	0.00040826	0.858189	0.885026	59.7309	-5.07528	-5.10385	60.9306	-4.21709	-4.21882	0.0311068	-1.1012	-0.909696	0.0277006
134601	0.581181	0.592088	0.000418887	0.868366	0.884663	61.2857	-5.08516	-5.10348	62.5704	-4.2168	-4.21881	0.0322924	-1.32477	-0.910316	0.0277384
134801	0.548671	0.591882	0.000426297	0.819792	0.884356	62.37	-5.0364	-5.10316	63.7337	-4.21661	-4.2188	0.0337442	-1.21983	-0.912221	0.0282705
135001	0.549286	0.591666	0.000433215	0.82071	0.884031	63.3821	-5.03738	-5.10282	64.8314	-4.21667	-4.21879	0.0353163	-1.26053	-0.914375	0.0289457
135201	0.524126	0.591328	0.000451771	0.783118	0.883527	66.097	-4.99987	-5.1023	67.6749	-4.21675	-4.21878	0.0366891	-1.03251	-0.915678	0.0291361
135401	0.551943	0.59109	0.000461068	0.824681	0.883171	67.4571	-5.04145	-5.10194	69.1196	-4.21677	-4.21877	0.0379214	-1.23882	-0.917112	0.029403
135601	0.548115	0.590796	0.000474208	0.818961	0.882732	69.3796	-5.03568	-5.10149	71.1496	-4.21672	-4.21875	0.0391998	-1.35579	-0.919016	0.0299203
135801	0.569808	0.590571	0.000482853	0.851374	0.882397	70.6445	-5.06819	-5.10114	72.4944	-4.21681	-4.21874	0.0404356	-1.50758	-0.921504	0.0309439
136001	0.544834	0.590375	0.0004875	0.814058	0.882104	71.3243	-5.03083	-5.10084	73.2396	-4.21677	-4.21873	0.0415826	-1.25674	-0.924042	0.0319419
136201	0.541033	0.590074	0.000502878	0.80838	0.881653	73.5742	-5.02541	-5.10038	75.5863	-4.21703	-4.21872	0.0425535	-1.1759	-0.925284	0.0320971
136401	0.554508	0.58985	0.000511323	0.828513	0.881319	74.8098	-5.04565	-5.10003	76.883	-4.21714	-4.21871	0.0432627	-1.23869	-0.927063	0.0325468
136601	0.534536	0.589677	0.000514928	0.798672	0.88106	75.3372	-5.01586	-5.09977	77.4529	-4.21719	-4.2187	0.0439107	-0.946958	-0.928188	0.0326746
136801	0.566779	0.589515	0.000518348	0.846847	0.880818	75.8375	-5.06436	-5.09952	77.9872	-4.21752	-4.2187	0.0443398	-1.06398	-0.929004	0.0326512
137001	0.535933	0.589402	0.000519156	0.800759	0.880649	75.9557	-5.01863	-5.09934	78.116	-4.21787	-4.21869	0.0444606	-0.750025	-0.929143	0.03252
137201	0.57762	0.589286	0.000520263	0.863045	0.880476	76.1178	-5.08097	-5.09916	78.2837	-4.21792	-4.21869	0.0444139	-1.19289	-0.929843	0.0325423
137401	0.577051	0.589239	0.000518158	0.862195	0.880406	75.8098	-5.08011	-5.09909	77.9721	-4.21792	-4.21868	0.04442	-1.05109	-0.930764	0.0325406
137601	0.598607	0.589217	0.000516181	0.894403	0.880373	75.5205	-5.11291	-5.09905	77.6726	-4.21851	-4.21868	0.0442686	-1.16091	-0.931688	0.0325441
137801	0.599409	0.589201	0.000514707	0.895602	0.88035	75.3048	-5.11483	-5.09903	77.4444	-4.21923	-4.21868	0.0440613	-0.941293	-0.932038	0.0324481
138001	0.637886	0.589249	0.000516603	0.953091	0.880422	75.5822	-5.17276	-5.09911	77.7199	-4.21966	-4.21869	0.0440535	-0.996243	-0.931327	0.0324918
138201	0.592851	0.589247	0.000516826	0.885803	0.880418	75.6149	-5.10583	-5.09911	77.7403	-4.22003	-4.21869	0.0442629	-0.697884	-0.93012	0.0326943
138401	0.594443	0.589296	0.0005169	0.888182	0.880492	75.6257	-5.10847	-5.09919	77.7544	-4.22029	-4.2187	0.0448334	-0.656315	-0.928836	0.0329228
138601	0.604382	0.589371	0.000516692	0.903031	0.880603	75.5952	-5.12273	-5.09931	77.7306	-4.2197	-4.21871	0.0451997	-0.936957	-0.928271	0.0329167
138801	0.5899	0.589435	0.000515426	0.881393	0.880698	75.41	-5.10056	-5.09941	77.5444	-4.21916	-4.21871	0.0451624	-0.897878	-0.928327	0.0327604
139001	0.611541	0.589548	0.000515505	0.913728	0.880868	75.4216	-5.13279	-5.09958	77.5531	-4.21906	-4.21871	0.0449753	-1.06811	-0.928857	0.0326579
139201	0.614964	0.589647	0.000515238	0.918843	0.881015	75.3826	-5.13799	-5.09973	77.5101	-4.21914	-4.21871	0.0447884	-0.992975	-0.929532	0.0325888
139401	0.600307	0.58967	0.000513365	0.896943	0.881051	75.1085	-5.11608	-5.09977	77.2273	-4.21913	-4.21872	0.0446348	-0.854421	-0.92903	0.0324951
139601	0.595501	0.589686	0.000511875	0.889763	0.881073	74.8906	-5.10909	-5.09979	77.0008	-4.21933	-4.21872	0.0444733	-0.948853	-0.928761	0.0324095
139801	0.592674	0.589722	0.000510863	0.885539	0.881128	74.7424	-5.10539	-5.09985	76.8489	-4.21985	-4.21872	0.0445259	-0.791911	-0.928653	0.032301
140001	0.605751	0.589782	0.00050928	0.905077	0.881217	74.5109	-5.12545	-5.09995	76.6237	-4.22038	-4.21873	0.0449184	-0.833969	-0.928228	0.0321837
140201	0.677236	0.589978	0.000516092	1.01189	0.88151	75.5075	-5.2328	-5.10025	77.6864	-4.22091	-4.21874	0.0459062	-1.08119	-0.928028	0.0320633
140401	0.636856	0.590159	0.000522042	0.951552	0.881781	76.378	-5.17307	-5.10053	78.6331	-4.22152	-4.21875	0.0476071	-0.638028	-0.926811	0.0323126
140601	0.633797	0.590362	0.000527981	0.946982	0.882084	77.2469	-5.16871	-5.10085	79.612	-4.22173	-4.21877	0.050267	-0.494638	-0.924729	0.0330568
140801	0.638747	0.590574	0.000535804	0.954377	0.882401	78.3914	-5.17529	-5.10118	80.8535	-4.22091	-4.21878	0.0521463	-0.809954	-0.923183	0.033449
141001	0.599043	0.590749	0.000539891	0.895055	0.882662	78.9894	-5.11522	-5.10145	81.499	-4.22017	-4.21879	0.0528494	-0.868364	-0.923001	0.0333306
141201	0.581735	0.590732	0.000537715	0.869194	0.882637	78.671	-5.08893	-5.10143	81.1657	-4.21974	-4.21879	0.0530153	-0.675406	-0.922155	0.0333469
141401	0.589377	0.590723	0.000535886	0.880613	0.882624	78.4035	-5.10003	-5.10142	80.8843	-4.21941	-4.2188	0.0529621	-0.753663	-0.921151	0.0334175
141601	0.573348	0.590728	0.000534049	0.856663	0.882631	78.1347	-5.07582	-5.10143	80.6038	-4.21915	-4.2188	0.052794	-0.898144	-0.921055	0.0333252
141801	0.573369	0.590765	0.000532574	0.856694	0.882686	77.9189	-5.0758	-5.10149	80.3786	-4.2191	-4.2188	0.0525754	-0.708103	-0.921129	0.0332052
142001	0.607773	0.590809	0.000531173	0.908099	0.882751	77.7139	-5.12744	-5.10155	80.1659	-4.21934	-4.2188	0.0523757	-0.840675	-0.920616	0.0331231
142201	0.571425	0.590827	0.00052953	0.853789	0.882779	77.4736	-5.07347	-5.10159	79.9164	-4.21968	-4.21881	0.0522838	-0.696412	-0.919847	0.0331119
142401	0.622103	0.590891	0.000528846	0.92951	0.882874	77.3735	-5.1496	-5.10169	79.8186	-4.22009	-4.21881	0.0523762	-0.918074	-0.919677	0.0329968
142601	0.602148	0.590982	0.000529892	0.899694	0.88301	77.5265	-5.12	-5.10183	79.9871	-4.2203	-4.21882	0.0528078	-0.714753	-0.919258	0.0329157
142801	0.637323	0.591058	0.000529381	0.95225	0.883124	77.4517	-5.17251	-5.10195	79.9223	-4.22026	-4.21883	0.0531648	-0.724711	-0.917977	0.033115
143001	0.603031	0.591245	0.000535309	0.901013	0.883403	78.3191	-5.12118	-5.10223	80.8286	-4.22017	-4.21883	0.0534848	-0.660807	-0.917154	0.033137
143201	0.61261	0.591275	0.000533503	0.915325	0.883448	78.0549	-5.13549	-5.10229	80.5612	-4.22017	-4.21884	0.0537832	-0.685745	-0.915648	0.0334813
143401	0.599611	0.591319	0.000532199	0.895904	0.883514	77.864	-5.11577	-5.10236	80.369	-4.21986	-4.21884	0.0539576	-0.704022	-0.9145	0.0336365
143601	0.577596	0.591371	0.000530723	0.86301	0.883591	77.648	-5.08263	-5.10244	80.1512	-4.21962	-4.21885	0.0539598	-0.707507	-0.913937	0.0335622
143801	0.589764	0.591346	0.000528671	0.88119	0.883555	77.3479	-5.10064	-5.10241	79.8366	-4.21945	-4.21885	0.0538593	-0.933519	-0.913586	0.0334515
144001	0.588449	0.591341	0.000527156	0.879226	0.883547	77.1262	-5.09854	-5.1024	79.6029	-4.21932	-4.21885	0.053696	-1.00197	-0.913906	0.0333492
144201	0.555986	0.59128	0.0005263	0.830721	0.883455	77.0009	-5.05004	-5.10231	79.4609	-4.21932	-4.21886	0.0535177	-0.662996	-0.913696	0.0332774
144401	0.577402	0.591158	0.000529045	0.862719	0.883274	77.4025	-5.08216	-5.10213	79.84	-4.21944	-4.21886	0.0533549	-0.742683	-0.912673	0.0334119
144601	0.604673	0.591268	0.000530264	0.903467	0.883437	77.5809	-5.12291	-5.1023	80.0214	-4.21945	-4.21886	0.0532374	-0.769492	-0.912552	0.0332814
144801	0.597189	0.591269	0.000529249	0.892285	0.88344	77.4324	-5.11135	-5.1023	79.861	-4.21907	-4.21886	0.0530521	-0.903671	-0.911933	0.0333119
145001	0.583081	0.591252	0.000527443	0.871206	0.883413	77.1682	-5.09012	-5.10228	79.5859	-4.21892	-4.21886	0.05282	-0.927453	-0.911989	0.033171
145201	0.60208	0.591241	0.000525264	0.899593	0.883397	76.8495	-5.11838	-5.10226	79.2563	-4.21879	-4.21886	0.052587	-1.03754	-0.912217	0.0330416
145401	0.604381	0.591238	0.000523532	0.90303	0.883393	76.596	-5.12154	-5.10225	78.9928	-4.21851	-4.21886	0.052371	-0.864137	-0.912049	0.0329655
145601	0.573851	0.591238	0.000522527	0.857414	0.883393	76.449	-5.07598	-5.10225	78.8354	-4.21857	-4.21886	0.0521808	-0.906297	-0.911982	0.0328397
145801	0.600824	0.591222	0.000521178	0.897716	0.883369	76.2516	-5.11658	-5.10223	78.629	-4.21887	-4.21886	0.0519636	-1.00035	-0.912352	0.0327442
146001	0.63172	0.591293	0.000522415	0.943878	0.883475	76.4326	-5.16294	-5.10233	78.8015	-4.21906	-4.21886	0.0517429	-1.02484	-0.912526	0.0326752
146201	0.59302	0.591334	0.00052124	0.886055	0.883536	76.2607	-5.10492	-5.1024	78.6208	-4.21887	-4.21886	0.0515224	-0.797617	-0.912261	0.032578
146401	0.609677	0.591434	0.000522108	0.910942	0.883686	76.3876	-5.12979	-5.10255	78.7377	-4.21884	-4.21886	0.0513004	-0.976351	-0.912631	0.0325126
146601	0.622138	0.5915	0.000521413	0.929561	0.883784	76.2859	-5.1485	-5.10264	78.6258	-4.21894	-4.21886	0.0510806	-0.952135	-0.912594	0.0323971
146801	0.616435	0.591589	0.000521559	0.92104	0.883918	76.3074	-5.14012	-5.10278	78.6399	-4.21908	-4.21886	0.0508708	-0.807183	-0.912174	0.0323314
147001	0.598459	0.59162	0.000519799	0.894182	0.883963	76.0499	-5.11312	-5.10283	78.3738	-4.21894	-4.21886	0.0506636	-0.915685	-0.911937	0.0322204
147201	0.594377	0.591633	0.000517908	0.888082	0.883982	75.7731	-5.10692	-5.10284	78.0872	-4.21884	-4.21886	0.0504494	-0.773754	-0.91166	0.0321132
147401	0.615491	0.591665	0.000516841	0.91963	0.884031	75.6171	-5.13837	-5.10289	77.9208	-4.21874	-4.21886	0.0502375	-1.02924	-0.911243	0.032087
147601	0.604395	0.591681	0.000517315	0.903051	0.884055	75.6865	-5.12176	-5.10292	77.9803	-4.21871	-4.21886	0.0500339	-0.995175	-0.91138	0.0320294
147801	0.577195	0.591614	0.000517823	0.86241	0.883954	75.7607	-5.08118	-5.10281	78.0467	-4.21877	-4.21886	0.0498298	-0.856302	-0.911026	0.0319729
148001	0.640272	0.591645	0.000517397	0.956656	0.884001	75.6984	-5.1754	-5.10286	77.9739	-4.21874	-4.21886	0.0496261	-1.28902	-0.911527	0.0319657
148201	0.521048	0.591625	0.000521873	0.778519	0.883971	76.3533	-4.99747	-5.10283	78.6175	-4.21895	-4.21886	0.0494215	-0.412487	-0.911446	0.0321932
148401	0.595109	0.591536	0.00052347	0.889176	0.883837	76.587	-5.10802	-5.1027	78.8408	-4.21885	-4.21886	0.0492179	-0.846408	-0.910438	0.0323672
148601	0.591502	0.591494	0.000522253	0.883788	0.883775	76.4089	-5.10253	-5.10263	78.654	-4.21875	-4.21886	0.0490162	-0.92169	-0.910102	0.0322738
148801	0.590439	0.591538	0.000521697	0.882199	0.883841	76.3275	-5.10071	-5.1027	78.5607	-4.21851	-4.21886	0.0488328	-0.892739	-0.910469	0.0322
149001	0.572244	0.591481	0.000520848	0.855013	0.883756	76.2033	-5.07346	-5.10261	78.4315	-4.21845	-4.21886	0.0486671	-0.813074	-0.910099	0.0321111
149201	0.609466	0.59153	0.000519997	0.910628	0.883828	76.0787	-5.12902	-5.10268	78.2938	-4.2184	-4.21886	0.0485193	-1.14157	-0.910676	0.0321002
149401	0.603363	0.591562	0.000519256	0.90151	0.883877	75.9704	-5.11994	-5.10273	78.1735	-4.21843	-4.21885	0.0483779	-1.214	-0.911728	0.032257
149601	0.56486	0.59146	0.000520778	0.843981	0.883724	76.193	-5.06251	-5.10258	78.3958	-4.21853	-4.21885	0.0482301	-0.84032	-0.911632	0.0322075
149801	0.58096	0.591481	0.000519968	0.868036	0.883755	76.0746	-5.0866	-5.10261	78.2678	-4.21856	-4.21885	0.0480524	-0.875707	-0.912004	0.0321472
150001	0.582539	0.59147	0.000519643	0.870394	0.883739	76.0271	-5.08893	-5.10259	78.2121	-4.21853	-4.21885	0.0478908	-0.895297	-0.912106	0.0320796
150201	0.598071	0.591492	0.000518012	0.893603	0.883772	75.7885	-5.11212	-5.10262	77.9636	-4.21851	-4.21885	0.0477221	-0.849885	-0.912258	0.0319757
150401	0.614528	0.591495	0.000516542	0.918191	0.883777	75.5733	-5.13658	-5.10262	77.7396	-4.21839	-4.21885	0.047571	-1.13841	-0.912114	0.0318979
150601	0.587405	0.591482	0.000515609	0.877666	0.883757	75.4368	-5.09586	-5.1026	77.5962	-4.21819	-4.21884	0.0474542	-1.02943	-0.912477	0.0318428
150801	0.593902	0.59145	0.000514956	0.887372	0.88371	75.3413	-5.10557	-5.10255	77.4966	-4.2182	-4.21884	0.0473864	-1.06458	-0.912831	0.0317807
151001	0.601345	0.591416	0.000513376	0.898494	0.883659	75.1101	-5.11674	-5.1025	77.2612	-4.21825	-4.21884	0.0472978	-1.18223	-0.913352	0.0317341
151201	0.588704	0.591356	0.000513484	0.879606	0.883569	75.1259	-5.09756	-5.10241	77.2788	-4.21795	-4.21884	0.0472632	-1.17699	-0.913843	0.0317104
151401	0.558594	0.591283	0.000514533	0.834618	0.88346	75.2793	-5.05282	-5.10229	77.4345	-4.21821	-4.21883	0.0472334	-1.03584	-0.914705	0.0318115
151601	0.57928	0.591151	0.00051772	0.865526	0.883263	75.7457	-5.0838	-5.10209	77.9081	-4.21828	-4.21883	0.0471409	-1.10105	-0.914847	0.0317249
151801	0.552976	0.591106	0.00051696	0.826224	0.883195	75.6345	-5.04478	-5.10202	77.7921	-4.21856	-4.21883	0.0470116	-0.93265	-0.915694	0.0318205
152001	0.596065	0.591113	0.000515786	0.890605	0.883206	75.4627	-5.10946	-5.10204	77.6127	-4.21886	-4.21883	0.0468344	-1.0014	-0.916251	0.0317885
152201	0.578241	0.5911	0.000514909	0.863974	0.883187	75.3344	-5.08263	-5.10202	77.476	-4.21865	-4.21883	0.0466593	-0.79795	-0.916175	0.0316977
152401	0.585868	0.591139	0.000515286	0.875369	0.883245	75.3895	-5.0942	-5.10207	77.5219	-4.21883	-4.21883	0.0464842	-0.861232	-0.916242	0.0316322
152601	0.598519	0.591141	0.000515179	0.894271	0.883248	75.3739	-5.11295	-5.10208	77.4985	-4.21868	-4.21883	0.0463084	-1.08381	-0.916407	0.0315521
152801	0.566867	0.591133	0.000514015	0.846979	0.883236	75.2037	-5.06524	-5.10206	77.3221	-4.21826	-4.21883	0.0461692	-1.03937	-0.917191	0.0316061
153001	0.536251	0.590987	0.000518337	0.801234	0.883018	75.8359	-5.01923	-5.10184	77.9674	-4.218	-4.21882	0.0461211	-0.923869	-0.9174	0.0315139
153201	0.591611	0.59089	0.000519561	0.883951	0.882873	76.015	-5.10183	-5.10169	78.1555	-4.21788	-4.21882	0.0461509	-1.19145	-0.918037	0.0315209
153401	0.566994	0.590818	0.000520017	0.847169	0.882765	76.0818	-5.06509	-5.10158	78.2268	-4.21792	-4.21882	0.0461698	-1.0568	-0.918447	0.0314873
153601	0.586899	0.590789	0.000518713	0.876909	0.882721	75.8909	-5.09457	-5.10154	78.0343	-4.21767	-4.21881	0.0462534	-1.17756	-0.919509	0.0316882
153801	0.588853	0.590746	0.000517546	0.87983	0.882658	75.7202	-5.09716	-5.10147	77.8676	-4.21734	-4.21881	0.0465457	-1.14123	-0.920187	0.031704
154001	0.576911	0.590675	0.000517156	0.861986	0.882551	75.6632	-5.07971	-5.10135	77.8208	-4.21773	-4.2188	0.0467818	-1.00264	-0.920499	0.0316222
154201	0.605569	0.590705	0.000515752	0.904805	0.882596	75.4578	-5.12279	-5.1014	77.6022	-4.21799	-4.2188	0.04682	-1.05347	-0.921171	0.0316361
154401	0.561785	0.590758	0.000515828	0.839385	0.882676	75.4689	-5.05769	-5.10147	77.599	-4.2183	-4.2188	0.046762	-0.717159	-0.921442	0.0315736
154601	0.592344	0.590702	0.00051553	0.885045	0.882592	75.4252	-5.10352	-5.10139	77.5522	-4.21847	-4.2188	0.0466315	-0.910772	-0.920858	0.0315718
154801	0.597557	0.590663	0.000515402	0.892833	0.882534	75.4065	-5.11126	-5.10133	77.5281	-4.21843	-4.2188	0.0464853	-0.934447	-0.92061	0.0315098
155001	0.592728	0.59066	0.000515983	0.885618	0.88253	75.4915	-5.10398	-5.10132	77.6055	-4.21836	-4.21879	0.0463614	-0.894931	-0.920484	0.0314583
155201	0.60944	0.590717	0.000515804	0.91059	0.882614	75.4654	-5.12898	-5.10141	77.5679	-4.21839	-4.21879	0.0462261	-1.04002	-0.920742	0.0313863
155401	0.580008	0.59072	0.00051466	0.866614	0.882618	75.298	-5.08483	-5.10141	77.393	-4.21822	-4.21879	0.0461238	-0.983513	-0.921087	0.0313189
155601	0.565847	0.590737	0.000513835	0.845455	0.882645	75.1773	-5.0635	-5.10143	77.2627	-4.21805	-4.21879	0.0460582	-0.879639	-0.921568	0.0312998
155801	0.609645	0.59074	0.000513148	0.910895	0.882649	75.0768	-5.12879	-5.10143	77.154	-4.2179	-4.21879	0.0460619	-1.19753	-0.922103	0.0313281
156001	0.61179	0.590782	0.000512705	0.9141	0.882711	75.0119	-5.13225	-5.10149	77.0749	-4.21815	-4.21878	0.0460549	-1.01384	-0.92249	0.0313341
156201	0.603127	0.590766	0.000511471	0.901156	0.882687	74.8315	-5.11954	-5.10147	76.8885	-4.21838	-4.21878	0.0459494	-0.874425	-0.922264	0.0312562
156401	0.569366	0.590684	0.000512223	0.850713	0.882566	74.9414	-5.06904	-5.10134	76.9971	-4.21833	-4.21878	0.0458186	-0.782188	-0.921486	0.0313296
156601	0.57327	0.590664	0.000510704	0.856546	0.882535	74.7192	-5.0746	-5.10131	76.77	-4.21805	-4.21878	0.0457425	-0.983198	-0.921639	0.0312439
156801	0.61487	0.590672	0.000509528	0.918702	0.882547	74.5471	-5.13661	-5.10132	76.5895	-4.21791	-4.21877	0.045738	-1.11308	-0.921984	0.0311878
157001	0.595108	0.590677	0.000508701	0.889175	0.882554	74.4262	-5.10706	-5.10133	76.4609	-4.21789	-4.21877	0.0457567	-1.11655	-0.922491	0.0311657
157201	0.573321	0.590696	0.000508656	0.856622	0.882583	74.4195	-5.07447	-5.10135	76.444	-4.21784	-4.21877	0.0457809	-1.04721	-0.923278	0.0312769
157401	0.564786	0.590592	0.00051041	0.84387	0.882427	74.6762	-5.06171	-5.10119	76.7132	-4.21784	-4.21876	0.045829	-1.02177	-0.923569	0.0312026
157601	0.570976	0.59059	0.000509705	0.853119	0.882424	74.5731	-5.07141	-5.10119	76.6031	-4.21829	-4.21876	0.0457872	-0.923997	-0.924168	0.0312359
157801	0.599056	0.590571	0.000508273	0.895074	0.882396	74.3635	-5.1136	-5.10116	76.3877	-4.21853	-4.21876	0.0456525	-1.05783	-0.924232	0.0311406
158001	0.601618	0.590626	0.000507421	0.898901	0.882478	74.2389	-5.11752	-5.10124	76.2544	-4.21862	-4.21876	0.0455014	-1.006	-0.924753	0.0311126
158201	0.597615	0.590653	0.000506153	0.892921	0.882518	74.0533	-5.11166	-5.10128	76.0615	-4.21874	-4.21876	0.0453474	-0.937309	-0.924745	0.0310111
158401	0.591938	0.59076	0.000508624	0.884439	0.882679	74.4148	-5.10342	-5.10144	76.4189	-4.21899	-4.21876	0.0451962	-0.78514	-0.925014	0.0309401
158601	0.54737	0.590759	0.000510811	0.817848	0.882678	74.7349	-5.0374	-5.10144	76.7308	-4.21955	-4.21876	0.0450991	-0.611563	-0.924607	0.0309785
158801	0.607578	0.590814	0.000510907	0.907807	0.882759	74.7489	-5.12734	-5.10152	76.7472	-4.21953	-4.21876	0.0450992	-0.790467	-0.924317	0.0309272
159001	0.608415	0.590875	0.000510943	0.909058	0.882851	74.7541	-5.12853	-5.10162	76.7547	-4.21948	-4.21877	0.0450693	-0.831458	-0.924045	0.030857
159201	0.584709	0.59089	0.000510119	0.873638	0.882872	74.6336	-5.09276	-5.10164	76.6298	-4.21912	-4.21877	0.044977	-0.618267	-0.923256	0.0309758
159401	0.593525	0.590893	0.000508519	0.886811	0.882877	74.3996	-5.10564	-5.10165	76.3894	-4.21883	-4.21877	0.0448354	-0.879012	-0.922759	0.0309542
159601	0.58483	0.590915	0.000507077	0.873818	0.88291	74.1886	-5.09273	-5.10168	76.1721	-4.21891	-4.21877	0.044687	-0.886345	-0.922731	0.0308531
159801	0.583598	0.590952	0.000506697	0.871978	0.882966	74.1329	-5.09105	-5.10174	76.1112	-4.21908	-4.21877	0.0445495	-0.793725	-0.922851	0.0307929
160001	0.614506	0.590921	0.000507344	0.918159	0.882919	74.2276	-5.13748	-5.10169	76.1963	-4.21932	-4.21877	0.0444441	-0.932186	-0.922209	0.0308786
160201	0.618859	0.590922	0.000506757	0.924662	0.882921	74.1418	-5.14431	-5.1017	76.1048	-4.21965	-4.21877	0.0444	-0.921947	-0.921831	0.030843
160401	0.622544	0.590942	0.000506071	0.930168	0.882951	74.0413	-5.15008	-5.10173	76.0019	-4.21991	-4.21878	0.0444809	-0.813113	-0.921294	0.0308553
160601	0.591145	0.591015	0.000506305	0.883254	0.883059	74.0756	-5.10359	-5.10184	76.0491	-4.22033	-4.21878	0.0447255	-0.457516	-0.92043	0.0310001
160801	0.59531	0.590985	0.000505899	0.889476	0.883015	74.0162	-5.10981	-5.1018	75.9748	-4.22034	-4.21879	0.0451122	-0.477479	-0.918628	0.0319139
161001	0.611653	0.59105	0.000505751	0.913896	0.883112	73.9945	-5.13367	-5.1019	75.9636	-4.21978	-4.21879	0.04534	-0.916877	-0.918129	0.0319262
161201	0.582246	0.591132	0.00050661	0.869957	0.883235	74.1202	-5.08913	-5.10203	76.094	-4.21917	-4.21879	0.0452893	-0.812336	-0.918384	0.0318574
161401	0.630739	0.59116	0.00050638	0.942412	0.883276	74.0865	-5.16127	-5.10207	76.0544	-4.21886	-4.21879	0.0451556	-1.031	-0.918194	0.0317967
161601	0.569915	0.591186	0.000505644	0.851534	0.883315	73.9789	-5.06985	-5.10211	75.9396	-4.21832	-4.21879	0.0450252	-0.87282	-0.918237	0.0317128
161801	0.606431	0.591173	0.000504453	0.906094	0.883296	73.8046	-5.12433	-5.10209	75.7602	-4.21824	-4.21879	0.0449366	-1.31675	-0.918921	0.0318154
162001	0.565613	0.591125	0.000504469	0.845105	0.883224	73.807	-5.06358	-5.10201	75.7605	-4.21847	-4.21879	0.0448349	-0.832517	-0.919285	0.0318024
162201	0.558153	0.591073	0.000504137	0.833959	0.883146	73.7584	-5.05244	-5.10194	75.7087	-4.21848	-4.21879	0.0447084	-0.638536	-0.918955	0.0317586
162401	0.569983	0.591068	0.000505337	0.851634	0.883138	73.934	-5.06999	-5.10193	75.8787	-4.21836	-4.21879	0.0445955	-0.659745	-0.918611	0.0317863
162601	0.54132	0.591042	0.000505197	0.808808	0.883099	73.9135	-5.02683	-5.10189	75.8556	-4.21802	-4.21879	0.0445251	-0.755817	-0.918391	0.0317426
162801	0.58113	0.591028	0.000504467	0.86829	0.883078	73.8067	-5.08656	-5.10186	75.7446	-4.21827	-4.21878	0.0444884	-1.01609	-0.918868	0.0317549
163001	0.595808	0.591053	0.000504334	0.89022	0.883116	73.7872	-5.10887	-5.1019	75.7187	-4.21865	-4.21878	0.0443694	-0.900942	-0.919286	0.0317272
163201	0.583619	0.59108	0.000503562	0.87201	0.883157	73.6742	-5.09098	-5.10194	75.6004	-4.21897	-4.21878	0.0442313	-0.832116	-0.919092	0.0316549
163401	0.610539	0.591092	0.000504513	0.912231	0.883175	73.8134	-5.13126	-5.10196	75.7343	-4.21903	-4.21878	0.0441045	-1.1435	-0.919286	0.0316745
163601	0.591957	0.591075	0.00050346	0.884467	0.883149	73.6593	-5.10319	-5.10193	75.5738	-4.21872	-4.21878	0.0439695	-1.09274	-0.919719	0.0316441
163801	0.593143	0.591044	0.000502695	0.886239	0.883103	73.5474	-5.10461	-5.10189	75.4574	-4.21837	-4.21878	0.0438525	-1.11414	-0.920083	0.0316082
164001	0.57705	0.591018	0.00050166	0.862194	0.883063	73.3959	-5.08046	-5.10185	75.3026	-4.21827	-4.21878	0.0437636	-0.961411	-0.920347	0.0315453
164201	0.611639	0.590964	0.000501427	0.913874	0.882983	73.3618	-5.13201	-5.10176	75.2682	-4.21814	-4.21878	0.0436895	-1.18101	-0.920454	0.0314649
164401	0.558715	0.590968	0.000501556	0.834798	0.882989	73.3808	-5.05267	-5.10177	75.2817	-4.21787	-4.21878	0.0436802	-0.989786	-0.920948	0.0314874
164601	0.58736	0.590923	0.000501292	0.877598	0.882923	73.3422	-5.09541	-5.1017	75.2455	-4.21781	-4.21878	0.0437193	-1.19715	-0.921583	0.031542
164801	0.54766	0.590851	0.00050227	0.818281	0.882814	73.4852	-5.03598	-5.10159	75.3979	-4.2177	-4.21877	0.0438051	-1.11897	-0.922245	0.0315991
165001	0.579596	0.590826	0.000501486	0.865997	0.882778	73.3705	-5.08336	-5.10155	75.283	-4.21736	-4.21877	0.0439761	-1.17391	-0.923301	0.0318739
165201	0.563256	0.590706	0.000504989	0.841584	0.882598	73.883	-5.05868	-5.10136	75.8264	-4.2171	-4.21876	0.0443171	-1.17653	-0.923705	0.0318387
165401	0.569745	0.59065	0.000504605	0.85128	0.882515	73.8269	-5.06825	-5.10127	75.7839	-4.21697	-4.21876	0.0447859	-1.24152	-0.924815	0.0321528
165601	0.551463	0.59055	0.000506653	0.823963	0.882365	74.1266	-5.04085	-5.10112	76.114	-4.21688	-4.21875	0.0453099	-1.06099	-0.925314	0.0321527
165801	0.593886	0.590489	0.000507236	0.887349	0.882273	74.2117	-5.1045	-5.10102	76.2156	-4.21715	-4.21875	0.0457944	-1.15137	-0.925886	0.0321717
166001	0.574233	0.590444	0.000506676	0.857985	0.882206	74.1299	-5.07539	-5.10095	76.1408	-4.2174	-4.21874	0.0460712	-1.07038	-0.926271	0.032132
166201	0.567183	0.59036	0.000507842	0.847451	0.88208	74.3004	-5.06446	-5.10082	76.3303	-4.21701	-4.21874	0.0463901	-1.11603	-0.926585	0.032087
166401	0.56078	0.590265	0.000509697	0.837885	0.881938	74.5719	-5.05478	-5.10067	76.63	-4.21689	-4.21873	0.046896	-1.12863	-0.927122	0.0320964
166601	0.538694	0.590157	0.000512226	0.804885	0.881777	74.9419	-5.02178	-5.1005	77.0333	-4.2169	-4.21873	0.0474195	-1.01335	-0.927675	0.0321056
166801	0.55664	0.590024	0.000516847	0.831698	0.881579	75.618	-5.04881	-5.1003	77.7488	-4.21711	-4.21872	0.0478749	-1.18259	-0.928129	0.0320884
167001	0.519162	0.589932	0.000519406	0.775701	0.881441	75.9923	-4.99296	-5.10016	78.1441	-4.21726	-4.21872	0.0481639	-0.726149	-0.928488	0.032129
167201	0.586361	0.589798	0.000524753	0.876105	0.881241	76.7747	-5.09336	-5.09995	78.9592	-4.21725	-4.21871	0.0484472	-1.24021	-0.928455	0.0320871
167401	0.562487	0.589717	0.000526882	0.840435	0.881119	77.0861	-5.05778	-5.09983	79.2872	-4.21735	-4.21871	0.0487022	-1.15724	-0.929153	0.0321883
167601	0.578642	0.589683	0.000525842	0.864572	0.881069	76.934	-5.08222	-5.09977	79.137	-4.21765	-4.21871	0.0488379	-1.11852	-0.929891	0.0322779
167801	0.59309	0.589622	0.000526037	0.886161	0.880978	76.9625	-5.10388	-5.09968	79.1711	-4.21772	-4.2187	0.0488874	-1.04308	-0.929957	0.0322088
168001	0.590592	0.589567	0.00052606	0.882428	0.880896	76.9659	-5.10015	-5.0996	79.1788	-4.21772	-4.2187	0.0489258	-1.1911	-0.930183	0.0321621
168201	0.59333	0.589549	0.000525214	0.886519	0.880869	76.842	-5.10433	-5.09957	79.052	-4.21781	-4.2187	0.0489605	-1.16531	-0.93072	0.032188
168401	0.575158	0.589483	0.000525927	0.859366	0.880771	76.9464	-5.0773	-5.09947	79.1593	-4.21793	-4.21869	0.048929	-0.837257	-0.930598	0.0321753
168601	0.561671	0.589449	0.00052516	0.839215	0.88072	76.8343	-5.05681	-5.09941	79.0473	-4.21759	-4.21869	0.0489561	-0.942133	-0.930749	0.0321127
168801	0.556657	0.58942	0.00052418	0.831724	0.880676	76.6909	-5.04909	-5.09936	78.9049	-4.21737	-4.21869	0.0491025	-0.963373	-0.930994	0.0320436
169001	0.55546	0.589376	0.00052384	0.829935	0.880611	76.6411	-5.04721	-5.0993	78.8613	-4.21728	-4.21868	0.049344	-1.04266	-0.931572	0.0320804
169201	0.54726	0.589287	0.000525526	0.817683	0.880478	76.8878	-5.03524	-5.09916	79.1235	-4.21756	-4.21868	0.0494855	-0.963522	-0.931931	0.0320441
169401	0.54838	0.58919	0.000527477	0.819357	0.880333	77.1732	-5.03726	-5.09901	79.4206	-4.2179	-4.21868	0.0495078	-0.682615	-0.931848	0.0319711
169601	0.58291	0.589157	0.000527275	0.870949	0.880283	77.1436	-5.08904	-5.09896	79.3891	-4.21809	-4.21868	0.0494537	-0.785246	-0.931455	0.0319582
169801	0.593561	0.589137	0.000526026	0.886863	0.880253	76.9609	-5.10512	-5.09893	79.202	-4.21826	-4.21867	0.0493607	-0.860495	-0.930955	0.0319596
170001	0.580521	0.589124	0.000525025	0.867381	0.880234	76.8144	-5.08554	-5.09891	79.0503	-4.21816	-4.21867	0.0492519	-0.874905	-0.930698	0.0319035
170201	0.590225	0.589122	0.000523964	0.88188	0.880232	76.6593	-5.09963	-5.0989	78.8893	-4.21775	-4.21867	0.0492196	-1.01972	-0.930823	0.0318305
170401	0.556454	0.589111	0.000523326	0.83142	0.880215	76.5659	-5.04929	-5.09888	78.7916	-4.21787	-4.21867	0.0492209	-0.812311	-0.931047	0.0317877
170601	0.576582	0.589067	0.000523167	0.861494	0.88015	76.5426	-5.07936	-5.09882	78.7684	-4.21786	-4.21867	0.0491853	-0.994824	-0.93088	0.0317302
170801	0.5673	0.58904	0.000522046	0.847626	0.880108	76.3786	-5.06476	-5.09877	78.6049	-4.21714	-4.21866	0.0492965	-1.10066	-0.931472	0.0317688
171001	0.543907	0.588972	0.000522716	0.812673	0.880007	76.4766	-5.02963	-5.09867	78.7194	-4.21696	-4.21866	0.0496773	-0.990106	-0.931914	0.0317602
171201	0.557842	0.588876	0.000524603	0.833494	0.879864	76.7527	-5.05054	-5.09852	79.0212	-4.21704	-4.21865	0.0500609	-1.07063	-0.93223	0.031709
171401	0.580029	0.588779	0.000527351	0.866645	0.879718	77.1547	-5.08371	-5.09837	79.4469	-4.21706	-4.21865	0.0503657	-1.0616	-0.932365	0.0316639
171601	0.567252	0.588697	0.000528732	0.847554	0.879596	77.3568	-5.06438	-5.09824	79.6705	-4.21683	-4.21864	0.0507613	-1.29361	-0.932794	0.0316816
171801	0.56037	0.588611	0.000530456	0.837271	0.879467	77.609	-5.05381	-5.09811	79.9505	-4.21654	-4.21864	0.0513416	-1.34851	-0.933905	0.0320543
172001	0.555599	0.588513	0.000533086	0.830143	0.879322	77.9938	-5.04668	-5.09796	80.3695	-4.21653	-4.21863	0.051998	-1.45176	-0.935153	0.0325527
172201	0.547775	0.588389	0.000537243	0.818453	0.879136	78.602	-5.0349	-5.09776	81.0227	-4.21645	-4.21863	0.0526484	-1.46932	-0.936476	0.0330959
172401	0.524801	0.588283	0.000540167	0.784127	0.878978	79.0298	-5.00022	-5.0976	81.494	-4.2161	-4.21862	0.0535093	-1.40015	-0.938055	0.0339101
172601	0.524858	0.588096	0.00055138	0.784212	0.878698	80.6704	-5.00042	-5.09731	83.2213	-4.2162	-4.21861	0.0545103	-1.28474	-0.939159	0.0342613
172801	0.548753	0.587943	0.000558604	0.819914	0.87847	81.7272	-5.0361	-5.09708	84.3438	-4.21619	-4.21861	0.055396	-1.4339	-0.940225	0.0345852
173001	0.547148	0.587814	0.00056402	0.817517	0.878277	82.5196	-5.03365	-5.09688	85.1928	-4.21613	-4.2186	0.0563445	-1.28603	-0.941273	0.0349327
173201	0.508771	0.587704	0.00056877	0.760176	0.878112	83.2145	-4.97657	-5.09671	85.9318	-4.2164	-4.21859	0.057152	-1.02638	-0.942203	0.0352073
173401	0.536778	0.587548	0.000576286	0.802023	0.87788	84.3142	-5.01829	-5.09647	87.0916	-4.21627	-4.21859	0.0578556	-1.11163	-0.942572	0.035163
173601	0.515839	0.5874	0.000583449	0.770737	0.877658	85.3622	-4.98687	-5.09624	88.2032	-4.21614	-4.21858	0.0587286	-1.05825	-0.94309	0.0351804
173801	0.545319	0.587295	0.000586208	0.814784	0.877501	85.7659	-5.03087	-5.09608	88.6504	-4.21609	-4.21858	0.0596318	-1.31191	-0.943983	0.0353934
174001	0.545888	0.587194	0.000588857	0.815634	0.877351	86.1535	-5.03178	-5.09592	89.0805	-4.21614	-4.21857	0.0605821	-1.18007	-0.944934	0.035643
174201	0.521659	0.58704	0.000596467	0.779431	0.87712	87.2668	-4.99569	-5.09568	90.2584	-4.21625	-4.21856	0.0614048	-1.07953	-0.945284	0.0356049
174401	0.545725	0.586923	0.000601019	0.815389	0.876945	87.9328	-5.03164	-5.0955	90.9697	-4.21625	-4.21856	0.0621581	-1.28326	-0.946049	0.0357642
174601	0.538602	0.586816	0.000604132	0.804747	0.876786	88.3883	-5.02084	-5.09534	91.4679	-4.21609	-4.21855	0.0629895	-1.25741	-0.947039	0.0360463
174801	0.56172	0.586681	0.000609713	0.839288	0.876584	89.2049	-5.05557	-5.09513	92.3401	-4.21629	-4.21854	0.0638045	-1.47542	-0.947941	0.0362742
175001	0.526844	0.586615	0.000610363	0.787179	0.876486	89.2999	-5.00334	-5.09502	92.4574	-4.21616	-4.21854	0.0645374	-1.31522	-0.949359	0.0369449
175201	0.550809	0.586498	0.00061451	0.822986	0.876311	89.9067	-5.03909	-5.09484	93.1122	-4.21611	-4.21853	0.0653868	-1.46381	-0.950577	0.0374222
175401	0.525265	0.586367	0.000619538	0.78482	0.876115	90.6423	-5.00109	-5.09464	93.8998	-4.21627	-4.21852	0.0661496	-1.32225	-0.951746	0.0378414
175601	0.558439	0.586245	0.00062384	0.834387	0.875932	91.2716	-5.05069	-5.09445	94.5746	-4.2163	-4.21852	0.0668368	-1.45215	-0.952824	0.0381845
175801	0.552289	0.586156	0.000625281	0.825197	0.8758	91.4825	-5.04134	-5.09431	94.8172	-4.21614	-4.21851	0.0675497	-1.56068	-0.954242	0.0388499
176001	0.527739	0.586021	0.000630819	0.788517	0.875598	92.2928	-5.00451	-5.0941	95.6856	-4.21599	-4.21851	0.0684337	-1.51341	-0.955664	0.0395168
176201	0.547521	0.585903	0.000634718	0.818074	0.875422	92.8633	-5.03407	-5.09392	96.3061	-4.21599	-4.2185	0.0693402	-1.61844	-0.957362	0.0405169
176401	0.525972	0.585749	0.000642421	0.785876	0.875191	93.9902	-5.00202	-5.09368	97.4984	-4.21615	-4.21849	0.0701705	-1.41051	-0.958661	0.0410662
176601	0.545471	0.585652	0.000644589	0.81501	0.875046	94.3073	-5.03147	-5.09353	97.8493	-4.21646	-4.21849	0.0708231	-1.33963	-0.959934	0.0415836
176801	0.535941	0.585513	0.000650547	0.800771	0.874839	95.1791	-5.01756	-5.09332	98.7633	-4.21679	-4.21848	0.0712427	-1.04494	-0.960395	0.0415883
177001	0.526877	0.585393	0.000654485	0.787228	0.874659	95.7552	-5.00441	-5.09314	99.3645	-4.21718	-4.21848	0.0714185	-0.985506	-0.960607	0.0415004
177201	0.547304	0.585287	0.000657653	0.81775	0.874502	96.2188	-5.03499	-5.09298	99.8454	-4.21724	-4.21848	0.0715069	-1.04302	-0.960819	0.0414202
177401	0.53634	0.585185	0.000660441	0.801368	0.874348	96.6267	-5.01831	-5.09282	100.271	-4.21694	-4.21847	0.0716218	-1.15849	-0.96117	0.0413684
177601	0.56456	0.585112	0.000661324	0.843531	0.87424	96.7559	-5.06014	-5.09271	100.416	-4.2166	-4.21847	0.0719631	-1.35598	-0.962126	0.0416413
177801	0.568739	0.585041	0.000661948	0.849776	0.874134	96.8472	-5.06635	-5.0926	100.525	-4.21657	-4.21846	0.0723967	-1.37809	-0.96309	0.0419074
178001	0.562026	0.584951	0.000664088	0.839745	0.873999	97.1602	-5.05641	-5.09246	100.861	-4.21666	-4.21846	0.072766	-1.26115	-0.963712	0.041971
178201	0.541908	0.58488	0.000664499	0.809687	0.873893	97.2204	-5.02626	-5.09235	100.938	-4.21657	-4.21845	0.0731588	-1.09952	-0.964361	0.0420345
178401	0.549439	0.584772	0.00066757	0.820939	0.873732	97.6697	-5.03752	-5.09218	101.418	-4.21658	-4.21845	0.0735587	-1.24887	-0.964839	0.0420289
178601	0.536283	0.584643	0.000672727	0.801283	0.873539	98.4242	-5.01805	-5.09198	102.208	-4.21677	-4.21844	0.0738987	-1.20502	-0.965346	0.0420316
178801	0.561371	0.58454	0.000675531	0.838767	0.873385	98.8345	-5.05557	-5.09182	102.643	-4.2168	-4.21844	0.0741856	-1.30181	-0.965957	0.0420858
179001	0.495589	0.584442	0.000679208	0.74048	0.873238	99.3724	-4.95731	-5.09167	103.202	-4.21683	-4.21844	0.0744023	-1.09145	-0.966848	0.0423222
179201	0.542916	0.584326	0.00068353	0.811193	0.873066	100.005	-5.02794	-5.0915	103.863	-4.21674	-4.21843	0.0746875	-1.22171	-0.967582	0.0424499
179401	0.574709	0.584278	0.000683051	0.858696	0.872993	99.9346	-5.07551	-5.09142	103.8	-4.21681	-4.21843	0.0749592	-1.34604	-0.968484	0.0426704
179601	0.549027	0.584241	0.000682107	0.820324	0.872938	99.7965	-5.03728	-5.09136	103.663	-4.21695	-4.21842	0.0751567	-1.13973	-0.96931	0.0428425
179801	0.540522	0.58414	0.000684978	0.807616	0.872787	100.216	-5.02455	-5.09121	104.103	-4.21693	-4.21842	0.0753195	-1.14401	-0.969659	0.0427929
180001	0.541684	0.584048	0.000687305	0.809353	0.87265	100.557	-5.02628	-5.09107	104.462	-4.21693	-4.21842	0.0755188	-1.26567	-0.970415	0.0429451
180201	0.578755	0.583989	0.000687281	0.864741	0.872561	100.554	-5.08179	-5.09097	104.465	-4.21705	-4.21841	0.0756537	-1.43975	-0.971369	0.043208
180401	0.595052	0.58393	0.000687378	0.889091	0.872474	100.568	-5.10637	-5.09088	104.484	-4.21728	-4.21841	0.0757274	-1.46086	-0.972176	0.0433786
180601	0.562282	0.583918	0.000686282	0.840129	0.872456	100.407	-5.05764	-5.09086	104.316	-4.21752	-4.21841	0.0757041	-1.05579	-0.972878	0.0435203
180801	0.548355	0.583878	0.000685436	0.81932	0.872395	100.284	-5.0367	-5.0908	104.191	-4.21738	-4.2184	0.0756636	-1.02991	-0.973194	0.0434582
181001	0.561848	0.583838	0.00068458	0.83948	0.872336	100.158	-5.05658	-5.09074	104.065	-4.2171	-4.2184	0.0756921	-1.24045	-0.973794	0.0435151
181201	0.545213	0.583752	0.000685997	0.814625	0.872208	100.366	-5.03174	-5.09061	104.284	-4.21711	-4.2184	0.0757767	-1.14081	-0.974255	0.043497
181401	0.580179	0.583685	0.000686343	0.866869	0.872108	100.416	-5.08392	-5.0905	104.343	-4.21706	-4.21839	0.0758809	-1.29622	-0.974742	0.0434911
181601	0.565016	0.583667	0.000685159	0.844213	0.872081	100.243	-5.06184	-5.09047	104.164	-4.21762	-4.21839	0.0758836	-1.11904	-0.975397	0.0435745
181801	0.553357	0.583621	0.000684453	0.826793	0.872011	100.14	-5.04486	-5.0904	104.055	-4.21806	-4.21839	0.0757389	-0.925946	-0.975565	0.0434844
182001	0.555448	0.583586	0.000683865	0.829918	0.87196	100.054	-5.04801	-5.09035	103.962	-4.2181	-4.21839	0.0755717	-0.864103	-0.975624	0.0433975
182201	0.570581	0.583565	0.000683168	0.852528	0.871928	99.9517	-5.07066	-5.09032	103.852	-4.21813	-4.21839	0.0754013	-0.726323	-0.975289	0.0433608
182401	0.590924	0.583573	0.000681672	0.882924	0.87194	99.7329	-5.10115	-5.09033	103.623	-4.21823	-4.21839	0.075226	-0.999013	-0.975143	0.0432827
182601	0.580818	0.583617	0.000681334	0.867824	0.872006	99.6834	-5.08615	-5.09039	103.563	-4.21832	-4.21839	0.0750457	-0.774396	-0.975236	0.0432133
182801	0.591942	0.583636	0.000680295	0.884445	0.872034	99.5315	-5.10343	-5.09042	103.403	-4.21899	-4.21839	0.0748773	-0.734954	-0.974655	0.0432615
183001	0.610364	0.583692	0.000680501	0.91197	0.872117	99.5616	-5.13181	-5.09051	103.437	-4.21984	-4.21839	0.0748794	-0.810666	-0.974234	0.0432416
183201	0.627377	0.583762	0.000681067	0.93739	0.872222	99.6444	-5.1575	-5.09062	103.533	-4.22011	-4.2184	0.0751161	-0.795485	-0.973699	0.0432647
183401	0.633366	0.583848	0.000683015	0.946337	0.872351	99.9293	-5.16669	-5.09075	103.84	-4.22035	-4.2184	0.075437	-0.935024	-0.973393	0.0432222
183601	0.614241	0.583954	0.000686474	0.917763	0.872509	100.435	-5.13847	-5.09091	104.381	-4.2207	-4.21841	0.0759748	-0.723238	-0.973034	0.0431939
183801	0.606205	0.584059	0.000690212	0.905755	0.872667	100.982	-5.12618	-5.09108	104.964	-4.22042	-4.21841	0.0765321	-0.784732	-0.972764	0.043145
184001	0.613012	0.584066	0.000688814	0.915927	0.872676	100.778	-5.13634	-5.09109	104.753	-4.22042	-4.21842	0.0769505	-0.778699	-0.972045	0.0432646
184201	0.603708	0.584086	0.000687606	0.902025	0.872706	100.601	-5.12238	-5.09113	104.576	-4.22035	-4.21842	0.0773751	-0.786007	-0.971359	0.0433662
184401	0.632515	0.58414	0.000688253	0.945066	0.872788	100.696	-5.16502	-5.09121	104.679	-4.21995	-4.21842	0.0776679	-1.01604	-0.970988	0.0433624
184601	0.583249	0.584167	0.000687957	0.871455	0.872827	100.652	-5.09147	-5.09125	104.635	-4.22002	-4.21843	0.0778588	-0.741194	-0.970558	0.0433792
184801	0.603089	0.584173	0.000686464	0.901099	0.872837	100.434	-5.12087	-5.09127	104.409	-4.21977	-4.21843	0.078006	-0.803097	-0.970044	0.0433907
185001	0.610754	0.584264	0.000689548	0.912552	0.872972	100.885	-5.13237	-5.09141	104.874	-4.21982	-4.21843	0.0780868	-0.882594	-0.970025	0.0433281
185201	0.643817	0.584361	0.000692796	0.961954	0.873117	101.36	-5.18246	-5.09156	105.374	-4.22051	-4.21844	0.0783647	-1.03378	-0.970003	0.0432536
185401	0.594699	0.584442	0.000694834	0.888565	0.873239	101.659	-5.10921	-5.09168	105.699	-4.22064	-4.21844	0.0789314	-0.507482	-0.969456	0.0433567
185601	0.585002	0.584453	0.000693374	0.874075	0.873255	101.445	-5.09416	-5.0917	105.481	-4.22009	-4.21845	0.0793222	-0.493409	-0.968314	0.0438142
185801	0.603052	0.584471	0.000692003	0.901044	0.873281	101.244	-5.1205	-5.09173	105.276	-4.21946	-4.21845	0.0794044	-0.718926	-0.967438	0.0440453
186001	0.598296	0.584492	0.000690806	0.893938	0.873314	101.069	-5.11302	-5.09177	105.095	-4.21908	-4.21845	0.0793183	-0.828449	-0.966922	0.0440659
186201	0.620468	0.584513	0.000690129	0.927067	0.873344	100.97	-5.14605	-5.0918	104.989	-4.21899	-4.21845	0.0791833	-1.14233	-0.966742	0.0439944
186401	0.597788	0.584579	0.000691334	0.893179	0.873443	101.147	-5.11228	-5.0919	105.163	-4.2191	-4.21846	0.0790502	-0.929055	-0.966972	0.0439492
186601	0.611312	0.584664	0.000695021	0.913386	0.87357	101.686	-5.13304	-5.09203	105.71	-4.21965	-4.21846	0.0789917	-0.963586	-0.967209	0.0439301
186801	0.605722	0.58473	0.000696419	0.905033	0.873669	101.89	-5.12556	-5.09213	105.93	-4.22053	-4.21846	0.0792468	-0.816637	-0.967079	0.0438567
187001	0.65171	0.584829	0.000699798	0.973746	0.873817	102.385	-5.19478	-5.09228	106.461	-4.22104	-4.21847	0.0798921	-0.902124	-0.966723	0.0438327
187201	0.612775	0.584973	0.000707727	0.915572	0.874031	103.545	-5.13682	-5.0925	107.69	-4.22125	-4.21847	0.0808395	-0.56029	-0.966376	0.043821
187401	0.608182	0.585057	0.000709939	0.908709	0.874157	103.869	-5.1296	-5.09264	108.048	-4.22089	-4.21848	0.0816715	-0.690575	-0.965623	0.0439748
187601	0.627994	0.585161	0.00071321	0.938311	0.874312	104.347	-5.1589	-5.0928	108.564	-4.22059	-4.21848	0.0822377	-0.820417	-0.965365	0.0439089
187801	0.620676	0.585278	0.000718315	0.927377	0.874488	105.094	-5.14804	-5.09298	109.35	-4.22066	-4.21849	0.0827024	-0.659671	-0.965022	0.043878
188001	0.664789	0.585396	0.000723448	0.993289	0.874664	105.845	-5.2143	-5.09316	110.148	-4.22101	-4.21849	0.0833712	-0.972124	-0.964655	0.0438687
188201	0.603013	0.585499	0.000727277	0.900986	0.874818	106.405	-5.12198	-5.09332	110.749	-4.22099	-4.2185	0.0840868	-0.521618	-0.964134	0.0439333
188401	0.60602	0.585516	0.000725904	0.905479	0.874844	106.204	-5.12644	-5.09335	110.548	-4.22096	-4.21851	0.0848237	-0.384017	-0.962829	0.0446008
188601	0.620147	0.58564	0.000731643	0.926587	0.875029	107.044	-5.14742	-5.09354	111.436	-4.22084	-4.21851	0.0854736	-0.559659	-0.961953	0.044863
188801	0.599047	0.585696	0.000731708	0.895061	0.875113	107.053	-5.11594	-5.09363	111.463	-4.22088	-4.21852	0.0861098	-0.428817	-0.960879	0.0452818
189001	0.578974	0.58571	0.000730264	0.865069	0.875134	106.842	-5.0854	-5.09365	111.248	-4.22033	-4.21852	0.0865921	-0.60445	-0.959969	0.0455572
189201	0.60902	0.585769	0.000730675	0.909962	0.875222	106.902	-5.1294	-5.09375	111.313	-4.21943	-4.21852	0.0866772	-0.8622	-0.959669	0.0455204
189401	0.585158	0.585815	0.000730379	0.874309	0.87529	106.859	-5.09358	-5.09382	111.267	-4.21927	-4.21853	0.0865756	-0.684829	-0.959419	0.0454658
189601	0.597983	0.585852	0.000729445	0.89347	0.875345	106.722	-5.11283	-5.09387	111.127	-4.21936	-4.21853	0.0864722	-0.759441	-0.958954	0.0454629
189801	0.617759	0.585902	0.000729881	0.923019	0.87542	106.786	-5.14274	-5.09395	111.191	-4.21972	-4.21853	0.086428	-0.895332	-0.958739	0.0454155
190001	0.611422	0.585988	0.000731764	0.913551	0.875548	107.062	-5.13348	-5.09408	111.48	-4.21993	-4.21853	0.0864908	-0.84428	-0.958645	0.0453248
190201	0.619263	0.586015	0.000730674	0.925265	0.875588	106.902	-5.14526	-5.09412	111.318	-4.21999	-4.21854	0.0865825	-0.695131	-0.958085	0.0453818
190401	0.607973	0.586062	0.000730139	0.908398	0.875659	106.824	-5.12877	-5.0942	111.245	-4.22037	-4.21854	0.0867756	-0.63551	-0.95735	0.0455271
190601	0.62918	0.58613	0.000730898	0.940083	0.875761	106.935	-5.16069	-5.0943	111.374	-4.22061	-4.21854	0.0871478	-0.687307	-0.95664	0.0456611
190801	0.628583	0.586213	0.00073255	0.939192	0.875884	107.177	-5.15966	-5.09443	111.639	-4.22047	-4.21855	0.0875356	-0.701558	-0.955925	0.0457953
191001	0.603353	0.586231	0.000731546	0.901494	0.875911	107.03	-5.12191	-5.09446	111.489	-4.22042	-4.21855	0.0878451	-0.603092	-0.955063	0.0460413
191201	0.631474	0.586295	0.000732354	0.943511	0.876007	107.148	-5.16372	-5.09456	111.62	-4.22021	-4.21856	0.0881178	-0.791077	-0.954473	0.046117
191401	0.600353	0.586349	0.000732237	0.897012	0.876087	107.131	-5.11706	-5.09465	111.61	-4.22005	-4.21856	0.088278	-0.611477	-0.95387	0.0461866
191601	0.593234	0.586384	0.000731302	0.886375	0.87614	106.994	-5.10595	-5.0947	111.473	-4.21958	-4.21856	0.0883171	-0.686762	-0.953294	0.0462444
191801	0.604218	0.586434	0.000731005	0.902786	0.876215	106.951	-5.12199	-5.09478	111.427	-4.2192	-4.21856	0.0882169	-0.826229	-0.953024	0.0461862
192001	0.635142	0.586457	0.000730008	0.948991	0.876249	106.805	-5.16821	-5.09482	111.275	-4.21922	-4.21857	0.0880916	-1.0716	-0.952681	0.0461544
192201	0.579161	0.586499	0.000730259	0.865348	0.876312	106.841	-5.08409	-5.09488	111.306	-4.21874	-4.21857	0.087929	-0.805054	-0.952642	0.0460838
192401	0.580495	0.586485	0.000729258	0.867341	0.876292	106.695	-5.08556	-5.09486	111.15	-4.21822	-4.21857	0.087743	-0.96754	-0.952453	0.0460261
192601	0.601028	0.586502	0.000727962	0.89802	0.876316	106.505	-5.11594	-5.09488	110.949	-4.21792	-4.21857	0.0875928	-1.17132	-0.952783	0.0459823
192801	0.582459	0.586494	0.000727041	0.870275	0.876305	106.371	-5.08778	-5.09487	110.806	-4.2175	-4.21856	0.0875117	-1.04233	-0.953045	0.0459288
193001	0.584068	0.586491	0.00072566	0.87268	0.8763	106.169	-5.08977	-5.09486	110.595	-4.21709	-4.21856	0.0875562	-1.29778	-0.95342	0.0459253
193201	0.580884	0.586468	0.000724785	0.867922	0.876265	106.041	-5.08496	-5.09482	110.465	-4.21704	-4.21856	0.087695	-1.34502	-0.954185	0.0461155
193401	0.551299	0.586424	0.000724955	0.823718	0.8762	106.066	-5.04081	-5.09475	110.494	-4.2171	-4.21855	0.0878206	-1.08535	-0.954711	0.046186
193601	0.588451	0.586374	0.000725052	0.879229	0.876126	106.08	-5.09649	-5.09468	110.512	-4.21726	-4.21855	0.0879021	-1.35417	-0.955158	0.046202
193801	0.571692	0.586339	0.000724453	0.854188	0.876074	105.992	-5.07162	-5.09462	110.424	-4.21743	-4.21855	0.0879185	-1.10541	-0.955674	0.0462419
194001	0.570005	0.586325	0.00072315	0.851668	0.876052	105.801	-5.06947	-5.0946	110.226	-4.2178	-4.21855	0.0878639	-1.11105	-0.956078	0.0462222
194201	0.589078	0.586307	0.00072181	0.880166	0.876025	105.605	-5.09854	-5.09457	110.023	-4.21838	-4.21855	0.0877087	-0.993137	-0.956312	0.0461561
194401	0.603659	0.586335	0.000720736	0.901951	0.876066	105.448	-5.12082	-5.09461	109.857	-4.21887	-4.21855	0.0875284	-0.795447	-0.956219	0.0460786
194601	0.579202	0.586347	0.000719602	0.86541	0.876086	105.282	-5.0845	-5.09463	109.683	-4.21909	-4.21855	0.0873701	-0.672096	-0.955665	0.0461394
194801	0.581076	0.586372	0.000719699	0.868209	0.876123	105.297	-5.08716	-5.09467	109.691	-4.21895	-4.21855	0.0872257	-0.710805	-0.955365	0.046128
195001	0.584942	0.586403	0.000719122	0.873986	0.876169	105.212	-5.09229	-5.09472	109.597	-4.2183	-4.21855	0.0870478	-0.983595	-0.955377	0.0460752
195201	0.579189	0.586362	0.000718517	0.86539	0.876107	105.124	-5.08325	-5.09465	109.503	-4.21786	-4.21855	0.0869008	-1.12523	-0.95542	0.0459849
195401	0.585731	0.586355	0.00071719	0.875164	0.876097	104.929	-5.09303	-5.09464	109.301	-4.21786	-4.21855	0.0867877	-1.15377	-0.955829	0.0459721
195601	0.586876	0.586349	0.000715831	0.876875	0.876087	104.731	-5.09464	-5.09463	109.094	-4.21777	-4.21854	0.0866808	-1.15024	-0.956209	0.0459463
195801	0.586313	0.586338	0.00071464	0.876033	0.876072	104.556	-5.09415	-5.09461	108.912	-4.21812	-4.21854	0.0865593	-0.962523	-0.956338	0.0458722
196001	0.567201	0.586328	0.000713591	0.847478	0.876057	104.403	-5.06607	-5.0946	108.75	-4.21859	-4.21854	0.0863839	-0.857867	-0.956292	0.0457898
196201	0.593526	0.586314	0.000712483	0.886811	0.876036	104.241	-5.10547	-5.09458	108.579	-4.21865	-4.21854	0.086206	-1.07216	-0.956295	0.04571
196401	0.599359	0.586291	0.000712021	0.895527	0.876001	104.173	-5.11411	-5.09454	108.502	-4.21859	-4.21854	0.0860285	-1.14956	-0.956406	0.0456403
196601	0.573935	0.586263	0.000711019	0.857539	0.87596	104.027	-5.07628	-5.0945	108.346	-4.21874	-4.21854	0.085852	-0.908932	-0.956404	0.0455546
196801	0.584745	0.586263	0.000709717	0.873691	0.875959	103.836	-5.09258	-5.0945	108.146	-4.21889	-4.21854	0.0856818	-0.850628	-0.956261	0.0454793
197001	0.58662	0.586283	0.000708593	0.876492	0.875989	103.672	-5.09556	-5.09453	107.975	-4.21906	-4.21854	0.0855348	-0.976824	-0.95629	0.04539
197201	0.587896	0.586308	0.00070785	0.8784	0.876026	103.563	-5.09697	-5.09457	107.859	-4.21857	-4.21855	0.0853761	-1.01866	-0.956411	0.045316
197401	0.57243	0.586293	0.000708217	0.85529	0.876004	103.617	-5.07358	-5.09455	107.905	-4.21829	-4.21854	0.0852045	-1.07394	-0.95666	0.0452845
197601	0.587916	0.58627	0.000707134	0.878429	0.87597	103.458	-5.09704	-5.09451	107.739	-4.21861	-4.21854	0.0850337	-1.05205	-0.956844	0.0452132
197801	0.610313	0.586303	0.000706446	0.911893	0.87602	103.358	-5.13127	-5.09456	107.632	-4.21937	-4.21855	0.0848855	-1.03286	-0.95704	0.045156
198001	0.595917	0.58637	0.000708043	0.890383	0.876119	103.591	-5.11088	-5.09467	107.873	-4.2205	-4.21855	0.0849915	-0.659211	-0.957018	0.0451451
198201	0.635856	0.586445	0.000709719	0.950058	0.876232	103.836	-5.17132	-5.09478	108.146	-4.22127	-4.21855	0.0855769	-0.655315	-0.956538	0.045171
198401	0.642716	0.586531	0.00071218	0.960308	0.87636	104.196	-5.18179	-5.09492	108.547	-4.22148	-4.21856	0.0864978	-0.657675	-0.95576	0.0453853
198601	0.648681	0.58666	0.000719383	0.96922	0.876552	105.25	-5.19042	-5.09512	109.665	-4.2212	-4.21856	0.087413	-0.606614	-0.955118	0.0455156
198801	0.633164	0.586733	0.000721494	0.946036	0.876662	105.559	-5.1668	-5.09523	110.001	-4.22077	-4.21857	0.0880079	-0.569911	-0.954164	0.0458996
199001	0.617593	0.586822	0.000724086	0.922771	0.876795	105.938	-5.14302	-5.09537	110.406	-4.22025	-4.21857	0.0883446	-0.751157	-0.953585	0.0459803
199201	0.625393	0.586888	0.000724878	0.934425	0.876893	106.054	-5.15442	-5.09547	110.532	-4.21999	-4.21858	0.0884579	-0.929031	-0.953341	0.0459216
199401	0.571679	0.586917	0.000724965	0.854168	0.876937	106.067	-5.07446	-5.09552	110.545	-4.22029	-4.21858	0.0886014	-0.475546	-0.952881	0.0460051
199601	0.641804	0.586986	0.0007267	0.958945	0.87704	106.321	-5.17968	-5.09562	110.816	-4.22073	-4.21858	0.0888944	-0.77475	-0.952386	0.046053
199801	0.628567	0.58706	0.000728237	0.939167	0.877151	106.546	-5.16023	-5.09574	111.066	-4.22106	-4.21859	0.0894379	-0.727864	-0.951791	0.0461439
