timestep            	T              	T_{ave}             	T_{var}           	K/N            	K_{ave}/N           	K_{var}           	U/N            	U_{ave}/N           	U_{var}           	E/N            	E_{ave}/N           	E_{var}           	P              	P_{ave}             	P_{var}
100001	0.548498	0.548498	0	0.819532	0.819532	0	-5.2646	-5.2646	0	-4.44506	-4.44506	0	-1.01005	-1.01005	0
100201	0.558232	0.548282	9.25516e-05	0.834077	0.819211	13.5409	-5.2784	-5.26393	13.3346	-4.44433	-4.44472	0.00347508	-1.22475	-1.10001	0.0070883
100401	0.519822	0.543889	0.000116865	0.776688	0.812646	17.0981	-5.22088	-5.25711	17.2481	-4.44419	-4.44446	0.00609561	-1.17322	-1.15964	0.00775727
100601	0.507941	0.533418	0.000308198	0.758935	0.797001	45.0914	-5.2032	-5.24138	45.5655	-4.44426	-4.44437	0.0051329	-1.02794	-1.13228	0.00685461
100801	0.514896	0.530459	0.000378378	0.769327	0.792581	55.359	-5.214	-5.23697	55.7515	-4.44467	-4.44439	0.00412263	-1.11819	-1.13623	0.00916058
101001	0.541873	0.534782	0.000412337	0.809634	0.799039	60.3274	-5.25506	-5.24356	61.1613	-4.44543	-4.44452	0.00852636	-0.975678	-1.15302	0.009915
101201	0.526481	0.535104	0.000388543	0.786637	0.79952	56.8462	-5.23268	-5.24425	57.6723	-4.44604	-4.44472	0.0211762	-0.722747	-1.09341	0.0272941
101401	0.532905	0.536123	0.000374416	0.796235	0.801042	54.7793	-5.24251	-5.24597	55.7732	-4.44628	-4.44493	0.0347041	-0.741401	-1.05316	0.0339768
101601	0.558278	0.536696	0.000346814	0.834146	0.8019	50.7411	-5.28063	-5.24701	51.7838	-4.44649	-4.44511	0.0459508	-0.861195	-1.01574	0.0400405
101801	0.554521	0.537051	0.000352441	0.828532	0.80243	51.5643	-5.27493	-5.24769	52.5886	-4.4464	-4.44526	0.0525988	-0.79723	-0.980807	0.0471791
102001	0.495416	0.537274	0.00036964	0.740221	0.802763	54.0807	-5.18617	-5.24812	55.0976	-4.44595	-4.44536	0.0525679	-0.545685	-0.958014	0.0482785
102201	0.543749	0.536884	0.000361518	0.812437	0.80218	52.8924	-5.25792	-5.24757	53.7755	-4.44548	-4.44539	0.0485345	-0.936691	-0.943494	0.0470426
102401	0.531194	0.537257	0.000340699	0.793678	0.802737	49.8464	-5.23925	-5.24813	50.6576	-4.44557	-4.44539	0.0445354	-0.890829	-0.943956	0.0433464
102601	0.545856	0.537683	0.000319594	0.815586	0.803374	46.7586	-5.26157	-5.2488	47.536	-4.44598	-4.44542	0.0417561	-0.839323	-0.940479	0.0403708
102801	0.565796	0.539458	0.000341002	0.845379	0.806026	49.8908	-5.29194	-5.25151	50.9082	-4.44656	-4.44548	0.0421567	-0.920317	-0.938096	0.0376161
103001	0.55736	0.541918	0.000412102	0.832775	0.809702	60.2931	-5.2796	-5.25527	61.8201	-4.44683	-4.44557	0.0460715	-0.688004	-0.935656	0.0359535
103201	0.561431	0.542172	0.00039074	0.838857	0.810081	57.1676	-5.2853	-5.25571	58.6479	-4.44644	-4.44563	0.0472931	-0.805592	-0.918901	0.0381332
103401	0.590044	0.543298	0.000404485	0.881608	0.811763	59.1787	-5.32824	-5.25745	60.7637	-4.44663	-4.44568	0.0471607	-0.972259	-0.913053	0.0369479
103601	0.551689	0.544048	0.000403914	0.824301	0.812884	59.0951	-5.27076	-5.25862	60.7197	-4.44646	-4.44574	0.0475135	-0.712097	-0.904383	0.0365448
103801	0.553268	0.544391	0.000386229	0.82666	0.813396	56.5077	-5.27303	-5.25916	58.0893	-4.44638	-4.44577	0.0463452	-0.871738	-0.898206	0.0354152
104001	0.527369	0.544464	0.000373519	0.787964	0.813506	54.6481	-5.23396	-5.2593	56.1696	-4.446	-4.44579	0.0448975	-0.839768	-0.896482	0.0337545
104201	0.547962	0.543923	0.000374675	0.818732	0.812697	54.8172	-5.26368	-5.25847	56.2712	-4.44495	-4.44578	0.0435092	-1.17343	-0.901373	0.0336705
104401	0.561549	0.54394	0.000360314	0.839033	0.812723	52.7162	-5.28348	-5.25845	54.1028	-4.44445	-4.44573	0.0451271	-1.2741	-0.91423	0.0356645
104601	0.475023	0.543432	0.000386066	0.709752	0.811964	56.4839	-5.15424	-5.25763	57.9277	-4.44449	-4.44567	0.0475602	-0.783748	-0.922894	0.0369778
104801	0.557171	0.542519	0.000407611	0.832492	0.8106	59.636	-5.27697	-5.25622	61.2331	-4.44448	-4.44562	0.0495478	-1.25616	-0.927418	0.0365445
105001	0.545774	0.543217	0.000408717	0.815464	0.811643	59.7978	-5.26038	-5.25722	61.2068	-4.44491	-4.44558	0.0498514	-1.07417	-0.939823	0.0390385
105201	0.544345	0.543047	0.000398285	0.813328	0.811389	58.2715	-5.25825	-5.25695	59.6479	-4.44492	-4.44556	0.0489497	-1.07566	-0.941522	0.0378456
105401	0.518437	0.542516	0.000396087	0.774618	0.810595	57.9499	-5.21989	-5.25613	59.3312	-4.44528	-4.44554	0.0478016	-0.927049	-0.945897	0.0371754
105601	0.524612	0.542614	0.000387847	0.783845	0.810741	56.7445	-5.22975	-5.25628	58.0837	-4.44591	-4.44554	0.0461951	-0.545285	-0.941543	0.0368626
105801	0.556468	0.542668	0.00037786	0.831442	0.810823	55.2833	-5.27788	-5.25639	56.5908	-4.44644	-4.44556	0.0458206	-0.737371	-0.931061	0.0387602
106001	0.563308	0.543285	0.000377555	0.841661	0.811745	55.2387	-5.28801	-5.25734	56.5952	-4.44635	-4.44559	0.0456024	-0.818197	-0.925607	0.0383665
106201	0.546636	0.543797	0.000375669	0.816752	0.812509	54.9627	-5.26285	-5.25812	56.3436	-4.4461	-4.44561	0.0450974	-0.789141	-0.923877	0.0373463
106401	0.532236	0.543746	0.000375476	0.795236	0.812433	54.9345	-5.24078	-5.25805	56.2726	-4.44554	-4.44562	0.0438001	-0.901748	-0.922321	0.0366986
106601	0.560102	0.543718	0.000365908	0.836871	0.812391	53.5346	-5.282	-5.258	54.8294	-4.44513	-4.44561	0.0426824	-1.14618	-0.924723	0.0359094
106801	0.529507	0.543146	0.000373638	0.791158	0.811536	54.6655	-5.23641	-5.25713	55.9668	-4.44525	-4.4456	0.0417738	-1.01654	-0.925577	0.0351302
107001	0.525292	0.543027	0.000365422	0.78486	0.811359	53.4636	-5.22994	-5.25694	54.7383	-4.44508	-4.44559	0.0408611	-1.0706	-0.931495	0.0354124
107201	0.491531	0.542436	0.000371911	0.734416	0.810476	54.4129	-5.17934	-5.25605	55.7202	-4.44492	-4.44557	0.0403362	-0.843574	-0.934526	0.0349379
107401	0.523507	0.54222	0.000374191	0.782194	0.810153	54.7465	-5.2274	-5.25571	56.0471	-4.4452	-4.44555	0.0397708	-0.90237	-0.936634	0.0343265
107601	0.531536	0.542243	0.000374086	0.79419	0.810187	54.7311	-5.23988	-5.25574	55.9987	-4.44569	-4.44555	0.0387838	-0.820076	-0.936956	0.0336855
107801	0.515468	0.542153	0.000373077	0.770182	0.810052	54.5834	-5.21632	-5.25561	55.8078	-4.44614	-4.44556	0.0380545	-0.685198	-0.934557	0.0333495
108001	0.598944	0.542998	0.000404104	0.894906	0.811316	59.1229	-5.3417	-5.2569	60.475	-4.4468	-4.44558	0.0384275	-1.1011	-0.936684	0.0330879
108201	0.552432	0.544008	0.0004394	0.825411	0.812825	64.2869	-5.27262	-5.25844	65.88	-4.4472	-4.44562	0.0407191	-0.727464	-0.937299	0.0325327
108401	0.576899	0.544545	0.000444399	0.861968	0.813627	65.0184	-5.30954	-5.25929	66.769	-4.44757	-4.44566	0.0446991	-0.602879	-0.93107	0.0333659
108601	0.59284	0.545424	0.000468455	0.885786	0.814941	68.5379	-5.33295	-5.26064	70.5496	-4.44717	-4.4457	0.0482638	-0.759485	-0.924712	0.0343291
108801	0.536921	0.545597	0.000467875	0.802235	0.815198	68.453	-5.24853	-5.26092	70.4773	-4.4463	-4.44573	0.0488475	-0.680272	-0.918719	0.0351453
109001	0.543455	0.545282	0.000464091	0.811997	0.814728	67.8994	-5.25771	-5.26046	69.8587	-4.44571	-4.44573	0.047893	-1.03507	-0.916194	0.0350702
109201	0.549826	0.545295	0.000456855	0.821518	0.814747	66.8408	-5.26669	-5.26047	68.7614	-4.44517	-4.44572	0.0470319	-1.11492	-0.92047	0.0352029
109401	0.512988	0.545181	0.000451948	0.766477	0.814577	66.1228	-5.21162	-5.26029	68.0151	-4.44514	-4.44571	0.0465081	-0.952843	-0.923749	0.035041
109601	0.569886	0.545028	0.000451798	0.85149	0.814348	66.1009	-5.29667	-5.26005	67.9727	-4.44518	-4.4457	0.04598	-1.13168	-0.925964	0.0346466
109801	0.523868	0.544794	0.000450222	0.782733	0.813998	65.8702	-5.22814	-5.25969	67.7217	-4.4454	-4.44569	0.0453032	-0.752429	-0.924019	0.0344274
110001	0.570613	0.544898	0.000444981	0.852576	0.814155	65.1035	-5.29829	-5.25984	66.9179	-4.44571	-4.44569	0.0444304	-1.1094	-0.924286	0.0339123
110201	0.550333	0.544961	0.000437583	0.822274	0.814248	64.0211	-5.26805	-5.25994	65.8003	-4.44578	-4.44569	0.0435653	-0.980235	-0.925183	0.0333339
110401	0.517336	0.5452	0.000440614	0.772972	0.814606	64.4645	-5.21825	-5.26029	66.2031	-4.44528	-4.44569	0.0427776	-0.670711	-0.926075	0.033014
110601	0.521278	0.545083	0.000441024	0.778863	0.81443	64.5246	-5.22348	-5.2601	66.2408	-4.44461	-4.44567	0.0426941	-0.901566	-0.924762	0.0329262
110801	0.52383	0.544675	0.000442818	0.782676	0.81382	64.7871	-5.22744	-5.25947	66.5549	-4.44476	-4.44565	0.0432032	-1.0693	-0.92623	0.0325271
111001	0.511838	0.544604	0.000436766	0.764758	0.813715	63.9016	-5.21002	-5.25936	65.6453	-4.44526	-4.44564	0.042967	-0.86781	-0.929635	0.0326932
111201	0.540684	0.54424	0.000438205	0.807858	0.813171	64.1122	-5.25352	-5.25881	65.8417	-4.44566	-4.44564	0.0422537	-0.920578	-0.928643	0.0321786
111401	0.52556	0.544065	0.000435903	0.78526	0.812909	63.7753	-5.23104	-5.25855	65.4666	-4.44578	-4.44564	0.0415494	-0.849674	-0.928362	0.0317089
111601	0.551405	0.543898	0.000430445	0.823877	0.81266	62.9768	-5.26912	-5.2583	64.6406	-4.44525	-4.44564	0.040876	-1.07434	-0.928225	0.0312067
111801	0.544324	0.543797	0.000427873	0.813297	0.812509	62.6005	-5.25816	-5.25814	64.2526	-4.44487	-4.44563	0.040616	-1.21103	-0.931254	0.0312761
112001	0.528991	0.543911	0.000424116	0.790387	0.81268	62.0509	-5.23517	-5.25829	63.6578	-4.44478	-4.44561	0.0406491	-1.12035	-0.936409	0.0323932
112201	0.534612	0.54391	0.000419621	0.798785	0.812677	61.3931	-5.24393	-5.25828	62.9729	-4.44515	-4.4456	0.0404657	-0.95988	-0.939103	0.0324317
112401	0.536398	0.54351	0.000423441	0.801454	0.81208	61.952	-5.24684	-5.25768	63.5377	-4.44539	-4.4456	0.0399786	-0.830009	-0.937074	0.0321893
112601	0.574371	0.543507	0.000418629	0.858191	0.812076	61.248	-5.30406	-5.25768	62.8089	-4.44587	-4.4456	0.0393816	-1.10596	-0.936059	0.031845
112801	0.543791	0.54345	0.000415525	0.812501	0.81199	60.7939	-5.25807	-5.25759	62.3313	-4.44556	-4.4456	0.0387946	-1.14321	-0.937196	0.0314924
113001	0.517912	0.543075	0.000421653	0.773834	0.811431	61.6905	-5.21914	-5.25703	63.2194	-4.44531	-4.4456	0.038239	-1.05266	-0.938589	0.0312319
113201	0.515674	0.542812	0.000421015	0.77049	0.811038	61.5971	-5.21575	-5.25663	63.1179	-4.44526	-4.44559	0.0377434	-1.03188	-0.941393	0.0313261
113401	0.519731	0.542549	0.000420694	0.776551	0.810645	61.5502	-5.22161	-5.25623	63.0712	-4.44506	-4.44559	0.0373596	-0.927242	-0.941922	0.0309467
113601	0.547795	0.542293	0.000419715	0.818483	0.810262	61.4069	-5.26333	-5.25584	62.9361	-4.44485	-4.44558	0.0371704	-1.20168	-0.942722	0.0305937
113801	0.557205	0.542527	0.000418257	0.832543	0.810612	61.1936	-5.27745	-5.25618	62.6667	-4.44491	-4.44557	0.0371866	-1.28108	-0.947672	0.0318366
114001	0.504221	0.542134	0.000426177	0.753378	0.810025	62.3523	-5.1987	-5.25559	63.833	-4.44532	-4.44556	0.0368452	-0.930152	-0.948779	0.0315918
114201	0.551119	0.541868	0.000427073	0.823449	0.809627	62.4835	-5.26891	-5.25519	63.9531	-4.44546	-4.44556	0.0363538	-1.13547	-0.949167	0.0312018
114401	0.542609	0.542041	0.000427767	0.810734	0.809885	62.5849	-5.25628	-5.25544	64.0306	-4.44554	-4.44556	0.0358612	-1.07077	-0.952028	0.0314616
114601	0.535652	0.541904	0.000425279	0.80034	0.80968	62.221	-5.24579	-5.25524	63.6469	-4.44545	-4.44556	0.0353719	-1.00208	-0.952876	0.0311319
114801	0.537794	0.54191	0.000420012	0.803539	0.80969	61.4504	-5.2486	-5.25524	62.8556	-4.44506	-4.44555	0.0349924	-1.0392	-0.953696	0.0307824
115001	0.519147	0.541644	0.00042051	0.775679	0.809293	61.5233	-5.22021	-5.25484	62.952	-4.44453	-4.44554	0.0350361	-1.08112	-0.955003	0.030506
115201	0.52933	0.541527	0.000416315	0.790894	0.809118	60.9095	-5.23533	-5.25465	62.345	-4.44443	-4.44553	0.0355805	-1.06845	-0.956656	0.0303206
115401	0.543904	0.541562	0.000411881	0.81267	0.80917	60.2608	-5.2574	-5.25469	61.6728	-4.44473	-4.44552	0.0359681	-1.17604	-0.959989	0.0308291
115601	0.529395	0.541544	0.000407855	0.790991	0.809143	59.6717	-5.23629	-5.25465	61.066	-4.4453	-4.44551	0.0357321	-0.858123	-0.960927	0.030623
115801	0.532245	0.541417	0.00040554	0.795249	0.808953	59.3331	-5.24129	-5.25446	60.7063	-4.44604	-4.44551	0.0353397	-0.682358	-0.958807	0.0306667
116001	0.56009	0.541679	0.000409653	0.836853	0.809345	59.9348	-5.28339	-5.25487	61.3383	-4.44654	-4.44552	0.0354856	-0.676044	-0.956248	0.0308615
116201	0.570361	0.541716	0.000406871	0.8522	0.8094	59.5278	-5.29844	-5.25493	60.919	-4.44624	-4.44553	0.0357143	-0.937305	-0.95262	0.0317258
116401	0.561496	0.54185	0.000404137	0.838954	0.809601	59.1278	-5.285	-5.25514	60.5176	-4.44604	-4.44554	0.0355449	-0.840264	-0.951627	0.0314294
116601	0.582381	0.541924	0.000406658	0.870159	0.80971	59.4966	-5.31671	-5.25526	60.8872	-4.44655	-4.44555	0.0354701	-0.941955	-0.949707	0.0315331
116801	0.593519	0.542132	0.000408329	0.8868	0.810022	59.7411	-5.33408	-5.25559	61.1686	-4.44728	-4.44556	0.0365502	-0.741824	-0.946561	0.0321799
117001	0.58758	0.542946	0.000461731	0.877927	0.811237	67.5541	-5.3255	-5.25682	69.2702	-4.44758	-4.44559	0.0389657	-0.683647	-0.944675	0.0321704
117201	0.563892	0.543183	0.000465109	0.842534	0.811591	68.0484	-5.29011	-5.2572	69.839	-4.44758	-4.44561	0.0415353	-0.820556	-0.941694	0.0325823
117401	0.571205	0.543773	0.00049452	0.85346	0.812473	72.3514	-5.30068	-5.2581	74.3282	-4.44722	-4.44563	0.043505	-0.90362	-0.942383	0.0323945
117601	0.573328	0.54415	0.0005016	0.856632	0.813037	73.3872	-5.30346	-5.25868	75.4454	-4.44683	-4.44565	0.0444729	-0.942196	-0.942657	0.0320491
117801	0.575822	0.544567	0.000512311	0.860359	0.813659	74.9544	-5.30706	-5.25932	77.0787	-4.44671	-4.44566	0.0448514	-0.895574	-0.942792	0.0317148
118001	0.575727	0.544825	0.000513926	0.860217	0.814045	75.1906	-5.30716	-5.25972	77.3472	-4.44695	-4.44567	0.0452612	-0.952274	-0.942088	0.0314311
118201	0.562686	0.545196	0.00052419	0.840731	0.8146	76.6923	-5.28862	-5.26029	78.9524	-4.44788	-4.44569	0.0468018	-0.770563	-0.941942	0.0311574
118401	0.583794	0.545601	0.00053485	0.87227	0.815205	78.2519	-5.3208	-5.26092	80.7001	-4.44853	-4.44572	0.0511252	-0.634345	-0.939499	0.0314047
118601	0.565874	0.546002	0.000546728	0.845496	0.815804	79.9897	-5.29387	-5.26155	82.6356	-4.44838	-4.44575	0.0560033	-0.562752	-0.936156	0.0321689
118801	0.616114	0.546226	0.000548819	0.920561	0.816139	80.2957	-5.36869	-5.26191	83.0242	-4.44813	-4.44578	0.0595708	-0.898172	-0.93247	0.033217
119001	0.594348	0.546845	0.000581424	0.888039	0.817063	85.0659	-5.33645	-5.26286	88.0672	-4.44841	-4.4458	0.0632231	-0.69408	-0.931173	0.0331625
119201	0.588616	0.547315	0.00059735	0.879475	0.817765	87.396	-5.32745	-5.26359	90.5933	-4.44798	-4.44583	0.0665934	-0.668867	-0.928405	0.0335641
119401	0.547197	0.547517	0.000596472	0.81759	0.818068	87.2675	-5.26492	-5.26391	90.5073	-4.44733	-4.44585	0.0680874	-0.611024	-0.925499	0.0340509
119601	0.551808	0.54756	0.00059117	0.824479	0.818132	86.4918	-5.27116	-5.26399	89.7094	-4.44668	-4.44586	0.0683234	-0.844293	-0.923366	0.0342028
119801	0.590226	0.547675	0.000589117	0.88188	0.818304	86.1915	-5.32795	-5.26417	89.384	-4.44607	-4.44586	0.0678222	-1.24472	-0.923805	0.0340638
120001	0.55773	0.547866	0.000588642	0.833328	0.818588	86.122	-5.27954	-5.26445	89.29	-4.44621	-4.44586	0.0671699	-0.956143	-0.925412	0.0340562
120201	0.548497	0.547873	0.000584668	0.819532	0.818599	85.5406	-5.26597	-5.26447	88.6786	-4.44644	-4.44587	0.0666773	-0.835897	-0.924746	0.0338093
120401	0.551777	0.547869	0.000579977	0.824432	0.818593	84.8542	-5.27026	-5.26447	87.9592	-4.44582	-4.44587	0.0661127	-0.974109	-0.923714	0.0336639
120601	0.532051	0.547705	0.000581596	0.794959	0.818349	85.0911	-5.24011	-5.26422	88.1827	-4.44515	-4.44587	0.0655817	-1.07142	-0.924324	0.0334415
120801	0.542483	0.547669	0.000576339	0.810546	0.818294	84.322	-5.25514	-5.26415	87.3919	-4.44459	-4.44586	0.0657366	-1.2511	-0.927123	0.0339525
121001	0.50984	0.547307	0.000586304	0.761772	0.817754	85.78	-5.20664	-5.2636	88.9008	-4.44487	-4.44585	0.0659305	-1.07948	-0.928289	0.0338464
121201	0.530058	0.547147	0.000584948	0.791982	0.817514	85.5815	-5.23691	-5.26335	88.7031	-4.44493	-4.44584	0.0658554	-1.12742	-0.930727	0.0341932
121401	0.512019	0.547035	0.000581703	0.765028	0.817347	85.1068	-5.21002	-5.26318	88.2187	-4.44499	-4.44583	0.0657108	-1.041	-0.932663	0.0342964
121601	0.547311	0.547081	0.000579962	0.817759	0.817416	84.852	-5.26263	-5.26324	87.9272	-4.44487	-4.44582	0.0655919	-1.21006	-0.93562	0.0350094
121801	0.531547	0.546911	0.000578477	0.794206	0.817162	84.6348	-5.23919	-5.26298	87.7089	-4.44499	-4.44581	0.0654022	-0.964195	-0.936337	0.0348234
122001	0.543568	0.546759	0.000577213	0.812168	0.816935	84.4498	-5.2569	-5.26274	87.5255	-4.44473	-4.44581	0.065382	-1.04077	-0.936184	0.034576
122201	0.52114	0.546559	0.00057673	0.778657	0.816636	84.3792	-5.22329	-5.26243	87.472	-4.44464	-4.4458	0.0655405	-0.971056	-0.936744	0.034304
122401	0.539829	0.546302	0.000580965	0.806581	0.816252	84.9988	-5.25121	-5.26204	88.1222	-4.44463	-4.44578	0.0657215	-1.22312	-0.937402	0.0341786
122601	0.526455	0.54619	0.000578318	0.786598	0.816085	84.6116	-5.23115	-5.26186	87.7344	-4.44456	-4.44577	0.0659621	-1.15945	-0.939801	0.034553
122801	0.515381	0.54603	0.000576605	0.770052	0.815845	84.3609	-5.21471	-5.26161	87.4933	-4.44466	-4.44576	0.0661642	-1.09946	-0.941833	0.0347264
123001	0.519931	0.545682	0.000585666	0.776851	0.815325	85.6866	-5.22153	-5.26108	88.8648	-4.44468	-4.44575	0.0662383	-1.04342	-0.942388	0.034467
123201	0.532071	0.545465	0.000586969	0.794989	0.815001	85.8772	-5.23975	-5.26075	89.0729	-4.44476	-4.44575	0.0662798	-1.11992	-0.94335	0.0343066
123401	0.509064	0.545221	0.000589311	0.760613	0.814636	86.2199	-5.20535	-5.26037	89.4355	-4.44474	-4.44574	0.06625	-1.01614	-0.944115	0.0340933
123601	0.496868	0.545148	0.000590676	0.742391	0.814528	86.4195	-5.18689	-5.26026	89.6246	-4.44449	-4.44573	0.0663079	-1.07124	-0.946886	0.0349334
123801	0.525779	0.544968	0.00059309	0.785587	0.814259	86.7728	-5.23017	-5.25998	89.9953	-4.44458	-4.44572	0.0666007	-1.13495	-0.948842	0.035182
124001	0.586834	0.544939	0.000591834	0.876812	0.814215	86.589	-5.32166	-5.25992	89.793	-4.44484	-4.44571	0.0665711	-1.35452	-0.950415	0.0352523
124201	0.540226	0.544939	0.000590261	0.807173	0.814215	86.3588	-5.25238	-5.25992	89.5351	-4.44521	-4.4457	0.0663084	-0.985357	-0.951385	0.0352328
124401	0.529415	0.544831	0.0005871	0.791021	0.814054	85.8964	-5.23674	-5.25976	89.0509	-4.44572	-4.4457	0.0657949	-0.995697	-0.951418	0.0349671
124601	0.553898	0.544787	0.000584339	0.827601	0.813988	85.4925	-5.27366	-5.25969	88.6201	-4.44606	-4.4457	0.065274	-1.05617	-0.951958	0.0347689
124801	0.550482	0.54483	0.00058071	0.822498	0.814053	84.9615	-5.26949	-5.25976	88.0741	-4.44699	-4.44571	0.0650974	-0.653871	-0.951229	0.0346166
125001	0.583434	0.544884	0.00057805	0.871733	0.814133	84.5723	-5.319	-5.25985	87.6768	-4.44727	-4.44572	0.0658749	-0.727077	-0.947826	0.0358682
125201	0.556849	0.54518	0.000585716	0.83201	0.814576	85.6939	-5.2788	-5.26031	88.8503	-4.44679	-4.44573	0.0662064	-0.845577	-0.947128	0.0356697
125401	0.575637	0.545287	0.000583795	0.860083	0.814735	85.4128	-5.30727	-5.26048	88.5718	-4.44718	-4.44574	0.0664308	-0.878225	-0.946375	0.0354828
125601	0.537117	0.545368	0.000582194	0.802529	0.814856	85.1787	-5.25009	-5.26061	88.3384	-4.44756	-4.44575	0.0673769	-0.648473	-0.944762	0.0356028
125801	0.572713	0.545379	0.000579618	0.855714	0.814873	84.8018	-5.30256	-5.26064	87.94	-4.44685	-4.44577	0.0679535	-0.814828	-0.943069	0.035756
126001	0.552698	0.54545	0.000577266	0.825809	0.814979	84.4577	-5.27138	-5.26075	87.5842	-4.44557	-4.44577	0.0676	-0.956869	-0.942065	0.0356368
126201	0.534975	0.545384	0.000573618	0.799328	0.814881	83.9238	-5.24441	-5.26065	87.0336	-4.44508	-4.44577	0.0672198	-1.03497	-0.942438	0.0353985
126401	0.531227	0.545275	0.000571306	0.793728	0.814717	83.5856	-5.23871	-5.26048	86.688	-4.44498	-4.44576	0.0669801	-0.87665	-0.942277	0.0351841
126601	0.523698	0.545116	0.000575954	0.782478	0.81448	84.2657	-5.22781	-5.26024	87.3601	-4.44533	-4.44576	0.0666599	-0.785687	-0.941429	0.0352193
126801	0.530711	0.545049	0.000573069	0.792957	0.81438	83.8436	-5.23813	-5.26013	86.922	-4.44517	-4.44575	0.0662795	-0.871463	-0.940771	0.035033
127001	0.521572	0.544985	0.0005726	0.779302	0.814285	83.7749	-5.22418	-5.26003	86.8409	-4.44488	-4.44575	0.0660372	-0.784421	-0.940571	0.0348925
127201	0.53326	0.544891	0.000569652	0.796766	0.814144	83.3436	-5.24127	-5.25988	86.4065	-4.44451	-4.44574	0.0660717	-1.00629	-0.940248	0.0346739
127401	0.536229	0.544773	0.000567502	0.801202	0.813968	83.029	-5.24535	-5.2597	86.1041	-4.44415	-4.44573	0.0665952	-1.08051	-0.941117	0.0345304
127601	0.561306	0.544793	0.000564642	0.838669	0.813997	82.6107	-5.28277	-5.25971	85.6586	-4.4441	-4.44572	0.0673787	-1.26184	-0.942619	0.0346496
127801	0.527991	0.544695	0.000564143	0.788892	0.813851	82.5377	-5.23318	-5.25956	85.5958	-4.44429	-4.44571	0.0680615	-0.911847	-0.943236	0.0345135
128001	0.515354	0.544422	0.000570922	0.770011	0.813443	83.5294	-5.21453	-5.25914	86.6329	-4.44452	-4.4457	0.068304	-0.833707	-0.941844	0.0345619
128201	0.523538	0.544383	0.000568161	0.782239	0.813385	83.1255	-5.22647	-5.25907	86.2165	-4.44423	-4.44569	0.0685579	-1.00158	-0.942364	0.0344177
128401	0.541929	0.544228	0.000568376	0.809719	0.813153	83.1569	-5.25399	-5.25883	86.2727	-4.44428	-4.44568	0.0690959	-1.12875	-0.943028	0.0342652
128601	0.542104	0.544237	0.000565717	0.80998	0.813167	82.7679	-5.25496	-5.25884	85.8629	-4.44498	-4.44567	0.0691832	-0.90512	-0.943579	0.0340921
128801	0.50659	0.54419	0.000565505	0.756916	0.813096	82.7369	-5.20234	-5.25876	85.8141	-4.44543	-4.44567	0.0687994	-0.876101	-0.943722	0.0339524
129001	0.515197	0.544061	0.000564562	0.769777	0.812904	82.5989	-5.21526	-5.25857	85.6598	-4.44548	-4.44566	0.0683424	-0.881611	-0.944006	0.0337482
129201	0.566558	0.544046	0.00056425	0.846518	0.812882	82.5532	-5.29194	-5.25854	85.5934	-4.44542	-4.44566	0.0678922	-1.07165	-0.944029	0.033586
129401	0.558159	0.544029	0.000562136	0.833968	0.812856	82.2441	-5.27941	-5.25852	85.2644	-4.44544	-4.44566	0.0674553	-1.10313	-0.944248	0.0334188
129601	0.547735	0.544138	0.000560305	0.818393	0.813018	81.9762	-5.26367	-5.25868	84.9701	-4.44527	-4.44566	0.0670379	-1.14459	-0.945667	0.0335014
129801	0.519949	0.544123	0.000557114	0.776877	0.812997	81.5092	-5.22167	-5.25865	84.4856	-4.44479	-4.44566	0.0667875	-1.0061	-0.946853	0.033499
130001	0.538669	0.544022	0.00055545	0.804847	0.812846	81.2658	-5.25025	-5.2585	84.2341	-4.4454	-4.44565	0.0665279	-1.13442	-0.947698	0.0333937
130201	0.591301	0.544069	0.000553423	0.883487	0.812915	80.9692	-5.32998	-5.25857	83.9208	-4.4465	-4.44565	0.0661733	-1.12136	-0.948558	0.0333645
130401	0.541093	0.544066	0.00055516	0.808469	0.812911	81.2233	-5.25551	-5.25857	84.15	-4.44705	-4.44566	0.0663719	-0.605293	-0.946918	0.0339058
130601	0.559149	0.544147	0.000552786	0.835447	0.813032	80.876	-5.28198	-5.2587	83.8034	-4.44654	-4.44567	0.0665784	-0.743068	-0.945331	0.0340789
130801	0.573202	0.544246	0.000551329	0.856445	0.81318	80.6629	-5.30243	-5.25885	83.5834	-4.44599	-4.44567	0.0662942	-0.962212	-0.944576	0.0339582
131001	0.507816	0.54423	0.000549633	0.758748	0.813156	80.4148	-5.20391	-5.25883	83.3214	-4.44516	-4.44567	0.0658941	-0.835191	-0.944207	0.0337708
131201	0.494683	0.544042	0.000552578	0.739125	0.812875	80.8456	-5.1838	-5.25854	83.7634	-4.44468	-4.44567	0.0657467	-0.972748	-0.944433	0.0336012
131401	0.540131	0.54389	0.000553584	0.807032	0.812648	80.9927	-5.25155	-5.25831	83.9237	-4.44452	-4.44566	0.0658047	-1.22834	-0.945686	0.033657
131601	0.52499	0.543813	0.000552246	0.784409	0.812533	80.7971	-5.22896	-5.25819	83.7278	-4.44455	-4.44565	0.0659827	-1.04137	-0.946923	0.0337362
131801	0.543736	0.543774	0.000550129	0.812418	0.812474	80.4874	-5.25715	-5.25812	83.4082	-4.44473	-4.44565	0.0659509	-1.08192	-0.94801	0.0337304
132001	0.528748	0.543744	0.000547923	0.790024	0.81243	80.1645	-5.23451	-5.25807	83.0729	-4.44448	-4.44564	0.0659723	-1.09792	-0.948846	0.0336908
132201	0.516834	0.543718	0.000545949	0.772222	0.812391	79.8758	-5.21638	-5.25802	82.7738	-4.44415	-4.44563	0.066297	-0.963321	-0.949814	0.0336641
132401	0.534895	0.54362	0.000544851	0.799209	0.812245	79.7151	-5.24363	-5.25787	82.6215	-4.44442	-4.44562	0.066637	-1.22867	-0.950864	0.0336687
132601	0.508135	0.543453	0.00054716	0.759225	0.811995	80.053	-5.20373	-5.25761	82.98	-4.4445	-4.44562	0.0667633	-1.14584	-0.952343	0.0338567
132801	0.526884	0.543137	0.000564069	0.787239	0.811523	82.5268	-5.23193	-5.25713	85.5016	-4.4447	-4.44561	0.0667886	-1.28952	-0.953016	0.0338708
133001	0.510905	0.542924	0.000568581	0.763364	0.811205	83.187	-5.20821	-5.25681	86.1773	-4.44485	-4.44561	0.0666441	-1.12534	-0.95394	0.0338604
133201	0.505188	0.542754	0.000570548	0.754822	0.810951	83.4747	-5.19947	-5.25655	86.4748	-4.44465	-4.4456	0.0665078	-1.12973	-0.955411	0.0340353
133401	0.541641	0.542577	0.000574071	0.809288	0.810686	83.9902	-5.25333	-5.25628	87.0129	-4.44404	-4.44559	0.0667339	-1.37899	-0.956859	0.0342457
133601	0.543518	0.542528	0.000571784	0.812093	0.810613	83.6556	-5.25605	-5.2562	86.677	-4.44395	-4.44558	0.0673818	-1.28283	-0.958821	0.0347031
133801	0.535404	0.542399	0.000572358	0.799969	0.81042	83.7395	-5.24418	-5.25599	86.7827	-4.44421	-4.44557	0.0678738	-1.12704	-0.959645	0.0346419
134001	0.547718	0.542318	0.000571014	0.818368	0.810299	83.543	-5.26297	-5.25587	86.5887	-4.4446	-4.44557	0.068027	-1.1055	-0.960078	0.0344923
134201	0.537207	0.542253	0.00057068	0.802663	0.810202	83.494	-5.24781	-5.25576	86.5281	-4.44515	-4.44556	0.0678098	-1.05821	-0.960376	0.0343717
134401	0.509778	0.542195	0.000568732	0.76168	0.810116	83.2091	-5.20728	-5.25568	86.2263	-4.4456	-4.44556	0.0674388	-0.831476	-0.960922	0.0342638
134601	0.54507	0.542188	0.000567099	0.814411	0.810105	82.9701	-5.26057	-5.25567	85.9698	-4.44616	-4.44556	0.0671063	-0.875977	-0.960546	0.034121
134801	0.522332	0.542236	0.000564588	0.780438	0.810177	82.6027	-5.22652	-5.25574	85.5907	-4.44608	-4.44557	0.0668424	-0.805283	-0.960139	0.0339563
135001	0.546167	0.542204	0.000562419	0.81605	0.810129	82.2853	-5.26185	-5.2557	85.2535	-4.4458	-4.44557	0.0665153	-0.921516	-0.959705	0.0338146
135201	0.553553	0.542177	0.000560125	0.827086	0.810089	81.9497	-5.2729	-5.25566	84.8998	-4.44581	-4.44557	0.0661572	-0.825839	-0.958889	0.0337863
135401	0.577216	0.542215	0.000558101	0.862442	0.810145	81.6536	-5.30802	-5.25572	84.588	-4.44557	-4.44557	0.0657958	-1.07116	-0.958233	0.0337127
135601	0.586211	0.542305	0.000558162	0.875882	0.81028	81.6626	-5.32106	-5.25585	84.5767	-4.44518	-4.44557	0.0654476	-1.25675	-0.958796	0.0336338
135801	0.526111	0.542339	0.000556719	0.786083	0.810331	81.4515	-5.23091	-5.2559	84.347	-4.44483	-4.44557	0.0652022	-0.951055	-0.959434	0.0335559
136001	0.511663	0.542221	0.000557342	0.764496	0.810154	81.5426	-5.20886	-5.25572	84.4465	-4.44436	-4.44556	0.0651868	-0.85708	-0.959011	0.0334354
136201	0.526702	0.54219	0.000555176	0.786967	0.810108	81.2258	-5.23091	-5.25566	84.1217	-4.44394	-4.44555	0.0655258	-1.06609	-0.95946	0.0333325
136401	0.540263	0.542077	0.000554913	0.807229	0.809939	81.1872	-5.25081	-5.25548	84.1074	-4.44358	-4.44554	0.0663355	-1.29968	-0.960256	0.0333058
136601	0.501138	0.541918	0.000557708	0.74877	0.809701	81.5962	-5.19263	-5.25524	84.5583	-4.44386	-4.44553	0.0672178	-1.05901	-0.961381	0.0334049
136801	0.526017	0.541855	0.000556093	0.785944	0.809607	81.3599	-5.23057	-5.25513	84.3238	-4.44462	-4.44553	0.0674994	-0.946373	-0.962198	0.033385
137001	0.529126	0.541848	0.000553367	0.790589	0.809597	80.9611	-5.23574	-5.25512	83.9095	-4.44515	-4.44552	0.0672698	-0.885975	-0.962135	0.0332148
137201	0.526312	0.541755	0.000553139	0.786384	0.809458	80.9277	-5.23196	-5.25498	83.8621	-4.44558	-4.44552	0.0669235	-0.983064	-0.961893	0.0330643
137401	0.503603	0.541723	0.000551685	0.752453	0.80941	80.715	-5.19854	-5.25493	83.6304	-4.44608	-4.44552	0.0666191	-0.774053	-0.962324	0.0329999
137601	0.569441	0.541729	0.000550446	0.850825	0.809419	80.5337	-5.29753	-5.25495	83.438	-4.44671	-4.44553	0.066523	-0.819793	-0.961723	0.0329032
137801	0.574729	0.541832	0.000549824	0.858726	0.809574	80.4427	-5.30609	-5.25511	83.3629	-4.44737	-4.44554	0.0669512	-0.650996	-0.960177	0.0331959
138001	0.566737	0.541986	0.000552188	0.846784	0.809803	80.7885	-5.29428	-5.25535	83.753	-4.44749	-4.44555	0.0679228	-0.564413	-0.958037	0.0339263
138201	0.566516	0.542173	0.000556179	0.846454	0.810083	81.3724	-5.29332	-5.25564	84.3836	-4.44687	-4.44556	0.0685131	-0.68565	-0.956658	0.0341152
138401	0.557016	0.542326	0.000558278	0.83226	0.810312	81.6795	-5.27844	-5.25587	84.7048	-4.44618	-4.44556	0.0684943	-0.755546	-0.955732	0.0341197
138601	0.521013	0.542419	0.000558265	0.778467	0.81045	81.6776	-5.22408	-5.25601	84.6936	-4.44561	-4.44556	0.0681772	-0.775172	-0.955486	0.0339983
138801	0.532349	0.542342	0.000557572	0.795404	0.810336	81.5763	-5.24071	-5.2559	84.5773	-4.4453	-4.44556	0.0678313	-1.08765	-0.955319	0.0339374
139001	0.535138	0.542325	0.000554857	0.799572	0.81031	81.179	-5.24464	-5.25587	84.1662	-4.44507	-4.44556	0.0675401	-1.13341	-0.956315	0.0339587
139201	0.537744	0.542269	0.00055276	0.803465	0.810226	80.8722	-5.24884	-5.25578	83.8476	-4.44538	-4.44556	0.0672312	-0.995956	-0.956783	0.0338401
139401	0.546307	0.542244	0.000550852	0.81626	0.810189	80.5931	-5.26221	-5.25575	83.5543	-4.44595	-4.44556	0.0668995	-0.892598	-0.956528	0.0337022
139601	0.601517	0.54229	0.00055015	0.898751	0.810258	80.4904	-5.34584	-5.25582	83.4495	-4.44709	-4.44556	0.0668973	-0.961154	-0.955799	0.0336627
139801	0.580381	0.542476	0.000554507	0.867171	0.810536	81.1279	-5.31491	-5.25611	84.142	-4.44774	-4.44557	0.0677787	-0.750031	-0.954722	0.0337565
140001	0.577627	0.54268	0.0005608	0.863055	0.81084	82.0486	-5.31085	-5.25642	85.1375	-4.4478	-4.44558	0.0690468	-0.56738	-0.953478	0.0339826
140201	0.542073	0.542821	0.000564534	0.809934	0.81105	82.5948	-5.25781	-5.25665	85.7319	-4.44787	-4.4456	0.0703695	-0.348453	-0.951324	0.0348349
140401	0.599917	0.543033	0.00057284	0.89636	0.811367	83.8101	-5.34409	-5.25697	87.026	-4.44773	-4.44561	0.0716604	-0.873743	-0.949939	0.0351805
140601	0.607244	0.543231	0.000578279	0.907308	0.811664	84.6059	-5.35489	-5.25728	87.8837	-4.44758	-4.44562	0.0725568	-1.00093	-0.949546	0.0350433
140801	0.589777	0.543426	0.000584373	0.881209	0.811955	85.4974	-5.32895	-5.25758	88.8383	-4.44774	-4.44563	0.0735646	-0.562798	-0.948334	0.0353178
141001	0.563624	0.543577	0.000586459	0.842133	0.81218	85.8027	-5.28969	-5.25782	89.1876	-4.44755	-4.44564	0.074484	-0.534871	-0.946111	0.0361685
141201	0.555909	0.543797	0.000594748	0.830607	0.812509	87.0154	-5.27842	-5.25815	90.4724	-4.44782	-4.44565	0.0754376	-0.500536	-0.944849	0.0363612
141401	0.572624	0.543981	0.000602097	0.85558	0.812785	88.0905	-5.30343	-5.25844	91.6139	-4.44785	-4.44566	0.0766692	-0.490932	-0.943195	0.0368513
141601	0.584704	0.544167	0.000607312	0.873629	0.813061	88.8536	-5.32086	-5.25873	92.4319	-4.44723	-4.44567	0.0774959	-0.83752	-0.941975	0.0370396
141801	0.556701	0.544288	0.000608378	0.83179	0.813243	89.0095	-5.27818	-5.25891	92.6002	-4.44639	-4.44567	0.0775292	-0.748616	-0.941177	0.0370187
142001	0.547887	0.544346	0.000606378	0.81862	0.813329	88.7169	-5.26459	-5.259	92.2959	-4.44597	-4.44567	0.0772295	-0.800609	-0.940379	0.0369825
142201	0.516443	0.544322	0.000604705	0.771639	0.813293	88.4721	-5.21782	-5.25897	92.0315	-4.44618	-4.44568	0.0769032	-0.831653	-0.940119	0.0368319
142401	0.547396	0.544257	0.000603209	0.817887	0.813197	88.2532	-5.26411	-5.25887	91.7892	-4.44622	-4.44568	0.0766264	-0.846843	-0.939694	0.0367208
142601	0.540882	0.544264	0.00060149	0.808153	0.813208	88.0017	-5.25416	-5.25889	91.5226	-4.44601	-4.44568	0.0763273	-0.741718	-0.93898	0.0367162
142801	0.581966	0.544299	0.000599787	0.869538	0.813259	87.7526	-5.31534	-5.25894	91.2583	-4.4458	-4.44568	0.0759857	-1.02212	-0.938681	0.0365853
143001	0.551302	0.544369	0.000598658	0.823722	0.813364	87.5875	-5.26917	-5.25904	91.077	-4.44544	-4.44568	0.0756373	-1.02928	-0.93895	0.0364347
143201	0.537409	0.544394	0.000596151	0.802965	0.813401	87.2206	-5.24835	-5.25908	90.6926	-4.44539	-4.44568	0.0753113	-0.983108	-0.939392	0.0363111
143401	0.542107	0.544378	0.000593813	0.809985	0.813377	86.8785	-5.25576	-5.25906	90.3347	-4.44577	-4.44568	0.0749742	-0.954727	-0.939672	0.0361754
143601	0.561009	0.544432	0.000591963	0.838226	0.813458	86.6079	-5.28471	-5.25914	90.0525	-4.44648	-4.44568	0.0746968	-0.83971	-0.939558	0.0360288
143801	0.554242	0.544419	0.000589611	0.828116	0.813439	86.2637	-5.27504	-5.25912	89.6905	-4.44693	-4.44569	0.0747213	-0.711354	-0.938357	0.0361896
144001	0.571998	0.544459	0.00058883	0.854645	0.813499	86.1495	-5.30133	-5.25919	89.5695	-4.44668	-4.44569	0.0747593	-0.769644	-0.937148	0.0363826
144201	0.562374	0.544546	0.000587974	0.840266	0.813628	86.0243	-5.28659	-5.25932	89.4432	-4.44632	-4.44569	0.0746328	-0.876164	-0.936667	0.0362856
144401	0.548198	0.544646	0.00058779	0.819085	0.813777	85.9974	-5.26513	-5.25947	89.4105	-4.44605	-4.4457	0.0743673	-0.866853	-0.936696	0.0361334
144601	0.554389	0.544606	0.000586576	0.828335	0.813718	85.8197	-5.27427	-5.25942	89.2157	-4.44593	-4.4457	0.0740554	-0.897571	-0.935996	0.036113
144801	0.56922	0.544641	0.000584417	0.850495	0.813771	85.5038	-5.29639	-5.25947	88.8861	-4.4459	-4.4457	0.0737404	-1.06743	-0.936153	0.0359639
145001	0.529575	0.544647	0.000583775	0.79126	0.81378	85.4099	-5.23719	-5.25948	88.7777	-4.44593	-4.4457	0.0734277	-0.672078	-0.935753	0.035903
145201	0.515491	0.544613	0.000583429	0.770216	0.813728	85.3593	-5.21621	-5.25943	88.7104	-4.446	-4.4457	0.0731167	-0.692781	-0.935001	0.0359112
145401	0.553952	0.544616	0.000581302	0.827682	0.813732	85.0481	-5.274	-5.25944	88.3854	-4.44632	-4.4457	0.0728567	-0.781153	-0.934509	0.0358138
145601	0.534391	0.544592	0.000580211	0.798455	0.813698	84.8885	-5.24486	-5.2594	88.208	-4.44641	-4.44571	0.0726801	-0.577988	-0.933254	0.0360617
145801	0.54971	0.544643	0.000579544	0.821344	0.813774	84.7908	-5.26798	-5.25948	88.1032	-4.44664	-4.44571	0.0725334	-0.656643	-0.932246	0.0361762
146001	0.5702	0.544769	0.000580811	0.851958	0.813962	84.9763	-5.29874	-5.25968	88.3011	-4.44678	-4.44571	0.0725471	-0.940385	-0.932032	0.0360492
146201	0.536728	0.5448	0.000578913	0.801947	0.814008	84.6986	-5.24845	-5.25973	88.0159	-4.44651	-4.44572	0.0725113	-0.743339	-0.931718	0.0359288
146401	0.49056	0.544739	0.000578167	0.732966	0.813916	84.5895	-5.17971	-5.25964	87.8818	-4.44675	-4.44572	0.0723982	-0.433573	-0.930545	0.0361231
146601	0.534647	0.54474	0.000577571	0.798837	0.813918	84.5022	-5.24604	-5.25965	87.782	-4.4472	-4.44573	0.0725494	-0.524983	-0.929378	0.0363406
146801	0.546159	0.54482	0.000579598	0.816038	0.814037	84.7988	-5.26299	-5.25977	88.0859	-4.44695	-4.44573	0.0727485	-0.69463	-0.928549	0.0364346
147001	0.566949	0.54493	0.000580494	0.847101	0.814202	84.9299	-5.29377	-5.25994	88.2259	-4.44667	-4.44574	0.0727544	-0.889859	-0.928356	0.036311
147201	0.573734	0.545017	0.000580973	0.857239	0.814332	85.0001	-5.30378	-5.26007	88.2966	-4.44654	-4.44574	0.0726482	-0.900518	-0.92814	0.0361962
147401	0.564911	0.545123	0.000581601	0.844056	0.814491	85.0919	-5.29061	-5.26024	88.3907	-4.44656	-4.44574	0.0725041	-0.683539	-0.927513	0.036158
147601	0.510408	0.545132	0.000580197	0.762621	0.814504	84.8864	-5.20931	-5.26025	88.1729	-4.44669	-4.44575	0.0724143	-0.608567	-0.926514	0.0362892
147801	0.547494	0.545121	0.000580473	0.818032	0.814487	84.9268	-5.2645	-5.26024	88.1969	-4.44647	-4.44575	0.0723061	-0.769436	-0.925935	0.0362865
148001	0.573709	0.545178	0.000579134	0.857202	0.814573	84.7309	-5.30324	-5.26033	87.9918	-4.44604	-4.44575	0.0720657	-0.973154	-0.925649	0.0361712
148201	0.580087	0.545294	0.000580401	0.866732	0.814747	84.9163	-5.31277	-5.2605	88.1699	-4.44604	-4.44575	0.0717866	-1.0348	-0.92588	0.036043
148401	0.557111	0.545367	0.000579757	0.832402	0.814855	84.8221	-5.27858	-5.26061	88.0669	-4.44618	-4.44576	0.0715224	-0.884025	-0.925768	0.0359142
148601	0.544761	0.545388	0.000577745	0.813949	0.814887	84.5277	-5.26049	-5.26065	87.7613	-4.44654	-4.44576	0.0713354	-0.743956	-0.92546	0.0358008
148801	0.570879	0.545422	0.000576801	0.852973	0.814938	84.3895	-5.29966	-5.2607	87.6161	-4.44669	-4.44576	0.0712449	-0.783981	-0.924547	0.0358906
149001	0.528373	0.545511	0.000577336	0.789463	0.81507	84.4678	-5.23627	-5.26084	87.6976	-4.44681	-4.44577	0.0712	-0.530002	-0.923925	0.0358804
149201	0.562698	0.545517	0.000575406	0.84075	0.815079	84.1855	-5.28706	-5.26085	87.4023	-4.44631	-4.44577	0.0711324	-0.738971	-0.922656	0.0361449
149401	0.537314	0.545559	0.000573684	0.802823	0.815142	83.9336	-5.2486	-5.26091	87.1393	-4.44578	-4.44577	0.0708616	-0.902051	-0.922341	0.0360524
149601	0.509803	0.545492	0.000572999	0.761717	0.815042	83.8333	-5.2075	-5.26081	87.0263	-4.44578	-4.44577	0.0705761	-0.736637	-0.922204	0.0359377
149801	0.547796	0.545474	0.000571344	0.818485	0.815014	83.5912	-5.26434	-5.26078	86.7714	-4.44585	-4.44577	0.0702929	-0.936852	-0.92207	0.0358117
150001	0.51857	0.545425	0.000570577	0.774816	0.814941	83.4789	-5.22086	-5.26071	86.6439	-4.44604	-4.44577	0.0700239	-0.808704	-0.922012	0.0356938
150201	0.524687	0.545418	0.000569699	0.783956	0.814931	83.3505	-5.22936	-5.2607	86.5042	-4.4454	-4.44577	0.0697559	-0.719102	-0.921674	0.0356257
150401	0.552654	0.545385	0.000568198	0.825743	0.814881	83.1309	-5.2702	-5.26065	86.2787	-4.44446	-4.44577	0.0697041	-1.23904	-0.921914	0.0355548
150601	0.506535	0.545305	0.000568367	0.756834	0.814763	83.1556	-5.20129	-5.26053	86.3127	-4.44445	-4.44576	0.0699196	-1.00116	-0.922611	0.0355652
150801	0.529815	0.545229	0.000568082	0.791619	0.814648	83.114	-5.23638	-5.26041	86.2772	-4.44476	-4.44576	0.0700038	-1.08853	-0.923396	0.0355965
151001	0.513189	0.545183	0.000566712	0.766777	0.81458	82.9136	-5.21184	-5.26033	86.0719	-4.44506	-4.44575	0.0699109	-0.837117	-0.923726	0.0355096
151201	0.557344	0.545213	0.000565466	0.83275	0.814624	82.7312	-5.27798	-5.26038	85.8746	-4.44523	-4.44575	0.0697091	-1.16256	-0.924312	0.0354835
151401	0.517283	0.545246	0.0005642	0.772894	0.814675	82.5459	-5.21814	-5.26043	85.6732	-4.44524	-4.44575	0.069518	-0.898135	-0.92516	0.035565
151601	0.522378	0.545214	0.000563197	0.780506	0.814626	82.3992	-5.22548	-5.26037	85.5187	-4.44497	-4.44575	0.0693404	-1.01894	-0.925527	0.0354794
151801	0.522981	0.545133	0.000563091	0.781408	0.814506	82.3837	-5.22587	-5.26025	85.5077	-4.44447	-4.44574	0.0693308	-1.2115	-0.92627	0.0354947
152001	0.510537	0.545056	0.00056404	0.762814	0.814391	82.5226	-5.20657	-5.26013	85.6621	-4.44376	-4.44574	0.0697471	-1.2435	-0.927669	0.0359037
152201	0.506097	0.544868	0.000571492	0.756181	0.814109	83.6128	-5.19939	-5.25984	86.825	-4.44321	-4.44573	0.0707744	-1.34133	-0.928885	0.0361676
152401	0.525939	0.544761	0.00057293	0.785827	0.81395	83.8232	-5.22933	-5.25967	87.0769	-4.4435	-4.44572	0.0720416	-1.39965	-0.930542	0.036764
152601	0.508225	0.544656	0.000573959	0.75936	0.813793	83.9737	-5.20378	-5.25951	87.2506	-4.44442	-4.44571	0.0725554	-1.07714	-0.931698	0.0370274
152801	0.546814	0.544644	0.000572634	0.817017	0.813775	83.78	-5.26194	-5.25948	87.0483	-4.44493	-4.44571	0.0725336	-1.15818	-0.932774	0.0372106
153001	0.547348	0.544618	0.000572228	0.817815	0.813736	83.7206	-5.26314	-5.25944	86.9781	-4.44533	-4.44571	0.0723488	-1.08072	-0.933241	0.0371833
153201	0.573564	0.544636	0.000571148	0.856985	0.813763	83.5625	-5.30271	-5.25947	86.808	-4.44573	-4.44571	0.0720895	-1.17397	-0.933762	0.0371388
153401	0.561799	0.544692	0.000570751	0.839407	0.813846	83.5045	-5.28562	-5.25955	86.7419	-4.44621	-4.44571	0.0718457	-0.917033	-0.93401	0.0370326
153601	0.592323	0.544865	0.000577246	0.885015	0.814105	84.4547	-5.33161	-5.25981	87.7036	-4.44659	-4.44571	0.0716897	-0.973679	-0.934387	0.0369437
153801	0.576076	0.544955	0.000578015	0.860738	0.814239	84.5673	-5.30774	-5.25995	87.8245	-4.447	-4.44571	0.071726	-0.814421	-0.93388	0.036897
154001	0.563964	0.545023	0.000577482	0.842641	0.814342	84.4893	-5.28999	-5.26006	87.7545	-4.44735	-4.44572	0.0719892	-0.540451	-0.932797	0.0371051
154201	0.573952	0.545141	0.000580024	0.857564	0.814518	84.8611	-5.30488	-5.26024	88.1538	-4.44732	-4.44573	0.0724025	-0.707976	-0.931794	0.0372738
154401	0.544415	0.545185	0.000579419	0.813432	0.814582	84.7726	-5.26029	-5.26031	88.0667	-4.44685	-4.44573	0.0725959	-0.671509	-0.930858	0.0373847
154601	0.553859	0.545222	0.000578443	0.827543	0.814638	84.6298	-5.27412	-5.26037	87.9186	-4.44658	-4.44573	0.0725369	-0.82131	-0.930332	0.0373534
154801	0.534749	0.545276	0.000578123	0.79899	0.814719	84.583	-5.24518	-5.26046	87.8677	-4.44619	-4.44574	0.0723895	-0.799457	-0.930214	0.0372466
155001	0.539098	0.545236	0.000576659	0.805488	0.814659	84.3689	-5.25109	-5.2604	87.6407	-4.44561	-4.44574	0.072137	-1.0135	-0.929959	0.037155
155201	0.557209	0.545201	0.000575844	0.832548	0.814607	84.2495	-5.27809	-5.26034	87.511	-4.44554	-4.44574	0.0718858	-1.2259	-0.930477	0.037112
155401	0.559366	0.545206	0.000574511	0.835771	0.814615	84.0545	-5.28139	-5.26035	87.3043	-4.44562	-4.44574	0.0716342	-1.1466	-0.93115	0.0371213
155601	0.533373	0.545198	0.000573233	0.796934	0.814603	83.8676	-5.24275	-5.26034	87.1053	-4.44581	-4.44574	0.0713778	-0.865525	-0.931429	0.0370476
155801	0.540306	0.545181	0.000571413	0.807294	0.814577	83.6013	-5.25306	-5.26031	86.8272	-4.44577	-4.44574	0.0711225	-0.903723	-0.931253	0.0369288
156001	0.52553	0.545181	0.000569785	0.785215	0.814576	83.3632	-5.23133	-5.26031	86.5779	-4.44611	-4.44574	0.0708804	-0.793836	-0.931294	0.0368124
156201	0.54113	0.545214	0.000569299	0.808524	0.814627	83.2921	-5.25468	-5.26036	86.4987	-4.44615	-4.44574	0.0706747	-0.870802	-0.93132	0.0367183
156401	0.520471	0.545162	0.000568556	0.777656	0.814549	83.1833	-5.2232	-5.26029	86.3782	-4.44554	-4.44574	0.07044	-0.930373	-0.931127	0.0365999
156601	0.561757	0.545151	0.000567122	0.839344	0.814533	82.9734	-5.28441	-5.26027	86.1581	-4.44507	-4.44574	0.0702559	-1.00696	-0.931334	0.0364987
156801	0.542976	0.545168	0.000566614	0.811282	0.814557	82.8991	-5.25651	-5.26029	86.0711	-4.44523	-4.44573	0.0700927	-1.00309	-0.931447	0.0364328
157001	0.566155	0.545172	0.000565039	0.845915	0.814563	82.6688	-5.29145	-5.2603	85.8295	-4.44554	-4.44573	0.0698777	-0.942971	-0.931541	0.0363265
157201	0.555213	0.545205	0.000563928	0.829567	0.814612	82.5062	-5.27571	-5.26035	85.6559	-4.44614	-4.44573	0.0696421	-0.82922	-0.931152	0.0362641
157401	0.578864	0.545279	0.000563973	0.864903	0.814724	82.5127	-5.31154	-5.26046	85.6624	-4.44664	-4.44574	0.0695121	-0.947308	-0.931095	0.0361498
157601	0.579511	0.545341	0.00056333	0.865871	0.814816	82.4187	-5.31292	-5.26056	85.5706	-4.44705	-4.44574	0.0695359	-0.668966	-0.930312	0.0362443
157801	0.578238	0.545506	0.000569334	0.863969	0.815063	83.2971	-5.31155	-5.26081	86.4907	-4.44758	-4.44575	0.0698991	-0.614271	-0.929637	0.0362539
158001	0.568439	0.545581	0.00056953	0.849327	0.815174	83.3258	-5.29647	-5.26093	86.5323	-4.44714	-4.44575	0.0702734	-0.535702	-0.928198	0.036743
158201	0.554239	0.545623	0.00056834	0.828111	0.815238	83.1517	-5.27478	-5.26099	86.3564	-4.44667	-4.44575	0.0703112	-0.527663	-0.926878	0.0371335
158401	0.523572	0.545648	0.000567462	0.78229	0.815274	83.0232	-5.22862	-5.26103	86.2213	-4.44633	-4.44576	0.0702087	-0.506755	-0.925711	0.0374206
158601	0.543308	0.545659	0.000565936	0.811778	0.815292	82.7999	-5.25764	-5.26105	85.9874	-4.44586	-4.44576	0.0699977	-0.82309	-0.925168	0.0374195
158801	0.560267	0.545673	0.00056465	0.837118	0.815313	82.6119	-5.28266	-5.26107	85.7878	-4.44555	-4.44576	0.0697646	-1.00401	-0.925098	0.0373207
159001	0.545872	0.545678	0.000562987	0.81561	0.81532	82.3686	-5.26156	-5.26108	85.533	-4.44595	-4.44576	0.0695325	-0.763036	-0.924799	0.0372508
159201	0.572256	0.545776	0.000564357	0.85503	0.815466	82.569	-5.30168	-5.26123	85.7326	-4.44665	-4.44576	0.0693697	-0.781994	-0.924546	0.0371632
159401	0.530529	0.545834	0.000564694	0.792685	0.815553	82.6183	-5.23987	-5.26132	85.7851	-4.44718	-4.44576	0.0694423	-0.502242	-0.923793	0.0372388
159601	0.543231	0.545842	0.000563438	0.811663	0.815564	82.4345	-5.25837	-5.26133	85.5922	-4.44671	-4.44577	0.0696114	-0.850953	-0.923101	0.037328
159801	0.542416	0.545867	0.00056261	0.810445	0.815602	82.3134	-5.2558	-5.26137	85.4627	-4.44536	-4.44577	0.0694278	-0.917117	-0.9232	0.0372322
160001	0.533795	0.54578	0.000564137	0.797565	0.815472	82.5367	-5.24212	-5.26124	85.6921	-4.44455	-4.44577	0.0693721	-1.11103	-0.923177	0.0371329
160201	0.523957	0.545702	0.000564519	0.782866	0.815355	82.5927	-5.2269	-5.26112	85.7613	-4.44404	-4.44576	0.0696492	-1.09564	-0.923792	0.0371322
160401	0.513426	0.545564	0.000569576	0.76713	0.81515	83.3325	-5.2117	-5.26091	86.5324	-4.44457	-4.44576	0.0699124	-1.10106	-0.923954	0.0370717
160601	0.532337	0.545473	0.000570346	0.795386	0.815013	83.4452	-5.24032	-5.26077	86.6527	-4.44494	-4.44575	0.0699018	-1.17218	-0.924593	0.0370776
160801	0.51018	0.545425	0.000569652	0.762281	0.814941	83.3437	-5.20777	-5.26069	86.5449	-4.44548	-4.44575	0.0697366	-0.902087	-0.925242	0.0371124
161001	0.566185	0.545423	0.00056864	0.84596	0.814938	83.1955	-5.29155	-5.26069	86.3866	-4.44559	-4.44575	0.0695151	-1.11051	-0.925436	0.0370196
161201	0.548789	0.545405	0.000567087	0.819968	0.814911	82.9683	-5.26576	-5.26066	86.1492	-4.4458	-4.44575	0.0692903	-1.01553	-0.925605	0.0369127
161401	0.537209	0.545419	0.000565672	0.802666	0.814932	82.7614	-5.24852	-5.26068	85.9321	-4.44586	-4.44575	0.0690671	-0.926618	-0.925903	0.036834
161601	0.555628	0.545378	0.000564893	0.830186	0.814871	82.6474	-5.27602	-5.26062	85.8068	-4.44584	-4.44575	0.0688462	-0.967898	-0.925656	0.0367543
161801	0.559276	0.545487	0.000567689	0.835638	0.815034	83.0565	-5.28132	-5.26079	86.2059	-4.44568	-4.44575	0.0686238	-1.00536	-0.926265	0.0367835
162001	0.543425	0.545462	0.000566447	0.811953	0.814997	82.8747	-5.25774	-5.26075	86.0144	-4.44578	-4.44575	0.068404	-0.923538	-0.926216	0.0366745
162201	0.539269	0.545441	0.000564898	0.805743	0.814965	82.6481	-5.25145	-5.26072	85.7778	-4.44571	-4.44575	0.0681842	-0.916073	-0.926112	0.0365633
162401	0.555567	0.545423	0.000563409	0.830095	0.814939	82.4303	-5.27556	-5.26069	85.5507	-4.44547	-4.44575	0.0679726	-1.03365	-0.926232	0.0364559
162601	0.542351	0.545429	0.000561917	0.810349	0.814948	82.212	-5.25577	-5.2607	85.3222	-4.44542	-4.44575	0.0677837	-1.08291	-0.926614	0.0363868
162801	0.499932	0.545379	0.000562466	0.746969	0.814873	82.2923	-5.19248	-5.26062	85.3952	-4.44551	-4.44575	0.0675861	-0.878435	-0.926942	0.0363474
163001	0.563356	0.545373	0.00056161	0.841732	0.814863	82.167	-5.28743	-5.26061	85.2607	-4.44569	-4.44575	0.0673769	-1.24019	-0.927494	0.0363585
163201	0.537056	0.545374	0.000560108	0.802437	0.814866	81.9473	-5.24867	-5.26061	85.0308	-4.44624	-4.44575	0.0671779	-0.882366	-0.927932	0.0363381
163401	0.539425	0.545347	0.000558704	0.805977	0.814824	81.7419	-5.25269	-5.26058	84.8118	-4.44671	-4.44575	0.0670802	-0.603218	-0.927244	0.0364045
163601	0.571712	0.545363	0.000557476	0.854218	0.81485	81.5623	-5.30113	-5.2606	84.6268	-4.44691	-4.44575	0.0671237	-0.699018	-0.926283	0.0365885
163801	0.538705	0.54543	0.00055782	0.804901	0.814949	81.6125	-5.25177	-5.26071	84.6832	-4.44687	-4.44576	0.0672074	-0.59616	-0.925491	0.0366877
164001	0.563717	0.545484	0.000557393	0.842272	0.815029	81.5501	-5.28885	-5.26079	84.6207	-4.44658	-4.44576	0.0671768	-0.94186	-0.925273	0.036635
164201	0.584855	0.545585	0.000559372	0.873856	0.81518	81.8396	-5.3208	-5.26094	84.9198	-4.44694	-4.44576	0.0671457	-0.826975	-0.925282	0.0365245
164401	0.537536	0.54558	0.000559085	0.803154	0.815173	81.7976	-5.25035	-5.26094	84.8666	-4.4472	-4.44577	0.0673487	-0.562034	-0.924021	0.0369867
164601	0.578484	0.545612	0.000558046	0.864336	0.815221	81.6456	-5.31102	-5.26099	84.7125	-4.44668	-4.44577	0.0674342	-0.784931	-0.923369	0.0370202
164801	0.552314	0.545646	0.000556846	0.825235	0.815271	81.4701	-5.27166	-5.26105	84.533	-4.44643	-4.44577	0.067355	-0.815071	-0.922834	0.0370105
165001	0.539452	0.545687	0.000555895	0.806017	0.815334	81.3309	-5.25218	-5.26111	84.3882	-4.44617	-4.44578	0.0671933	-0.715462	-0.922614	0.03692
165201	0.578132	0.545706	0.000554635	0.863811	0.815362	81.1465	-5.31048	-5.26114	84.1975	-4.44667	-4.44578	0.0670717	-0.89093	-0.922035	0.0369235
165401	0.519101	0.545779	0.000555942	0.77561	0.815471	81.3378	-5.22274	-5.26125	84.3947	-4.44713	-4.44578	0.0671307	-0.482146	-0.921624	0.0369287
165601	0.548057	0.545798	0.000555391	0.818875	0.815499	81.2571	-5.2662	-5.26128	84.3111	-4.44732	-4.44579	0.067371	-0.637184	-0.920879	0.0370317
165801	0.571798	0.545851	0.000554793	0.854346	0.815578	81.1697	-5.30153	-5.26137	84.2295	-4.44718	-4.44579	0.0675745	-0.774609	-0.920285	0.0370413
166001	0.584475	0.545939	0.000556028	0.873288	0.815709	81.3504	-5.32036	-5.2615	84.4246	-4.44707	-4.44579	0.0677469	-0.911874	-0.919933	0.0369911
166201	0.545013	0.545922	0.000555602	0.814326	0.815684	81.2881	-5.2609	-5.26148	84.3493	-4.44658	-4.4458	0.0677687	-0.796912	-0.919374	0.0370181
166401	0.550775	0.545982	0.000555377	0.822935	0.815773	81.2551	-5.26884	-5.26157	84.3107	-4.44591	-4.4458	0.0675991	-0.818361	-0.919348	0.0369156
166601	0.524708	0.545947	0.000554191	0.783988	0.815722	81.0816	-5.22993	-5.26152	84.1273	-4.44595	-4.4458	0.0673979	-0.896677	-0.919035	0.0368478
166801	0.583077	0.545991	0.000554386	0.871199	0.815788	81.1101	-5.31757	-5.26159	84.1495	-4.44637	-4.4458	0.0672189	-1.05225	-0.919431	0.0368287
167001	0.566856	0.545984	0.000553757	0.846963	0.815777	81.0181	-5.2935	-5.26158	84.0473	-4.44653	-4.4458	0.0671289	-1.04075	-0.919168	0.0367791
167201	0.555257	0.546078	0.000555252	0.829632	0.815917	81.2368	-5.27583	-5.26172	84.267	-4.4462	-4.4458	0.0669857	-0.970516	-0.919838	0.0368332
167401	0.545773	0.546074	0.000553715	0.815462	0.815911	81.012	-5.26214	-5.26172	84.0325	-4.44668	-4.44581	0.06687	-0.824565	-0.919666	0.0367393
167601	0.549902	0.546096	0.000552416	0.821632	0.815944	80.8219	-5.26822	-5.26175	83.8371	-4.44658	-4.44581	0.0668107	-0.876313	-0.919532	0.0366424
167801	0.538141	0.546111	0.000551398	0.804059	0.815966	80.6729	-5.25078	-5.26178	83.6818	-4.44672	-4.44581	0.0667513	-0.801251	-0.919407	0.0365529
168001	0.555363	0.54609	0.000550185	0.829791	0.815936	80.4955	-5.27661	-5.26175	83.4918	-4.44682	-4.44581	0.0667349	-0.784238	-0.918881	0.0365521
168201	0.558411	0.546093	0.000548798	0.834344	0.815939	80.2926	-5.28087	-5.26176	83.2807	-4.44652	-4.44582	0.0667062	-0.748913	-0.918122	0.0366572
168401	0.558867	0.546142	0.00054828	0.835025	0.816013	80.2168	-5.28111	-5.26183	83.2004	-4.44609	-4.44582	0.0665521	-0.951284	-0.918049	0.036569
168601	0.564202	0.546197	0.000548156	0.842997	0.816096	80.1987	-5.28876	-5.26191	83.1748	-4.44576	-4.44582	0.0663626	-1.08919	-0.918458	0.03654
168801	0.522576	0.546189	0.000547394	0.780802	0.816084	80.0872	-5.22607	-5.2619	83.0563	-4.44527	-4.44582	0.066186	-0.910053	-0.918626	0.0364628
169001	0.536243	0.546138	0.000546835	0.801222	0.816007	80.0053	-5.24628	-5.26182	82.973	-4.44506	-4.44582	0.0660919	-0.962144	-0.918821	0.0363756
169201	0.545859	0.546131	0.000545745	0.81559	0.815997	79.8459	-5.26086	-5.26181	82.8056	-4.44527	-4.44581	0.065993	-0.974632	-0.918916	0.0362859
169401	0.568289	0.54616	0.00054516	0.849104	0.81604	79.7603	-5.29488	-5.26185	82.7107	-4.44578	-4.44581	0.0658269	-0.99692	-0.919171	0.0362127
169601	0.567519	0.546199	0.000544657	0.847953	0.816098	79.6867	-5.29437	-5.26191	82.6322	-4.44641	-4.44581	0.0656623	-0.868451	-0.919104	0.0361183
169801	0.566189	0.546231	0.000543707	0.845966	0.816147	79.5478	-5.2928	-5.26196	82.4905	-4.44684	-4.44582	0.0656083	-0.639717	-0.918438	0.0361842
170001	0.583258	0.546285	0.000543504	0.871469	0.816227	79.5181	-5.31806	-5.26204	82.4621	-4.44659	-4.44582	0.0655847	-0.863791	-0.917782	0.0362515
170201	0.574275	0.546367	0.000545437	0.858048	0.816349	79.8008	-5.30439	-5.26217	82.7473	-4.44635	-4.44582	0.0654743	-1.03697	-0.91788	0.0361641
170401	0.544637	0.546387	0.0005442	0.813764	0.816379	79.6199	-5.25994	-5.2622	82.5598	-4.44618	-4.44582	0.0653224	-0.907101	-0.917877	0.0360663
170601	0.53612	0.546362	0.000543036	0.801039	0.816342	79.4495	-5.24738	-5.26216	82.3793	-4.44635	-4.44582	0.0651645	-0.910315	-0.917874	0.0359662
170801	0.563022	0.546356	0.000544368	0.841235	0.816332	79.6444	-5.28821	-5.26216	82.5677	-4.44698	-4.44582	0.0651145	-1.03386	-0.917961	0.0359415
171001	0.580023	0.546396	0.000544467	0.866636	0.816392	79.6589	-5.31411	-5.26222	82.5862	-4.44747	-4.44583	0.0653143	-0.66292	-0.91753	0.0359576
171201	0.582644	0.546443	0.000544269	0.870552	0.816462	79.63	-5.31855	-5.2623	82.568	-4.44799	-4.44583	0.0658032	-0.594303	-0.916388	0.0363322
171401	0.567874	0.546483	0.000543641	0.848483	0.816522	79.538	-5.29662	-5.26236	82.4861	-4.44814	-4.44584	0.0665329	-0.51224	-0.915235	0.0367096
171601	0.588047	0.546529	0.000543373	0.878626	0.816591	79.4988	-5.32667	-5.26244	82.46	-4.44805	-4.44585	0.0672833	-0.727755	-0.914152	0.0370545
171801	0.607297	0.546652	0.00054839	0.907387	0.816775	80.2328	-5.3555	-5.26263	83.2401	-4.44812	-4.44585	0.0680042	-0.716831	-0.913526	0.0371441
172001	0.576123	0.546794	0.000554711	0.860809	0.816988	81.1576	-5.30863	-5.26285	84.2165	-4.44782	-4.44586	0.0686279	-0.725499	-0.912977	0.0371647
172201	0.564239	0.5469	0.000558512	0.843053	0.817146	81.7138	-5.29059	-5.26301	84.8025	-4.44754	-4.44586	0.0690326	-0.704229	-0.912803	0.0371211
172401	0.555198	0.546916	0.000557224	0.829543	0.817169	81.5253	-5.27706	-5.26304	84.6109	-4.44751	-4.44587	0.0693214	-0.667027	-0.912047	0.0372294
172601	0.564207	0.547026	0.000561015	0.843005	0.817334	82.0799	-5.29086	-5.26321	85.1966	-4.44786	-4.44587	0.0697164	-0.413865	-0.911514	0.0372909
172801	0.567694	0.54711	0.000563338	0.848214	0.817459	82.4199	-5.29667	-5.26334	85.5673	-4.44846	-4.44588	0.0705245	-0.382425	-0.910182	0.0378675
173001	0.567532	0.547207	0.000565708	0.847973	0.817605	82.7667	-5.29579	-5.26349	85.9526	-4.44781	-4.44589	0.0713416	-0.600072	-0.909327	0.0380381
173201	0.546649	0.547247	0.000564849	0.81677	0.817665	82.6409	-5.26373	-5.26355	85.8298	-4.44696	-4.44589	0.071513	-0.506776	-0.908338	0.0382946
173401	0.569412	0.547303	0.000564685	0.850782	0.817748	82.6169	-5.29783	-5.26364	85.8097	-4.44705	-4.44589	0.0715437	-0.775716	-0.907748	0.038327
173601	0.556727	0.547352	0.00056538	0.831828	0.81782	82.7187	-5.279	-5.26372	85.9148	-4.44717	-4.4459	0.0716179	-0.764844	-0.907398	0.0383032
173801	0.53491	0.547428	0.00056756	0.799231	0.817934	83.0376	-5.24628	-5.26383	86.243	-4.44705	-4.4459	0.0716813	-0.577655	-0.907211	0.0382516
174001	0.542842	0.547398	0.000566865	0.811082	0.817889	82.9359	-5.25795	-5.26379	86.1263	-4.44687	-4.4459	0.0716957	-0.755931	-0.906394	0.0384155
174201	0.554667	0.547432	0.000565993	0.82875	0.817941	82.8082	-5.27504	-5.26384	85.9947	-4.44629	-4.4459	0.0715977	-0.934988	-0.906411	0.0383231
174401	0.555648	0.547414	0.000565054	0.830217	0.817914	82.6709	-5.27589	-5.26382	85.848	-4.44568	-4.4459	0.0714114	-0.998889	-0.906285	0.0382431
174601	0.516915	0.547425	0.000564	0.772343	0.81793	82.5168	-5.21765	-5.26383	85.6849	-4.44531	-4.4459	0.0712537	-1.01407	-0.906814	0.0382523
174801	0.546734	0.547348	0.000565162	0.816897	0.817815	82.6867	-5.2619	-5.26372	85.8576	-4.44501	-4.4459	0.0711683	-1.2137	-0.90716	0.0382125
175001	0.51689	0.547321	0.000564039	0.772306	0.817775	82.5224	-5.21721	-5.26367	85.6902	-4.44491	-4.4459	0.0711443	-0.905042	-0.907673	0.0382237
175201	0.512861	0.547227	0.000565934	0.766286	0.817635	82.7997	-5.21136	-5.26353	85.9755	-4.44508	-4.4459	0.0710905	-0.995078	-0.907733	0.0381312
175401	0.530259	0.547199	0.000565586	0.792282	0.817592	82.7487	-5.23739	-5.26349	85.9207	-4.44511	-4.44589	0.071022	-1.01995	-0.908271	0.0381624
175601	0.530998	0.547133	0.000566019	0.793386	0.817494	82.8121	-5.23873	-5.26339	85.9838	-4.44534	-4.44589	0.0709062	-0.918095	-0.908284	0.0380771
175801	0.558863	0.5471	0.000565218	0.83502	0.817445	82.6949	-5.28028	-5.26334	85.8621	-4.44526	-4.44589	0.0707796	-1.1005	-0.908401	0.0379909
176001	0.52748	0.547064	0.000565104	0.78813	0.817391	82.6783	-5.23355	-5.26328	85.8407	-4.44542	-4.44589	0.0706477	-0.84253	-0.908458	0.0379335
176201	0.549332	0.547064	0.000563831	0.820779	0.817391	82.4921	-5.26619	-5.26328	85.6462	-4.44541	-4.44589	0.0704985	-0.890483	-0.908515	0.0378409
176401	0.555658	0.54711	0.000563588	0.830231	0.817459	82.4564	-5.27581	-5.26335	85.5986	-4.44558	-4.44589	0.0703457	-1.00651	-0.908687	0.0377629
176601	0.531954	0.547144	0.000563795	0.794814	0.817511	82.4867	-5.24062	-5.2634	85.6189	-4.4458	-4.44589	0.0701687	-0.712299	-0.908929	0.0377711
176801	0.536436	0.547146	0.000562802	0.80151	0.817513	82.3415	-5.24724	-5.2634	85.4656	-4.44573	-4.44589	0.0699872	-0.72504	-0.908585	0.037729
177001	0.554763	0.547145	0.000561577	0.828893	0.817511	82.1623	-5.27429	-5.2634	85.2781	-4.44539	-4.44589	0.0698236	-0.927563	-0.908369	0.0376636
177201	0.541169	0.547138	0.000560258	0.808583	0.817501	81.9693	-5.25392	-5.26339	85.0779	-4.44534	-4.44588	0.0697007	-0.955698	-0.908501	0.0375744
177401	0.496617	0.547124	0.000560173	0.742016	0.817481	81.9568	-5.18772	-5.26336	85.0573	-4.4457	-4.44588	0.0695446	-0.582831	-0.908454	0.0375446
177601	0.538517	0.547108	0.000559915	0.804621	0.817456	81.9191	-5.25067	-5.26334	85.0126	-4.44605	-4.44588	0.0693682	-0.797561	-0.908247	0.0374976
177801	0.558371	0.547135	0.000559316	0.834285	0.817496	81.8315	-5.28074	-5.26338	84.9186	-4.44646	-4.44588	0.0692076	-0.88462	-0.908217	0.0374168
178001	0.551603	0.547181	0.000559442	0.824172	0.817565	81.8498	-5.27119	-5.26345	84.9362	-4.44701	-4.44589	0.0691642	-0.67173	-0.907991	0.037385
178201	0.557118	0.547235	0.000559574	0.832413	0.817645	81.8692	-5.27975	-5.26354	84.961	-4.44733	-4.44589	0.0692634	-0.595183	-0.907449	0.0374249
178401	0.578628	0.547285	0.000559484	0.864552	0.817721	81.856	-5.3119	-5.26361	84.9553	-4.44735	-4.44589	0.069463	-0.754654	-0.906805	0.0374994
178601	0.577775	0.547346	0.00056045	0.863278	0.817812	81.9974	-5.3102	-5.26371	85.1044	-4.44692	-4.4459	0.069556	-0.810942	-0.906382	0.0374971
178801	0.568295	0.547406	0.000560681	0.849113	0.817901	82.0312	-5.29559	-5.2638	85.1395	-4.44648	-4.4459	0.0694907	-0.809955	-0.906158	0.0374364
179001	0.544751	0.547428	0.000559938	0.813935	0.817934	81.9224	-5.25983	-5.26383	85.0234	-4.44589	-4.4459	0.0693323	-0.820494	-0.905841	0.0374118
179201	0.579607	0.54743	0.000558975	0.866014	0.817938	81.7815	-5.31187	-5.26384	84.8746	-4.44585	-4.4459	0.069158	-1.03442	-0.905759	0.0373349
179401	0.559415	0.547463	0.000559538	0.835845	0.817986	81.864	-5.28159	-5.26389	84.9492	-4.44574	-4.4459	0.0689854	-0.850628	-0.905742	0.0372999
179601	0.549368	0.547474	0.000558363	0.820834	0.818004	81.692	-5.26651	-5.2639	84.7692	-4.44567	-4.4459	0.0688177	-0.778606	-0.905537	0.0372263
179801	0.54269	0.54745	0.000557284	0.810855	0.817967	81.5341	-5.25648	-5.26387	84.6047	-4.44563	-4.4459	0.0686547	-0.762236	-0.905096	0.0372116
180001	0.546166	0.547428	0.000556236	0.816049	0.817934	81.3809	-5.26187	-5.26383	84.4447	-4.44582	-4.4459	0.0684903	-0.799357	-0.904789	0.0371577
180201	0.549603	0.547404	0.000555224	0.821184	0.817899	81.2327	-5.26736	-5.2638	84.2885	-4.44617	-4.4459	0.0683252	-0.76204	-0.904342	0.0371474
180401	0.571726	0.547403	0.00055423	0.854239	0.817897	81.0872	-5.30061	-5.2638	84.1354	-4.44637	-4.4459	0.0681753	-0.887057	-0.903965	0.0371211
180601	0.524024	0.547427	0.000553523	0.782966	0.817933	80.9839	-5.22969	-5.26383	84.0272	-4.44673	-4.4459	0.0680713	-0.564365	-0.903752	0.037068
180801	0.579879	0.547441	0.000552963	0.86642	0.817954	80.9019	-5.31359	-5.26386	83.9413	-4.44717	-4.4459	0.0680765	-0.749043	-0.903123	0.037149
181001	0.540754	0.547428	0.000552572	0.807963	0.817935	80.8448	-5.25535	-5.26384	83.8727	-4.44739	-4.44591	0.0682623	-0.489009	-0.90218	0.0374497
181201	0.541058	0.547416	0.000551488	0.808416	0.817917	80.6862	-5.25473	-5.26383	83.7047	-4.44631	-4.44591	0.068274	-0.78064	-0.90154	0.0375448
181401	0.54603	0.547392	0.000550836	0.815845	0.81788	80.5908	-5.26154	-5.26379	83.6012	-4.44569	-4.44591	0.0681115	-0.876994	-0.901284	0.0374949
181601	0.576443	0.547413	0.000549901	0.861287	0.817913	80.4539	-5.30682	-5.26382	83.4556	-4.44553	-4.44591	0.0679615	-1.04305	-0.901371	0.0374123
181801	0.549037	0.547451	0.000549376	0.820339	0.817969	80.3771	-5.26602	-5.26388	83.3691	-4.44568	-4.44591	0.0678122	-1.05333	-0.901839	0.0374241
182001	0.503109	0.547403	0.000549238	0.751716	0.817898	80.357	-5.19742	-5.2638	83.3438	-4.44571	-4.44591	0.0676551	-0.766119	-0.90179	0.0373448
182201	0.559006	0.547323	0.000551177	0.835234	0.817777	80.6406	-5.28074	-5.26368	83.6233	-4.4455	-4.44591	0.0675	-1.20854	-0.901758	0.0372938
182401	0.513081	0.547279	0.000551041	0.766615	0.817712	80.6208	-5.21183	-5.26362	83.6018	-4.44522	-4.4459	0.0673973	-0.961406	-0.902191	0.0372904
182601	0.535608	0.547274	0.000550253	0.800274	0.817704	80.5054	-5.24562	-5.26361	83.4799	-4.44534	-4.4459	0.0672933	-1.0018	-0.902662	0.0373069
182801	0.541913	0.547253	0.000549749	0.809694	0.817673	80.4318	-5.25527	-5.26358	83.4013	-4.44557	-4.4459	0.0671646	-0.966495	-0.902787	0.0372413
183001	0.551403	0.547206	0.000549899	0.823873	0.817603	80.4537	-5.26921	-5.2635	83.4192	-4.44534	-4.4459	0.0670259	-0.996452	-0.902637	0.0371849
183201	0.552484	0.547169	0.000549627	0.825489	0.817547	80.4138	-5.27098	-5.26345	83.3766	-4.44549	-4.4459	0.0669188	-1.14792	-0.902934	0.0371358
183401	0.577667	0.547157	0.00054939	0.863115	0.817529	80.3792	-5.30929	-5.26343	83.3353	-4.44617	-4.4459	0.0667652	-1.07169	-0.903188	0.0371002
183601	0.560914	0.547173	0.000548323	0.838085	0.817554	80.223	-5.28466	-5.26345	83.1733	-4.44657	-4.4459	0.0666465	-0.808379	-0.902942	0.0370606
183801	0.551389	0.547194	0.000547265	0.823853	0.817585	80.0683	-5.2708	-5.26349	83.0152	-4.44695	-4.4459	0.0666129	-0.712414	-0.902666	0.0370075
184001	0.554956	0.547248	0.000547314	0.829182	0.817666	80.0755	-5.27645	-5.26357	83.0283	-4.44727	-4.44591	0.0666801	-0.554957	-0.902204	0.0370157
184201	0.571614	0.54728	0.000546699	0.854072	0.817714	79.9855	-5.30116	-5.26362	82.94	-4.44708	-4.44591	0.0668218	-0.825404	-0.901586	0.0371178
184401	0.553408	0.547333	0.000547056	0.82687	0.817793	80.0377	-5.27341	-5.2637	82.995	-4.44654	-4.44591	0.0667795	-0.826595	-0.901489	0.0370386
184601	0.555239	0.547362	0.000546743	0.829606	0.817835	79.9919	-5.27585	-5.26375	82.9448	-4.44625	-4.44591	0.0666516	-0.85871	-0.901418	0.0369691
184801	0.538196	0.547372	0.000545893	0.80414	0.817851	79.8676	-5.25028	-5.26376	82.8144	-4.44614	-4.44591	0.0665085	-0.792329	-0.901364	0.0368946
185001	0.551507	0.54738	0.000544711	0.824029	0.817862	79.6946	-5.27	-5.26378	82.6348	-4.44597	-4.44591	0.0663555	-0.881484	-0.901271	0.0368129
185201	0.539604	0.54738	0.000543714	0.806244	0.817863	79.5488	-5.25175	-5.26378	82.4825	-4.44551	-4.44591	0.0662074	-0.753935	-0.901125	0.0367496
185401	0.556609	0.54739	0.000543054	0.831652	0.817877	79.4522	-5.27661	-5.26379	82.3781	-4.44496	-4.44591	0.0661243	-1.08872	-0.901236	0.0366937
185601	0.582703	0.5474	0.000542071	0.87064	0.817893	79.3084	-5.31525	-5.2638	82.2254	-4.44461	-4.44591	0.0661759	-1.36999	-0.901736	0.0367308
185801	0.547811	0.547419	0.000541591	0.818506	0.81792	79.2381	-5.26269	-5.26383	82.1434	-4.44419	-4.44591	0.0663867	-1.1567	-0.902438	0.0368801
186001	0.511981	0.547392	0.000541029	0.764972	0.817881	79.1559	-5.20919	-5.26378	82.0637	-4.44422	-4.4459	0.0666825	-1.02934	-0.902976	0.0369317
186201	0.558665	0.547333	0.000541781	0.834724	0.817792	79.266	-5.27917	-5.26369	82.1861	-4.44444	-4.4459	0.0668998	-1.23516	-0.903385	0.0369261
186401	0.558591	0.547321	0.000541469	0.834614	0.817774	79.2203	-5.27901	-5.26367	82.1373	-4.4444	-4.44589	0.0670672	-1.20566	-0.903853	0.0369674
186601	0.525824	0.547275	0.000541693	0.785655	0.817706	79.2531	-5.23008	-5.2636	82.1775	-4.44442	-4.44589	0.0672675	-1.25554	-0.904451	0.0370738
186801	0.504518	0.547187	0.000543929	0.753821	0.817575	79.5802	-5.19855	-5.26346	82.52	-4.44473	-4.44589	0.0673661	-0.987776	-0.904902	0.0370958
187001	0.545298	0.547136	0.000544393	0.814752	0.817498	79.6481	-5.25972	-5.26338	82.5925	-4.44497	-4.44589	0.0673841	-1.1464	-0.905339	0.0371087
187201	0.557525	0.547122	0.000543697	0.83302	0.817478	79.5463	-5.27809	-5.26336	82.4864	-4.44506	-4.44588	0.0673442	-1.17436	-0.905682	0.0370941
187401	0.513226	0.547119	0.000542971	0.766832	0.817472	79.4401	-5.21199	-5.26335	82.374	-4.44516	-4.44588	0.0672807	-0.845853	-0.906097	0.0371136
187601	0.551927	0.547112	0.000542049	0.824657	0.817462	79.3051	-5.27001	-5.26334	82.2335	-4.44535	-4.44588	0.0671824	-0.936049	-0.906259	0.0370443
187801	0.520322	0.547068	0.000542144	0.777435	0.817397	79.319	-5.22282	-5.26328	82.2452	-4.44539	-4.44588	0.0670698	-0.903342	-0.906191	0.0369843
188001	0.521683	0.547051	0.000541569	0.779468	0.81737	79.235	-5.22476	-5.26325	82.1563	-4.44529	-4.44588	0.0669548	-0.832341	-0.906333	0.0369235
188201	0.511116	0.547013	0.000541864	0.763679	0.817315	79.2781	-5.20884	-5.26319	82.1978	-4.44516	-4.44588	0.0668666	-0.777954	-0.906247	0.0368699
188401	0.507434	0.546964	0.000542162	0.758177	0.817241	79.3216	-5.20319	-5.26312	82.2424	-4.44502	-4.44587	0.0668062	-0.963983	-0.906369	0.036821
188601	0.563353	0.546954	0.000541616	0.841729	0.817226	79.2418	-5.28684	-5.2631	82.1578	-4.44511	-4.44587	0.0667726	-1.28403	-0.907065	0.0369791
188801	0.532586	0.546923	0.00054128	0.795758	0.81718	79.1926	-5.24123	-5.26305	82.1052	-4.44547	-4.44587	0.0666716	-0.896435	-0.90726	0.0369499
189001	0.550415	0.546928	0.000540212	0.822397	0.817187	79.0364	-5.26832	-5.26306	81.9428	-4.44592	-4.44587	0.0665282	-0.951309	-0.907413	0.03688
189201	0.581258	0.546968	0.000540415	0.868482	0.817247	79.0661	-5.31476	-5.26312	81.9686	-4.44628	-4.44587	0.0663885	-0.96162	-0.907554	0.036812
189401	0.616672	0.54703	0.000541536	0.921395	0.81734	79.2301	-5.36811	-5.26321	82.1343	-4.44671	-4.44587	0.0663037	-1.0691	-0.907428	0.0367599
189601	0.536215	0.547096	0.000543242	0.80118	0.817439	79.4797	-5.24779	-5.26331	82.3876	-4.44661	-4.44587	0.0662442	-0.716763	-0.907306	0.0367129
189801	0.528217	0.547101	0.000543396	0.789231	0.817445	79.5023	-5.23574	-5.26332	82.4044	-4.44651	-4.44588	0.0661631	-0.773486	-0.907201	0.0366774
190001	0.539525	0.547086	0.000542585	0.806126	0.817424	79.3836	-5.25226	-5.2633	82.2781	-4.44614	-4.44588	0.0660528	-0.956418	-0.907219	0.036606
190201	0.554849	0.547075	0.000541603	0.829022	0.817407	79.2399	-5.27479	-5.26328	82.1275	-4.44577	-4.44588	0.0659088	-1.06896	-0.907413	0.0365492
190401	0.531979	0.547045	0.000541184	0.794851	0.817362	79.1786	-5.24071	-5.26324	82.0607	-4.44586	-4.44588	0.065767	-0.821426	-0.90735	0.0364904
190601	0.520365	0.547047	0.000540298	0.777498	0.817366	79.0489	-5.22367	-5.26324	81.9246	-4.44617	-4.44588	0.0656269	-0.626761	-0.90726	0.0364333
190801	0.538829	0.547017	0.000539855	0.805086	0.81732	78.9842	-5.25135	-5.2632	81.8512	-4.44627	-4.44588	0.0655053	-0.565151	-0.906583	0.0365643
191001	0.559614	0.547008	0.000539305	0.836142	0.817307	78.9036	-5.28261	-5.26319	81.7639	-4.44646	-4.44588	0.0653965	-0.723775	-0.905916	0.0367104
191201	0.572923	0.547011	0.000539368	0.856027	0.817311	78.9129	-5.30261	-5.26319	81.7675	-4.44658	-4.44588	0.0653127	-0.833458	-0.90542	0.0367822
191401	0.570222	0.547045	0.000538973	0.851992	0.817361	78.8552	-5.29873	-5.26324	81.7088	-4.44674	-4.44588	0.0652558	-0.678373	-0.904969	0.0368041
191601	0.54664	0.547111	0.000540336	0.816758	0.81746	79.0545	-5.26369	-5.26334	81.9147	-4.44693	-4.44588	0.0652521	-0.554875	-0.90456	0.0368169
191801	0.601049	0.547196	0.000544024	0.898052	0.817588	79.5941	-5.34519	-5.26347	82.4664	-4.44714	-4.44589	0.0652725	-0.821105	-0.904384	0.0368021
192001	0.580031	0.547269	0.000545479	0.866648	0.817697	79.807	-5.31434	-5.26359	82.6967	-4.44769	-4.44589	0.0655078	-0.390164	-0.903561	0.0370547
192201	0.573534	0.547322	0.000545725	0.85694	0.817776	79.8429	-5.3044	-5.26367	82.7444	-4.44746	-4.44589	0.0657778	-0.629141	-0.902555	0.0374603
192401	0.559281	0.547353	0.000545215	0.835644	0.817822	79.7684	-5.28259	-5.26372	82.6711	-4.44695	-4.4459	0.0658622	-0.705526	-0.902073	0.0374975
192601	0.587837	0.547407	0.000545594	0.878311	0.817904	79.8238	-5.32505	-5.2638	82.7309	-4.44674	-4.4459	0.0658586	-1.03468	-0.901993	0.0374323
192801	0.528985	0.547429	0.000545628	0.790378	0.817937	79.8287	-5.23665	-5.26384	82.7334	-4.44627	-4.4459	0.0657667	-0.848272	-0.902098	0.0373711
193001	0.589644	0.547416	0.000545082	0.881011	0.817917	79.7489	-5.32701	-5.26382	82.6468	-4.446	-4.4459	0.0656305	-1.2171	-0.902159	0.0373121
193201	0.558426	0.547458	0.000545221	0.834367	0.817979	79.7693	-5.28091	-5.26388	82.6629	-4.44654	-4.4459	0.0655057	-0.795615	-0.902335	0.0372943
193401	0.555927	0.5475	0.000546114	0.830633	0.818042	79.8999	-5.27782	-5.26395	82.7951	-4.44718	-4.4459	0.0655174	-0.689151	-0.902019	0.0372949
193601	0.61269	0.547572	0.000547861	0.915444	0.81815	80.1555	-5.36276	-5.26406	83.0636	-4.44731	-4.44591	0.0656223	-1.01709	-0.901856	0.037242
193801	0.551453	0.547664	0.000551604	0.823948	0.818287	80.7031	-5.27149	-5.2642	83.6324	-4.44754	-4.44591	0.0658117	-0.629965	-0.901852	0.0372072
194001	0.564942	0.547692	0.00055093	0.844102	0.818328	80.6045	-5.29163	-5.26424	83.5368	-4.44753	-4.44591	0.0660467	-0.647842	-0.901308	0.0372713
194201	0.572558	0.547788	0.000554434	0.855481	0.818472	81.1172	-5.3031	-5.26439	84.0757	-4.44762	-4.44592	0.0663068	-0.673324	-0.901116	0.0372214
194401	0.55307	0.547812	0.000553945	0.826364	0.818507	81.0456	-5.27383	-5.26443	84.0061	-4.44747	-4.44592	0.0665416	-0.522351	-0.900277	0.0374948
194601	0.575113	0.547845	0.000553505	0.859299	0.818558	80.9812	-5.30654	-5.26448	83.9452	-4.44724	-4.44592	0.0667017	-0.823268	-0.899803	0.0375417
194801	0.534888	0.547879	0.000553825	0.799198	0.818608	81.028	-5.24608	-5.26453	83.9943	-4.44688	-4.44593	0.0667413	-0.670123	-0.899588	0.0375049
195001	0.548339	0.547875	0.000553193	0.819295	0.818602	80.9356	-5.26582	-5.26453	83.8953	-4.44652	-4.44593	0.0666852	-0.886342	-0.8994	0.0374569
195201	0.553517	0.547884	0.000552501	0.827032	0.818616	80.8343	-5.27324	-5.26454	83.7886	-4.44621	-4.44593	0.0665654	-0.970656	-0.899466	0.0373922
195401	0.544078	0.547874	0.000551413	0.812929	0.8186	80.6751	-5.25954	-5.26453	83.6223	-4.44661	-4.44593	0.0664564	-0.840087	-0.899397	0.0373179
195601	0.549501	0.547884	0.000550548	0.821032	0.818616	80.5487	-5.26797	-5.26455	83.4919	-4.44694	-4.44593	0.0664279	-0.840588	-0.899347	0.0372469
195801	0.573897	0.54791	0.000550059	0.857483	0.818654	80.4771	-5.30465	-5.26459	83.4198	-4.44717	-4.44593	0.0664532	-0.784786	-0.899161	0.0372028
196001	0.569527	0.547944	0.000549654	0.850953	0.818706	80.4179	-5.29822	-5.26464	83.3636	-4.44727	-4.44594	0.0665598	-0.761713	-0.898788	0.0371978
196201	0.588281	0.547979	0.00054947	0.878974	0.818758	80.3909	-5.32642	-5.2647	83.3402	-4.44744	-4.44594	0.0666767	-0.759448	-0.89835	0.037226
196401	0.544771	0.548034	0.000550358	0.813964	0.81884	80.5208	-5.2613	-5.26478	83.4805	-4.44734	-4.44594	0.0668527	-0.736682	-0.898084	0.0372052
196601	0.540292	0.548067	0.000550221	0.807272	0.818889	80.5008	-5.25431	-5.26483	83.4628	-4.44704	-4.44594	0.0669221	-0.686041	-0.8979	0.0371611
196801	0.53757	0.54807	0.000549738	0.803205	0.818893	80.4301	-5.24968	-5.26484	83.3866	-4.44648	-4.44595	0.0668809	-0.751147	-0.897656	0.0371309
197001	0.573234	0.548101	0.000549332	0.856492	0.81894	80.3708	-5.30256	-5.26489	83.3226	-4.44607	-4.44595	0.0667577	-0.975408	-0.897722	0.0370665
197201	0.561051	0.548122	0.000548628	0.838289	0.818971	80.2677	-5.28437	-5.26492	83.2138	-4.44608	-4.44595	0.0666213	-0.921927	-0.897753	0.0369975
197401	0.556765	0.548134	0.000547953	0.831885	0.818989	80.169	-5.27838	-5.26494	83.1102	-4.4465	-4.44595	0.0665019	-0.816423	-0.897537	0.036958
197601	0.554227	0.548125	0.000547098	0.828093	0.818975	80.0439	-5.27476	-5.26492	82.9777	-4.44667	-4.44595	0.0664284	-0.859156	-0.897313	0.0369114
197801	0.540729	0.548136	0.000546297	0.807925	0.818992	79.9266	-5.25399	-5.26494	82.8561	-4.44606	-4.44595	0.0663273	-0.785889	-0.897242	0.0368463
198001	0.565483	0.54817	0.000545859	0.844912	0.819043	79.8626	-5.29061	-5.26499	82.785	-4.4457	-4.44595	0.0661958	-0.976328	-0.897344	0.0367816
198201	0.554986	0.548175	0.00054492	0.829227	0.81905	79.7252	-5.2749	-5.265	82.6415	-4.44567	-4.44595	0.0660731	-0.938988	-0.897391	0.0367107
198401	0.555443	0.548187	0.00054411	0.829909	0.819068	79.6068	-5.27569	-5.26502	82.5165	-4.44578	-4.44595	0.0659458	-0.838105	-0.897343	0.0366462
198601	0.552712	0.548181	0.000543145	0.82583	0.81906	79.4655	-5.27148	-5.26501	82.3697	-4.44565	-4.44595	0.0658206	-0.837941	-0.897099	0.0366073
198801	0.568555	0.548214	0.000542871	0.849501	0.819109	79.4254	-5.29518	-5.26506	82.3217	-4.44568	-4.44595	0.0656995	-1.00434	-0.89719	0.0365543
199001	0.557957	0.548216	0.00054193	0.833666	0.819112	79.2878	-5.27922	-5.26506	82.1782	-4.44556	-4.44595	0.0655768	-1.03817	-0.897287	0.0364912
199201	0.556265	0.548199	0.00054171	0.831137	0.819087	79.2556	-5.27588	-5.26503	82.1419	-4.44475	-4.44595	0.0655227	-1.12275	-0.89744	0.0364656
199401	0.569296	0.54818	0.0005415	0.850608	0.819058	79.2249	-5.29464	-5.265	82.1111	-4.44403	-4.44594	0.0657358	-1.31619	-0.897747	0.0364783
199601	0.513836	0.54816	0.000541737	0.767743	0.819028	79.2596	-5.21148	-5.26497	82.1499	-4.44374	-4.44594	0.0661898	-1.1798	-0.898412	0.0366386
199801	0.493849	0.548089	0.000543443	0.73788	0.818922	79.509	-5.18178	-5.26486	82.4235	-4.4439	-4.44593	0.0666518	-1.00684	-0.898875	0.0366864
