timestep            	T              	T_{ave}             	T_{var}           	K/N            	K_{ave}/N           	K_{var}           	U/N            	U_{ave}/N           	U_{var}           	E/N            	E_{ave}/N           	E_{var}           	P              	P_{ave}             	P_{var}
100001	1.31743	1.31743	0	1.96842	1.96842	0	-4.39127	-4.39127	0	-2.42285	-2.42285	0	1.69308	1.69308	0
100201	1.33391	1.28745	0.00108802	1.99305	1.92363	159.184	-4.41604	-4.34661	158.872	-2.42299	-2.42298	0.000264391	1.67879	1.94636	0.0440944
100401	1.41513	1.32819	0.00256589	2.1144	1.9845	375.406	-4.53722	-4.40746	375.024	-2.42281	-2.42296	0.000295754	0.981139	1.6745	0.119692
100601	1.38961	1.34364	0.0026142	2.07628	2.00758	382.474	-4.49885	-4.43044	381.578	-2.42257	-2.42286	0.00169331	1.08374	1.4874	0.160913
100801	1.33216	1.34619	0.00202021	1.99043	2.0114	295.569	-4.41309	-4.43419	294.79	-2.42266	-2.42279	0.00211578	1.42652	1.43132	0.131358
101001	1.37016	1.3408	0.00200569	2.04721	2.00335	293.444	-4.46966	-4.42608	293.071	-2.42245	-2.42274	0.00263026	1.33988	1.46709	0.116869
101201	1.33937	1.34366	0.00179968	2.00121	2.00762	263.304	-4.42378	-4.43032	262.88	-2.42257	-2.42269	0.00285751	1.51165	1.46009	0.099817
101401	1.38495	1.34575	0.00175369	2.06931	2.01074	256.576	-4.49235	-4.43345	256.369	-2.42304	-2.42271	0.00279889	1.18298	1.45349	0.0921928
101601	1.33918	1.34741	0.00166252	2.00093	2.01322	243.237	-4.42409	-4.43599	243.158	-2.42316	-2.42277	0.00382776	1.52936	1.44016	0.0861427
101801	1.31326	1.3449	0.00159923	1.9622	2.00948	233.977	-4.38502	-4.43227	233.856	-2.42282	-2.42279	0.00375426	1.68575	1.46509	0.0833548
102001	1.35023	1.34384	0.0015253	2.01744	2.00789	223.161	-4.44005	-4.43067	223.074	-2.42261	-2.42278	0.00344363	1.35865	1.4702	0.0775435
102201	1.37716	1.34397	0.00142548	2.05767	2.00808	208.557	-4.48033	-4.43084	208.477	-2.42266	-2.42276	0.00340503	1.36018	1.46732	0.0716411
102401	1.2795	1.34123	0.00146281	1.91175	2.00398	214.019	-4.33468	-4.42675	213.893	-2.42293	-2.42277	0.00318335	1.93955	1.4918	0.0745339
102601	1.39181	1.34327	0.00166554	2.07957	2.00704	243.679	-4.50234	-4.42981	243.582	-2.42277	-2.42278	0.00300398	1.26021	1.4914	0.0758372
102801	1.37673	1.3459	0.00173867	2.05704	2.01096	254.379	-4.47968	-4.43372	254.249	-2.42264	-2.42277	0.00289193	1.26281	1.4741	0.076266
103001	1.3189	1.34474	0.00166906	1.97062	2.00924	244.194	-4.39345	-4.432	244.062	-2.42284	-2.42277	0.00272961	1.65829	1.48017	0.072773
103201	1.34638	1.34636	0.00162903	2.01168	2.01165	238.337	-4.43456	-4.43442	238.241	-2.42288	-2.42277	0.00259179	1.51775	1.47693	0.0690959
103401	1.40652	1.34775	0.00164936	2.10154	2.01372	241.312	-4.52442	-4.4365	241.244	-2.42288	-2.42278	0.0024554	1.05512	1.46731	0.0697578
103601	1.28072	1.34743	0.00159883	1.91358	2.01325	233.919	-4.33618	-4.43603	233.874	-2.42259	-2.42277	0.00236226	1.70427	1.46386	0.0671352
103801	1.37079	1.3455	0.00163389	2.04815	2.01037	239.048	-4.4708	-4.43314	239.062	-2.42265	-2.42277	0.00231468	1.23302	1.47283	0.0669619
104001	1.38939	1.34585	0.00157258	2.07594	2.01089	230.078	-4.49869	-4.43365	230.09	-2.42275	-2.42276	0.0022704	1.31195	1.46772	0.0644788
104201	1.32341	1.34792	0.00161402	1.97736	2.01398	236.141	-4.40048	-4.43675	236.236	-2.42313	-2.42277	0.00234309	1.77743	1.46052	0.0637971
104401	1.35093	1.34703	0.00162587	2.01847	2.01265	237.876	-4.44182	-4.43544	237.893	-2.42334	-2.42279	0.00289764	1.60022	1.4741	0.0670024
104601	1.3991	1.34826	0.00167017	2.09046	2.01449	244.357	-4.51346	-4.4373	244.439	-2.423	-2.42281	0.00328984	1.27195	1.47153	0.0668405
104801	1.33357	1.3478	0.00161988	1.99254	2.0138	236.999	-4.41524	-4.4366	237.082	-2.4227	-2.42281	0.00316942	1.61707	1.47833	0.0655219
105001	1.29832	1.34689	0.00160686	1.93988	2.01245	235.093	-4.3627	-4.43526	235.17	-2.42282	-2.42281	0.00305401	1.66112	1.48285	0.0640256
105201	1.39451	1.34761	0.00161462	2.0836	2.01352	236.229	-4.50636	-4.43633	236.293	-2.42277	-2.42281	0.00296069	1.2504	1.47706	0.0640162
105401	1.36564	1.34911	0.00165055	2.04045	2.01576	241.486	-4.46302	-4.43856	241.519	-2.42257	-2.4228	0.00290904	1.25447	1.46738	0.0647392
105601	1.35603	1.34937	0.00162318	2.0261	2.01615	237.481	-4.44885	-4.43894	237.498	-2.42275	-2.42279	0.00288334	1.43134	1.4651	0.0638565
105801	1.34445	1.34932	0.00157379	2.0088	2.01607	230.255	-4.43156	-4.43886	230.273	-2.42276	-2.42279	0.00278668	1.4984	1.4658	0.0617865
106001	1.35193	1.34907	0.00157368	2.01998	2.0157	230.24	-4.44263	-4.43849	230.256	-2.42265	-2.42279	0.00270231	1.3754	1.464	0.0609403
106201	1.33436	1.34874	0.0015288	1.99372	2.01521	223.673	-4.41616	-4.43799	223.709	-2.42243	-2.42278	0.00281721	1.59262	1.46579	0.0591914
106401	1.28558	1.34887	0.00150084	1.92083	2.0154	219.582	-4.34336	-4.43817	219.607	-2.42253	-2.42277	0.00293913	1.87375	1.46683	0.0580106
106601	1.33697	1.34868	0.00147264	1.99762	2.01512	215.456	-4.4203	-4.43789	215.487	-2.42268	-2.42277	0.0028727	1.76049	1.47455	0.0585074
106801	1.34785	1.34954	0.00145944	2.01387	2.01641	213.525	-4.43682	-4.43918	213.564	-2.42295	-2.42277	0.00280977	1.51075	1.47471	0.0569693
107001	1.36797	1.3498	0.00142774	2.04394	2.01679	208.887	-4.46684	-4.43957	208.934	-2.4229	-2.42278	0.00278793	1.3527	1.4715	0.0559168
107201	1.32667	1.35033	0.00141733	1.98224	2.01758	207.364	-4.40524	-4.44036	207.426	-2.423	-2.42278	0.00276655	1.63225	1.46959	0.0549891
107401	1.38857	1.35064	0.00139717	2.07472	2.01805	204.414	-4.49779	-4.44084	204.491	-2.42308	-2.42279	0.00277919	1.45179	1.47176	0.053932
107601	1.33346	1.35051	0.00138091	1.99238	2.01784	202.036	-4.41559	-4.44064	202.097	-2.42321	-2.4228	0.00303331	1.93845	1.48069	0.0561066
107801	1.37744	1.34998	0.00137584	2.05808	2.01707	201.294	-4.48084	-4.43987	201.325	-2.42276	-2.4228	0.00302314	1.58842	1.49205	0.0602045
108001	1.3262	1.34953	0.00138159	1.98153	2.01639	202.135	-4.40435	-4.43919	202.169	-2.42282	-2.4228	0.00294937	1.65997	1.49705	0.0601831
108201	1.34459	1.34917	0.00137311	2.00901	2.01585	200.895	-4.43201	-4.43865	200.926	-2.42299	-2.4228	0.00288929	1.58054	1.49989	0.0594907
108401	1.3135	1.34931	0.00134753	1.96256	2.01606	197.152	-4.3856	-4.43887	197.188	-2.42304	-2.42281	0.0028953	1.61556	1.49892	0.0582259
108601	1.36686	1.34937	0.00134096	2.04228	2.01615	196.191	-4.4652	-4.43896	196.231	-2.42293	-2.42281	0.00288104	1.4011	1.49714	0.0576341
108801	1.33794	1.34946	0.00131574	1.99907	2.01629	192.5	-4.42185	-4.4391	192.541	-2.42278	-2.42281	0.00282073	1.54975	1.49722	0.0564196
109001	1.36237	1.3492	0.00130504	2.03558	2.0159	190.936	-4.4584	-4.43871	190.975	-2.42283	-2.42281	0.00275853	1.27708	1.49796	0.0555771
109201	1.37664	1.34926	0.00130128	2.05689	2.01598	190.386	-4.4796	-4.43879	190.425	-2.42271	-2.42281	0.00270471	1.2163	1.49297	0.0559214
109401	1.34033	1.34935	0.0012896	2.00265	2.01611	188.676	-4.42552	-4.43893	188.71	-2.42287	-2.42281	0.00265352	1.5999	1.4926	0.0555133
109601	1.34734	1.34954	0.00126872	2.01312	2.0164	185.621	-4.43597	-4.43922	185.652	-2.42286	-2.42281	0.00260197	1.59214	1.49402	0.0545508
109801	1.38341	1.34936	0.00125275	2.067	2.01614	183.285	-4.49008	-4.43895	183.311	-2.42308	-2.42282	0.0026018	1.29454	1.49525	0.0537713
110001	1.34477	1.34947	0.00123381	2.00928	2.0163	180.515	-4.43223	-4.43912	180.546	-2.42295	-2.42282	0.00258846	1.57512	1.4945	0.0528806
110201	1.36498	1.35	0.00125159	2.03947	2.01709	183.116	-4.46246	-4.43992	183.168	-2.423	-2.42282	0.00258558	1.29925	1.49187	0.0529106
110401	1.3396	1.35051	0.00125087	2.00155	2.01785	183.009	-4.42447	-4.44068	183.072	-2.42291	-2.42283	0.00255066	1.41869	1.48637	0.0537104
110601	1.3495	1.35031	0.00124384	2.01634	2.01755	181.982	-4.43917	-4.44038	182.044	-2.42284	-2.42283	0.00250787	1.44929	1.48614	0.0531055
110801	1.38566	1.35076	0.00125202	2.07037	2.01822	183.179	-4.49319	-4.44105	183.242	-2.42282	-2.42283	0.00246209	1.35533	1.48401	0.0526973
111001	1.34805	1.35074	0.00124519	2.01418	2.01819	182.178	-4.43689	-4.44102	182.239	-2.42271	-2.42283	0.00242736	1.43813	1.48465	0.0522414
111201	1.30567	1.35073	0.00123325	1.95085	2.01818	180.432	-4.37338	-4.441	180.494	-2.42253	-2.42282	0.00241213	1.43129	1.4827	0.0517417
111401	1.37955	1.35062	0.00124826	2.06124	2.01801	182.629	-4.48403	-4.44083	182.7	-2.42278	-2.42282	0.00240885	1.2862	1.48015	0.0517588
111601	1.3889	1.3506	0.00123978	2.07521	2.01798	181.387	-4.49826	-4.4408	181.462	-2.42306	-2.42282	0.00239136	1.39278	1.48207	0.0513677
111801	1.35513	1.35053	0.00125237	2.02476	2.01788	183.229	-4.44751	-4.44071	183.313	-2.42275	-2.42282	0.00237626	1.37301	1.48179	0.0509557
112001	1.36536	1.35045	0.00123599	2.04005	2.01776	180.833	-4.46292	-4.44058	180.915	-2.42287	-2.42282	0.00234624	1.29831	1.48077	0.0503023
112201	1.40087	1.3505	0.00123459	2.09309	2.01784	180.628	-4.51607	-4.44066	180.708	-2.42298	-2.42282	0.00231452	1.31853	1.48016	0.0502313
112401	1.4076	1.35068	0.00123323	2.10315	2.01811	180.429	-4.5258	-4.44093	180.501	-2.42266	-2.42282	0.00229214	1.15971	1.47987	0.0500573
112601	1.36942	1.35063	0.00122756	2.04611	2.01803	179.599	-4.46883	-4.44085	179.672	-2.42272	-2.42282	0.00227397	1.3505	1.48023	0.0496996
112801	1.37538	1.35063	0.00121529	2.05502	2.01803	177.805	-4.47788	-4.44085	177.877	-2.42287	-2.42282	0.00224411	1.40993	1.48044	0.0490884
113001	1.37311	1.35092	0.0012254	2.05162	2.01846	179.284	-4.47457	-4.44129	179.362	-2.42295	-2.42282	0.00223199	1.27212	1.47786	0.0495478
113201	1.36465	1.35077	0.00122692	2.03898	2.01824	179.506	-4.46166	-4.44106	179.577	-2.42269	-2.42282	0.00220385	1.56129	1.48025	0.0494252
113401	1.31079	1.35082	0.00122965	1.9585	2.01832	179.905	-4.38116	-4.44114	179.976	-2.42266	-2.42282	0.00218315	1.63337	1.48021	0.049028
113601	1.36133	1.35105	0.00122282	2.03402	2.01866	178.906	-4.45681	-4.44148	178.97	-2.42278	-2.42282	0.00217584	1.57573	1.48003	0.0484886
113801	1.3013	1.3508	0.00121941	1.94432	2.01829	178.407	-4.36744	-4.44111	178.455	-2.42312	-2.42282	0.00218399	1.84032	1.48275	0.0485332
114001	1.3693	1.35107	0.00121861	2.04593	2.01868	178.29	-4.46889	-4.44151	178.346	-2.42295	-2.42282	0.00219886	1.59241	1.48368	0.0480885
114201	1.35031	1.3513	0.00122207	2.01756	2.01903	178.796	-4.44076	-4.44185	178.862	-2.4232	-2.42283	0.00224512	1.5129	1.48346	0.0479005
114401	1.32599	1.35083	0.00123701	1.98121	2.01834	180.982	-4.40415	-4.44117	181.039	-2.42293	-2.42283	0.0022423	1.54407	1.48561	0.0479787
114601	1.35955	1.35085	0.00123474	2.03136	2.01836	180.65	-4.45411	-4.44119	180.702	-2.42276	-2.42283	0.00222082	1.37174	1.48455	0.0478029
114801	1.33056	1.35062	0.00122429	1.98805	2.01802	179.121	-4.41093	-4.44085	179.174	-2.42288	-2.42283	0.00219296	1.63331	1.48624	0.0474462
115001	1.40475	1.35047	0.00122063	2.09889	2.0178	178.585	-4.52166	-4.44063	178.637	-2.42277	-2.42283	0.00216463	1.00346	1.48584	0.0472372
115201	1.34659	1.3508	0.00122336	2.012	2.01829	178.985	-4.43483	-4.44112	179.029	-2.42283	-2.42283	0.00214299	1.35526	1.48143	0.0484384
115401	1.35291	1.3508	0.0012202	2.02144	2.01829	178.522	-4.44433	-4.44112	178.564	-2.42289	-2.42283	0.00211695	1.53554	1.48117	0.0484204
115601	1.39166	1.35123	0.00122368	2.07933	2.01893	179.033	-4.50221	-4.44176	179.075	-2.42287	-2.42283	0.00209033	1.21353	1.47925	0.0481711
115801	1.38483	1.35151	0.00122196	2.06913	2.01935	178.78	-4.49193	-4.44218	178.824	-2.4228	-2.42283	0.00206502	1.25086	1.47693	0.0481901
116001	1.31221	1.35112	0.00124611	1.96063	2.01876	182.314	-4.38343	-4.44159	182.355	-2.42281	-2.42283	0.00203961	1.69989	1.47933	0.048872
116201	1.37987	1.35112	0.00123811	2.06173	2.01876	181.143	-4.48431	-4.44159	181.182	-2.42258	-2.42283	0.00204638	1.30859	1.47964	0.048451
116401	1.32169	1.35107	0.00124312	1.97479	2.01869	181.877	-4.39722	-4.44151	181.921	-2.42243	-2.42282	0.00210734	1.57424	1.47895	0.0484625
116601	1.41502	1.35111	0.00123732	2.11424	2.01875	181.028	-4.53702	-4.44157	181.077	-2.42278	-2.42282	0.00212938	1.21383	1.47926	0.0480703
116801	1.40384	1.35137	0.00123187	2.09754	2.01913	180.23	-4.52047	-4.44195	180.281	-2.42293	-2.42282	0.00210595	1.1958	1.47832	0.0476676
117001	1.36682	1.35154	0.00123993	2.04223	2.0194	181.41	-4.46528	-4.44222	181.461	-2.42305	-2.42282	0.00210778	1.2678	1.47636	0.0478293
117201	1.36919	1.35165	0.00124624	2.04576	2.01955	182.333	-4.46865	-4.44238	182.389	-2.42289	-2.42283	0.00209593	1.20584	1.474	0.0482242
117401	1.35757	1.35189	0.00125581	2.02841	2.01992	183.732	-4.45111	-4.44274	183.787	-2.42271	-2.42283	0.00207698	1.35961	1.47164	0.0485603
117601	1.34222	1.35179	0.0012459	2.00546	2.01977	182.283	-4.42809	-4.44259	182.341	-2.42262	-2.42282	0.00208301	1.29333	1.47033	0.048218
117801	1.36978	1.35219	0.00125209	2.04665	2.02037	183.189	-4.46931	-4.44319	183.236	-2.42266	-2.42282	0.00207637	1.32904	1.46569	0.0497639
118001	1.30941	1.35219	0.00124699	1.95644	2.02036	182.443	-4.37906	-4.44318	182.489	-2.42261	-2.42282	0.00206843	1.66502	1.46585	0.0494818
118201	1.34876	1.35206	0.00126407	2.01524	2.02017	184.941	-4.4382	-4.44299	185	-2.42296	-2.42282	0.00205777	1.46785	1.46572	0.0496123
118401	1.30989	1.35204	0.00126042	1.95716	2.02014	184.407	-4.37972	-4.44296	184.47	-2.42256	-2.42282	0.00204793	1.57343	1.4654	0.0492684
118601	1.36622	1.35227	0.00126871	2.04132	2.02048	185.62	-4.46382	-4.44329	185.664	-2.4225	-2.42282	0.00211497	1.38124	1.46313	0.0495678
118801	1.28903	1.35196	0.00127876	1.926	2.02002	187.091	-4.34894	-4.44283	187.128	-2.42295	-2.42282	0.00210586	1.7839	1.46521	0.0497905
119001	1.36156	1.35203	0.00127867	2.03436	2.02012	187.077	-4.45717	-4.44293	187.113	-2.42281	-2.42282	0.00209111	1.46647	1.46461	0.0495977
119201	1.33363	1.35235	0.0012833	1.99264	2.0206	187.755	-4.41549	-4.44342	187.788	-2.42285	-2.42282	0.00207107	1.647	1.46389	0.0493038
119401	1.39916	1.35268	0.00129141	2.09055	2.02109	188.941	-4.51347	-4.4439	188.981	-2.42292	-2.42282	0.00206	1.17009	1.46202	0.0494174
119601	1.43571	1.35282	0.00129022	2.14516	2.0213	188.767	-4.56792	-4.44411	188.807	-2.42277	-2.42282	0.00204399	1.06326	1.46164	0.0492082
119801	1.34289	1.35314	0.00131182	2.00647	2.02178	191.927	-4.42935	-4.4446	191.964	-2.42288	-2.42282	0.00202477	1.5192	1.46005	0.0495823
120001	1.39817	1.35348	0.00131267	2.08906	2.02229	192.052	-4.51184	-4.44511	192.089	-2.42278	-2.42282	0.00200639	1.21541	1.45806	0.0495531
120201	1.37452	1.35357	0.00130385	2.05372	2.02243	190.761	-4.47654	-4.44525	190.798	-2.42282	-2.42282	0.00198974	1.13626	1.45656	0.0493651
120401	1.34388	1.35356	0.0012932	2.00795	2.02241	189.203	-4.4307	-4.44522	189.241	-2.42276	-2.42282	0.00198582	1.56769	1.45505	0.04932
120601	1.34503	1.35361	0.00129646	2.00966	2.02249	189.68	-4.43245	-4.4453	189.719	-2.42279	-2.42282	0.00196709	1.46354	1.45487	0.0492099
120801	1.32238	1.35347	0.00129047	1.97582	2.02227	188.803	-4.39854	-4.44509	188.843	-2.42273	-2.42281	0.00195497	1.56916	1.45534	0.048878
121001	1.28814	1.35306	0.00130103	1.92466	2.02166	190.348	-4.3477	-4.44447	190.385	-2.42303	-2.42282	0.00194282	1.76643	1.45712	0.0488576
121201	1.37459	1.35307	0.00129639	2.05383	2.02167	189.671	-4.47673	-4.44449	189.705	-2.42291	-2.42282	0.00195088	1.47021	1.45756	0.0485607
121401	1.37344	1.3532	0.00129392	2.05212	2.02187	189.309	-4.47531	-4.44469	189.352	-2.42319	-2.42282	0.00196634	1.34803	1.45737	0.0484649
121601	1.33251	1.35333	0.00128801	1.99096	2.02207	188.445	-4.4143	-4.4449	188.5	-2.42335	-2.42282	0.00209084	1.55115	1.45622	0.0482785
121801	1.38705	1.35342	0.00129516	2.07245	2.02219	189.49	-4.49525	-4.44502	189.553	-2.42281	-2.42283	0.00213288	1.4483	1.45649	0.0483417
122001	1.37986	1.35358	0.00128937	2.06171	2.02244	188.644	-4.48468	-4.44527	188.707	-2.42297	-2.42283	0.00211541	1.28401	1.45613	0.048111
122201	1.37499	1.3538	0.00128599	2.05443	2.02277	188.148	-4.47738	-4.44559	188.216	-2.42295	-2.42283	0.00210416	1.31896	1.45487	0.0479027
122401	1.3224	1.3536	0.0012844	1.97585	2.02247	187.916	-4.39843	-4.44529	187.991	-2.42258	-2.42283	0.00209777	1.67588	1.45607	0.0478419
122601	1.40536	1.35364	0.00129009	2.09981	2.02253	188.748	-4.52241	-4.44535	188.819	-2.4226	-2.42282	0.00211239	1.12921	1.45598	0.0477813
122801	1.35684	1.35386	0.00128958	2.02732	2.02285	188.674	-4.44997	-4.44568	188.736	-2.42266	-2.42282	0.00211873	1.51228	1.45427	0.0479375
123001	1.33888	1.35375	0.00128247	2.00048	2.02269	187.633	-4.42329	-4.44551	187.696	-2.42281	-2.42282	0.00210597	1.53737	1.45558	0.0477882
123201	1.36647	1.35371	0.00127382	2.0417	2.02263	186.368	-4.4648	-4.44545	186.429	-2.4231	-2.42282	0.0020978	1.54365	1.45581	0.0474683
123401	1.38387	1.35392	0.00127417	2.0677	2.02295	186.419	-4.49056	-4.44578	186.489	-2.42286	-2.42283	0.00213074	1.4086	1.45553	0.0472443
123601	1.38557	1.35387	0.00127757	2.07024	2.02287	186.917	-4.49293	-4.4457	186.986	-2.42269	-2.42282	0.00211706	1.15159	1.45606	0.0473586
123801	1.25874	1.35385	0.00127909	1.88074	2.02284	187.139	-4.3033	-4.44567	187.211	-2.42257	-2.42282	0.00212448	1.84649	1.45566	0.0473178
124001	1.31523	1.3536	0.00130053	1.96513	2.02247	190.276	-4.38779	-4.44529	190.358	-2.42265	-2.42282	0.00212076	1.67817	1.45684	0.0476855
124201	1.33623	1.35369	0.00131146	1.99652	2.02261	191.875	-4.4193	-4.44543	191.954	-2.42278	-2.42282	0.00211811	1.61024	1.45702	0.0477518
124401	1.3887	1.35366	0.00130758	2.07491	2.02255	191.307	-4.49779	-4.44537	191.385	-2.42288	-2.42282	0.00210122	1.16132	1.45694	0.047486
124601	1.41924	1.35372	0.00130141	2.12054	2.02265	190.404	-4.54338	-4.44547	190.481	-2.42284	-2.42282	0.00208471	0.988693	1.45562	0.0474155
124801	1.35843	1.35386	0.00130018	2.02968	2.02285	190.225	-4.4524	-4.44567	190.3	-2.42272	-2.42282	0.00207256	1.37856	1.45396	0.0475355
125001	1.31168	1.35385	0.00129872	1.95984	2.02284	190.011	-4.38276	-4.44566	190.086	-2.42292	-2.42282	0.00205811	1.58928	1.45344	0.0473731
125201	1.29165	1.35363	0.00130059	1.9299	2.02251	190.284	-4.35293	-4.44534	190.351	-2.42303	-2.42282	0.00205662	1.99604	1.45531	0.0477317
125401	1.31117	1.35349	0.00132063	1.95907	2.02231	193.217	-4.38204	-4.44513	193.28	-2.42297	-2.42282	0.00206161	1.81444	1.45734	0.0486936
125601	1.3282	1.35378	0.00133564	1.98451	2.02274	195.412	-4.40729	-4.44556	195.475	-2.42277	-2.42282	0.00204786	1.50958	1.45569	0.0493692
125801	1.28739	1.35353	0.00134094	1.92354	2.02237	196.188	-4.34617	-4.44519	196.256	-2.42263	-2.42282	0.00204054	1.88817	1.45719	0.0494289
126001	1.40739	1.35338	0.00134537	2.10285	2.02213	196.836	-4.52567	-4.44496	196.91	-2.42282	-2.42282	0.00203162	1.20689	1.45879	0.0497
126201	1.36742	1.35358	0.0013465	2.04312	2.02244	197.001	-4.46587	-4.44526	197.073	-2.42275	-2.42282	0.00201721	1.23198	1.45708	0.0498132
126401	1.42502	1.3536	0.00134571	2.12918	2.02248	196.885	-4.55211	-4.4453	196.959	-2.42294	-2.42282	0.00200377	1.00802	1.45578	0.049832
126601	1.36878	1.35348	0.00134628	2.04514	2.02229	196.97	-4.468	-4.44511	197.043	-2.42286	-2.42282	0.00199053	1.31636	1.45592	0.0496996
126801	1.35364	1.35347	0.00133938	2.02253	2.02228	195.96	-4.4453	-4.4451	196.033	-2.42277	-2.42282	0.00197606	1.42478	1.45559	0.0494048
127001	1.40827	1.35358	0.00133297	2.10415	2.02244	195.022	-4.52667	-4.44526	195.089	-2.42251	-2.42282	0.00199086	1.11288	1.45509	0.0491401
127201	1.2823	1.35367	0.00133224	1.91593	2.02257	194.914	-4.33842	-4.44539	194.976	-2.42249	-2.42282	0.00202589	1.64415	1.45343	0.0493052
127401	1.36801	1.3534	0.00134085	2.04401	2.02217	196.175	-4.4669	-4.44499	196.243	-2.4229	-2.42282	0.00202149	1.36555	1.45405	0.0491383
127601	1.37733	1.35323	0.00134113	2.05792	2.02192	196.215	-4.48077	-4.44474	196.281	-2.42284	-2.42282	0.00200948	1.40991	1.45602	0.049603
127801	1.31944	1.35309	0.00134439	1.97143	2.02171	196.693	-4.39427	-4.44453	196.758	-2.42283	-2.42282	0.00199531	1.60351	1.45653	0.0495189
128001	1.38944	1.35314	0.00134131	2.07601	2.02179	196.242	-4.49897	-4.44461	196.309	-2.42296	-2.42282	0.00198659	1.35873	1.45637	0.0492694
128201	1.42353	1.35331	0.00134464	2.12695	2.02204	196.73	-4.55006	-4.44486	196.802	-2.42311	-2.42282	0.00198537	1.15033	1.45571	0.0492324
128401	1.33764	1.35346	0.00134005	1.99863	2.02226	196.058	-4.42184	-4.44508	196.14	-2.42321	-2.42282	0.00202034	1.66058	1.45529	0.0489722
128601	1.39267	1.35338	0.0013347	2.08084	2.02213	195.274	-4.50396	-4.44496	195.348	-2.42311	-2.42282	0.00208467	1.32822	1.45645	0.0489639
128801	1.39995	1.35351	0.00133403	2.09172	2.02233	195.177	-4.51468	-4.44516	195.254	-2.42296	-2.42283	0.00208066	1.25802	1.45607	0.0487789
129001	1.37958	1.3538	0.00134402	2.06128	2.02277	196.639	-4.48431	-4.4456	196.725	-2.42303	-2.42283	0.00207816	1.39194	1.45514	0.0487465
129201	1.37122	1.35374	0.00134603	2.0488	2.02268	196.933	-4.47158	-4.44551	197.018	-2.42277	-2.42283	0.00207192	1.36704	1.45563	0.0486793
129401	1.33911	1.35377	0.00134683	2.00082	2.02272	197.05	-4.4235	-4.44554	197.134	-2.42268	-2.42283	0.0020795	1.66209	1.45572	0.0485261
129601	1.32955	1.35367	0.00134847	1.98654	2.02258	197.289	-4.40914	-4.4454	197.376	-2.4226	-2.42283	0.00208082	1.62228	1.45664	0.0486328
129801	1.35253	1.35364	0.00134218	2.02087	2.02253	196.37	-4.44368	-4.44535	196.458	-2.42281	-2.42282	0.00207354	1.3127	1.45627	0.0484409
130001	1.28977	1.35383	0.00134814	1.9271	2.02281	197.241	-4.34996	-4.44563	197.33	-2.42286	-2.42282	0.00206005	1.75784	1.4542	0.0490278
130201	1.42748	1.35379	0.00135289	2.13286	2.02276	197.936	-4.55561	-4.44558	198.024	-2.42274	-2.42282	0.00204859	1.18309	1.4548	0.0490324
130401	1.31496	1.35387	0.00135737	1.96473	2.02287	198.591	-4.38753	-4.4457	198.679	-2.4228	-2.42282	0.00203605	1.72473	1.45523	0.0490488
130601	1.39364	1.35397	0.00136811	2.0823	2.02302	200.164	-4.50498	-4.44585	200.249	-2.42268	-2.42282	0.00202905	1.39599	1.45546	0.0491511
130801	1.39017	1.35398	0.00136104	2.07711	2.02303	199.128	-4.4998	-4.44585	199.213	-2.42269	-2.42282	0.00203237	1.25033	1.45617	0.0489976
131001	1.32853	1.35412	0.00135991	1.985	2.02325	198.964	-4.40792	-4.44607	199.046	-2.42292	-2.42282	0.00202371	1.50735	1.45455	0.0492284
131201	1.31509	1.35415	0.00135426	1.96494	2.02329	198.137	-4.38775	-4.44611	198.219	-2.42281	-2.42282	0.00201433	1.71441	1.4549	0.0490337
131401	1.37337	1.35415	0.00134809	2.05201	2.02329	197.234	-4.47475	-4.44611	197.317	-2.42274	-2.42282	0.00200224	1.33459	1.45497	0.0487832
131601	1.35061	1.3543	0.0013467	2.01801	2.02351	197.031	-4.44067	-4.44633	197.112	-2.42266	-2.42282	0.00199177	1.44868	1.45417	0.0486622
131801	1.39692	1.35418	0.00134328	2.0872	2.02334	196.53	-4.50975	-4.44616	196.614	-2.42256	-2.42282	0.00199372	1.15611	1.45491	0.0485344
132001	1.35494	1.35438	0.00134383	2.02447	2.02364	196.611	-4.44723	-4.44646	196.687	-2.42276	-2.42282	0.00199405	1.44263	1.45332	0.048714
132201	1.31736	1.35435	0.0013378	1.96832	2.0236	195.729	-4.39143	-4.44642	195.805	-2.42311	-2.42282	0.00198978	1.65282	1.4537	0.0484963
132401	1.36947	1.35438	0.00133564	2.04619	2.02364	195.412	-4.46945	-4.44646	195.491	-2.42326	-2.42282	0.00203118	1.38456	1.4533	0.0484048
132601	1.32914	1.35443	0.00134039	1.98593	2.02371	196.108	-4.40938	-4.44653	196.189	-2.42345	-2.42283	0.00214943	1.8873	1.45399	0.0487467
132801	1.32204	1.3545	0.00133928	1.97532	2.02382	195.945	-4.39877	-4.44665	196.036	-2.42345	-2.42283	0.00232747	1.72552	1.4549	0.0486782
133001	1.39362	1.35465	0.00133836	2.08227	2.02403	195.81	-4.5052	-4.44686	195.907	-2.42293	-2.42283	0.00236926	1.14238	1.45457	0.0486354
133201	1.41372	1.35472	0.00133598	2.1123	2.02414	195.463	-4.53509	-4.44697	195.56	-2.4228	-2.42283	0.00235634	1.1131	1.45378	0.0485807
133401	1.35746	1.35469	0.00133531	2.02823	2.0241	195.364	-4.45134	-4.44693	195.457	-2.42311	-2.42283	0.00235536	1.46229	1.45365	0.0484759
133601	1.33844	1.35447	0.00133855	1.99981	2.02377	195.838	-4.42285	-4.44661	195.919	-2.42304	-2.42284	0.00237604	1.64703	1.45548	0.0488768
133801	1.37858	1.35445	0.00134048	2.05979	2.02374	196.12	-4.48247	-4.44658	196.197	-2.42268	-2.42284	0.00236728	1.25853	1.45518	0.0489375
134001	1.30126	1.35443	0.00133853	1.94426	2.02372	195.836	-4.3672	-4.44655	195.91	-2.42294	-2.42284	0.00235687	1.68872	1.45498	0.0488041
134201	1.34898	1.35443	0.0013339	2.01556	2.02371	195.159	-4.43872	-4.44655	195.232	-2.42315	-2.42284	0.00236886	1.53973	1.45564	0.0486579
134401	1.32018	1.35455	0.00133772	1.97253	2.02389	195.716	-4.39565	-4.44673	195.798	-2.42312	-2.42284	0.0023957	1.78989	1.45511	0.04878
134601	1.35411	1.3545	0.00133438	2.02323	2.02381	195.229	-4.44634	-4.44665	195.307	-2.42311	-2.42284	0.00241183	1.49722	1.45629	0.048828
134801	1.35201	1.35437	0.00133075	2.02009	2.02361	194.697	-4.44279	-4.44645	194.771	-2.4227	-2.42284	0.0024073	1.43577	1.45711	0.0487033
135001	1.33588	1.35457	0.00133596	1.99599	2.02391	195.459	-4.41871	-4.44675	195.524	-2.42272	-2.42284	0.00240901	1.44364	1.45532	0.0491811
135201	1.29615	1.35473	0.00134413	1.93663	2.02416	196.655	-4.35953	-4.447	196.719	-2.4229	-2.42284	0.00239651	1.92252	1.45454	0.0494961
135401	1.40125	1.35465	0.00135033	2.09367	2.02404	197.562	-4.51633	-4.44688	197.623	-2.42266	-2.42284	0.00238832	1.0524	1.4549	0.0498375
135601	1.369	1.35478	0.00134913	2.04547	2.02423	197.387	-4.46799	-4.44707	197.442	-2.42252	-2.42284	0.00239609	1.43608	1.45337	0.050135
135801	1.37396	1.35454	0.00135703	2.05289	2.02388	198.542	-4.47564	-4.44671	198.603	-2.42275	-2.42284	0.00239218	1.45919	1.45528	0.0506501
136001	1.41681	1.3547	0.00136004	2.11691	2.02411	198.983	-4.53954	-4.44695	199.038	-2.42263	-2.42284	0.00238707	1.09131	1.45451	0.0506576
136201	1.35759	1.35477	0.00135723	2.02843	2.02421	198.572	-4.45128	-4.44705	198.625	-2.42285	-2.42284	0.00237866	1.29149	1.45362	0.0505901
136401	1.26975	1.35462	0.00136742	1.89719	2.02399	200.062	-4.32001	-4.44682	200.115	-2.42282	-2.42284	0.00236578	1.80217	1.45356	0.0507004
136601	1.29339	1.3544	0.00137342	1.9325	2.02366	200.941	-4.35534	-4.44649	200.993	-2.42284	-2.42284	0.00235315	1.82288	1.45447	0.0507265
136801	1.37346	1.35421	0.00137906	2.05215	2.02339	201.765	-4.47489	-4.44622	201.822	-2.42275	-2.42284	0.0023461	1.4082	1.45566	0.0508594
137001	1.36252	1.35429	0.00137718	2.0358	2.0235	201.49	-4.45867	-4.44633	201.545	-2.42287	-2.42283	0.00233436	1.3758	1.4553	0.0507074
137201	1.36934	1.35427	0.00137323	2.04598	2.02347	200.913	-4.46918	-4.4463	200.966	-2.4232	-2.42284	0.0023437	1.48568	1.45563	0.0505781
137401	1.40408	1.35416	0.00137305	2.0979	2.02331	200.886	-4.52078	-4.44615	200.933	-2.42288	-2.42284	0.00235703	1.12898	1.45645	0.0506065
137601	1.39819	1.35443	0.00138423	2.08909	2.02371	202.521	-4.51192	-4.44655	202.568	-2.42284	-2.42284	0.00234495	1.16102	1.45422	0.0514191
137801	1.32002	1.35434	0.00138492	1.9723	2.02357	202.623	-4.3952	-4.44641	202.669	-2.42291	-2.42284	0.00233288	1.74522	1.45519	0.051607
138001	1.35179	1.35447	0.00138408	2.01976	2.02376	202.499	-4.44265	-4.4466	202.546	-2.4229	-2.42284	0.00232131	1.4536	1.45467	0.0514638
138201	1.35573	1.35441	0.00137832	2.02565	2.02368	201.657	-4.4489	-4.44652	201.701	-2.42325	-2.42284	0.00232734	1.40727	1.45465	0.0512182
138401	1.37862	1.35438	0.00137481	2.05985	2.02363	201.143	-4.48313	-4.44647	201.183	-2.42328	-2.42284	0.00239889	1.67647	1.45552	0.0513165
138601	1.28576	1.35437	0.00136998	1.92111	2.02362	200.437	-4.34411	-4.44647	200.478	-2.42301	-2.42284	0.00241901	1.96044	1.45694	0.0514615
138801	1.45355	1.35437	0.0013789	2.17181	2.02362	201.742	-4.59487	-4.44647	201.784	-2.42305	-2.42284	0.0024204	0.93712	1.45697	0.0516859
139001	1.31248	1.3543	0.0013806	1.96103	2.02352	201.99	-4.38392	-4.44636	202.031	-2.42289	-2.42284	0.00241381	1.56501	1.45714	0.0516245
139201	1.37013	1.35436	0.0013757	2.04717	2.0236	201.273	-4.46985	-4.44645	201.312	-2.42269	-2.42284	0.00240562	1.26861	1.45628	0.0515468
139401	1.32046	1.35439	0.00137277	1.97295	2.02365	200.845	-4.3955	-4.44649	200.883	-2.42255	-2.42284	0.00242286	1.563	1.45608	0.051399
139601	1.37871	1.35434	0.00136979	2.05998	2.02357	200.41	-4.48279	-4.44641	200.447	-2.42281	-2.42284	0.00242016	1.25484	1.45581	0.0512363
139801	1.33168	1.35438	0.00136716	1.98972	2.02363	200.024	-4.41247	-4.44647	200.06	-2.42275	-2.42284	0.00240878	1.62773	1.45557	0.051144
140001	1.36672	1.35441	0.00136266	2.04208	2.02367	199.366	-4.4649	-4.44651	199.402	-2.42282	-2.42284	0.00239977	1.28145	1.45498	0.0510855
140201	1.36004	1.35426	0.00136447	2.03209	2.02346	199.631	-4.45465	-4.4463	199.671	-2.42256	-2.42284	0.0023941	1.25884	1.45514	0.0509299
140401	1.36142	1.35424	0.00136355	2.03415	2.02343	199.497	-4.45684	-4.44627	199.537	-2.42269	-2.42284	0.0024016	1.36715	1.45465	0.0509297
140601	1.40104	1.35428	0.00136046	2.09335	2.02349	199.044	-4.51612	-4.44633	199.083	-2.42276	-2.42284	0.00239466	1.03174	1.45379	0.0509232
140801	1.36182	1.35433	0.00135866	2.03475	2.02356	198.781	-4.45759	-4.4464	198.82	-2.42285	-2.42284	0.00238373	1.29985	1.45316	0.0509116
141001	1.41189	1.35424	0.00135672	2.10956	2.02343	198.497	-4.53268	-4.44627	198.535	-2.42313	-2.42284	0.0023795	1.0818	1.45302	0.0507435
141201	1.38404	1.35431	0.00135749	2.06795	2.02353	198.609	-4.49086	-4.44637	198.652	-2.42291	-2.42284	0.00238072	1.26294	1.45232	0.0507403
141401	1.37612	1.35429	0.00135474	2.05612	2.02349	198.207	-4.47892	-4.44633	198.25	-2.4228	-2.42284	0.00237039	1.25811	1.45218	0.0505624
141601	1.30648	1.35425	0.00135192	1.95206	2.02344	197.795	-4.37485	-4.44628	197.838	-2.42279	-2.42284	0.00235916	1.59421	1.45231	0.0503907
141801	1.34257	1.35416	0.00134936	2.00599	2.0233	197.42	-4.42866	-4.44614	197.465	-2.42267	-2.42284	0.00235011	1.45679	1.4523	0.0501999
142001	1.36448	1.35426	0.00134799	2.03872	2.02345	197.219	-4.46152	-4.44629	197.263	-2.4228	-2.42284	0.00234103	1.35842	1.45162	0.0501313
142201	1.31857	1.35421	0.0013442	1.97012	2.02337	196.664	-4.39292	-4.44621	196.709	-2.4228	-2.42284	0.00233288	1.60601	1.4519	0.0499665
142401	1.36298	1.35424	0.00134192	2.03649	2.02343	196.331	-4.45947	-4.44627	196.376	-2.42299	-2.42284	0.00232527	1.54564	1.45201	0.049803
142601	1.40571	1.35443	0.00134999	2.10033	2.0237	197.512	-4.52379	-4.44655	197.577	-2.42346	-2.42284	0.00237699	1.36026	1.45176	0.0497871
142801	1.31006	1.35446	0.0013454	1.95741	2.02376	196.84	-4.3805	-4.4466	196.907	-2.42309	-2.42284	0.00243491	1.82922	1.45237	0.0496684
143001	1.41165	1.35449	0.00134416	2.1092	2.0238	196.659	-4.53192	-4.44664	196.726	-2.42272	-2.42284	0.00242846	1.07857	1.4526	0.0496063
143201	1.36377	1.35458	0.00134354	2.03767	2.02394	196.568	-4.46026	-4.44678	196.631	-2.42259	-2.42284	0.00243127	1.2215	1.45117	0.0498844
143401	1.37019	1.35463	0.00134444	2.04726	2.02401	196.7	-4.4702	-4.44685	196.761	-2.42294	-2.42284	0.00243186	1.17375	1.45029	0.0499951
143601	1.37754	1.35463	0.00133941	2.05824	2.024	195.964	-4.48145	-4.44684	196.025	-2.42321	-2.42284	0.00243624	1.33439	1.44985	0.049833
143801	1.38892	1.35467	0.00133701	2.07524	2.02407	195.613	-4.4981	-4.44691	195.676	-2.42286	-2.42284	0.00245326	1.46219	1.4501	0.0497456
144001	1.32379	1.35476	0.00133454	1.97793	2.0242	195.251	-4.40067	-4.44705	195.312	-2.42274	-2.42284	0.00244648	1.60095	1.44981	0.0495884
144201	1.35797	1.35473	0.00132987	2.02901	2.02416	194.569	-4.45173	-4.447	194.63	-2.42272	-2.42284	0.00243865	1.47502	1.44999	0.0494149
144401	1.3433	1.35477	0.00132874	2.00709	2.02421	194.402	-4.42995	-4.44706	194.462	-2.42286	-2.42284	0.00242962	1.58303	1.44982	0.0493288
144601	1.32933	1.35465	0.00132694	1.98621	2.02404	194.14	-4.40907	-4.44688	194.199	-2.42286	-2.42284	0.00241886	1.58154	1.45061	0.0492763
144801	1.38987	1.35456	0.00132595	2.07666	2.0239	193.994	-4.49937	-4.44674	194.054	-2.42271	-2.42284	0.00241098	1.34881	1.45136	0.0492432
145001	1.41291	1.35466	0.00132484	2.11108	2.02406	193.832	-4.53384	-4.4469	193.89	-2.42276	-2.42284	0.00240254	1.07274	1.4508	0.0491764
145201	1.34434	1.35465	0.00132243	2.00863	2.02404	193.479	-4.43147	-4.44689	193.536	-2.42283	-2.42284	0.00239224	1.56169	1.4509	0.0491014
145401	1.33612	1.35472	0.00132028	1.99636	2.02415	193.166	-4.41925	-4.44699	193.224	-2.4229	-2.42284	0.00238338	1.62878	1.4506	0.0490083
145601	1.41975	1.35469	0.00131878	2.12131	2.02409	192.946	-4.54405	-4.44694	193.004	-2.42275	-2.42284	0.00237389	1.12588	1.45125	0.0490339
145801	1.30531	1.35465	0.00132256	1.95032	2.02403	193.498	-4.37294	-4.44688	193.559	-2.42262	-2.42284	0.00237864	1.70487	1.45126	0.0490267
146001	1.29367	1.35446	0.00132912	1.93293	2.02376	194.458	-4.35565	-4.4466	194.525	-2.42273	-2.42284	0.00237968	1.71388	1.45232	0.0491624
146201	1.30024	1.35423	0.0013392	1.94274	2.02341	195.933	-4.36526	-4.44625	196.012	-2.42252	-2.42284	0.00238541	1.67776	1.45353	0.0493792
146401	1.34528	1.35422	0.00133465	2.01004	2.02339	195.268	-4.43289	-4.44623	195.346	-2.42285	-2.42284	0.00238925	1.41746	1.45297	0.049291
146601	1.32714	1.3542	0.00133135	1.98294	2.02336	194.784	-4.40543	-4.4462	194.863	-2.42249	-2.42284	0.00238728	1.49043	1.45279	0.0491435
146801	1.40507	1.35422	0.00132863	2.09937	2.0234	194.386	-4.52216	-4.44624	194.463	-2.42279	-2.42284	0.00240462	1.07145	1.45213	0.0491053
147001	1.3111	1.35428	0.00132804	1.95897	2.02349	194.301	-4.3818	-4.44632	194.377	-2.42283	-2.42284	0.00239578	1.6276	1.45163	0.0491264
147201	1.34974	1.3544	0.0013288	2.0167	2.02367	194.412	-4.43959	-4.4465	194.49	-2.42289	-2.42284	0.00238691	1.39195	1.45096	0.049084
147401	1.38298	1.35451	0.00132706	2.06637	2.02383	194.158	-4.48906	-4.44667	194.234	-2.42269	-2.42284	0.00237953	1.33899	1.45008	0.0490871
147601	1.31552	1.35459	0.00132625	1.96557	2.02395	194.038	-4.38851	-4.44679	194.113	-2.42293	-2.42284	0.00237114	1.71443	1.44998	0.0489482
147801	1.35957	1.35456	0.00132359	2.03139	2.02391	193.649	-4.45455	-4.44674	193.723	-2.42315	-2.42284	0.00236996	1.58078	1.45085	0.0490027
148001	1.38495	1.35457	0.00131879	2.06931	2.02391	192.948	-4.49259	-4.44675	193.022	-2.42327	-2.42284	0.00240122	1.42044	1.45162	0.0489553
148201	1.29497	1.35473	0.00132736	1.93487	2.02416	194.201	-4.35766	-4.447	194.285	-2.42279	-2.42284	0.0024104	1.70591	1.45059	0.0492083
148401	1.36499	1.3547	0.00132539	2.03949	2.02411	193.913	-4.4623	-4.44695	193.997	-2.4228	-2.42284	0.00240172	1.37734	1.45044	0.0491211
148601	1.30947	1.35465	0.00132192	1.95654	2.02404	193.405	-4.37946	-4.44688	193.488	-2.42293	-2.42284	0.00239258	1.58463	1.45055	0.0489491
148801	1.2914	1.35461	0.00132144	1.92953	2.02397	193.335	-4.35234	-4.44681	193.418	-2.42282	-2.42284	0.00238411	1.72308	1.45056	0.0488624
149001	1.32258	1.3546	0.00132232	1.97611	2.02397	193.464	-4.39913	-4.44681	193.548	-2.42302	-2.42284	0.0023769	1.81433	1.45071	0.0488776
149201	1.3862	1.35452	0.00132138	2.07118	2.02385	193.326	-4.49445	-4.44669	193.405	-2.42327	-2.42284	0.00239705	1.19786	1.45131	0.0489513
149401	1.40652	1.35462	0.00132017	2.10154	2.024	193.15	-4.52434	-4.44684	193.233	-2.4228	-2.42284	0.00241099	1.19143	1.45045	0.0489695
149601	1.34495	1.35466	0.0013211	2.00955	2.02405	193.285	-4.43241	-4.44689	193.368	-2.42286	-2.42284	0.00240601	1.4599	1.45037	0.0489409
149801	1.36965	1.35468	0.00131717	2.04646	2.02408	192.71	-4.46925	-4.44693	192.794	-2.42279	-2.42284	0.00239685	1.30209	1.45016	0.0487763
150001	1.39813	1.3547	0.00131377	2.089	2.02411	192.212	-4.51169	-4.44695	192.295	-2.42269	-2.42284	0.00238894	1.25774	1.45004	0.0486417
150201	1.34132	1.35476	0.00131467	2.00412	2.02421	192.345	-4.42692	-4.44705	192.425	-2.4228	-2.42284	0.00238395	1.50549	1.44994	0.0485623
150401	1.31969	1.35468	0.00131469	1.9718	2.02409	192.347	-4.39477	-4.44693	192.425	-2.42297	-2.42284	0.00237679	1.56849	1.45021	0.0484809
150601	1.3941	1.35457	0.00131702	2.08298	2.02392	192.689	-4.50602	-4.44677	192.764	-2.42304	-2.42284	0.00237196	1.11489	1.45038	0.0484654
150801	1.38172	1.35466	0.00131664	2.06448	2.02406	192.633	-4.48737	-4.4469	192.711	-2.42289	-2.42284	0.00237309	1.22474	1.44964	0.0484992
151001	1.33385	1.35453	0.00132143	1.99295	2.02385	193.334	-4.41561	-4.4467	193.414	-2.42266	-2.42284	0.00236641	1.54879	1.45012	0.048509
151201	1.30829	1.35444	0.00132411	1.95477	2.02372	193.726	-4.3773	-4.44656	193.812	-2.42252	-2.42284	0.00237578	1.71755	1.45097	0.0486887
151401	1.31601	1.35443	0.00132299	1.96631	2.02371	193.561	-4.38906	-4.44655	193.646	-2.42275	-2.42284	0.00238457	1.79703	1.45131	0.04866
151601	1.32182	1.35448	0.00132274	1.97499	2.02379	193.525	-4.39783	-4.44663	193.611	-2.42284	-2.42284	0.00237567	1.67067	1.45174	0.0485867
151801	1.34442	1.35447	0.00131827	2.00875	2.02377	192.871	-4.43147	-4.44661	192.956	-2.42272	-2.42284	0.0023673	1.52112	1.45193	0.0484251
152001	1.34537	1.35443	0.00131556	2.01017	2.02372	192.475	-4.43295	-4.44656	192.561	-2.42278	-2.42284	0.0023624	1.47856	1.45206	0.0482893
152201	1.33777	1.35447	0.001313	1.99882	2.02377	192.1	-4.42166	-4.44661	192.186	-2.42284	-2.42284	0.00235358	1.48784	1.4518	0.0481763
152401	1.33657	1.35453	0.00131028	1.99703	2.02385	191.702	-4.41988	-4.4467	191.787	-2.42285	-2.42284	0.00234466	1.6183	1.45165	0.0480289
152601	1.33387	1.35455	0.00130747	1.993	2.02389	191.291	-4.41555	-4.44673	191.376	-2.42255	-2.42284	0.00233954	1.51774	1.45173	0.0478979
152801	1.35279	1.35453	0.00130568	2.02126	2.02386	191.029	-4.44388	-4.4467	191.114	-2.42263	-2.42284	0.00234576	1.32368	1.45158	0.0477752
153001	1.36286	1.35454	0.00130297	2.0363	2.02387	190.633	-4.45881	-4.44671	190.718	-2.42251	-2.42284	0.00235112	1.27326	1.45113	0.0477263
153201	1.33378	1.35453	0.00129972	1.99285	2.02385	190.157	-4.41546	-4.44669	190.242	-2.4226	-2.42284	0.00237126	1.4056	1.45049	0.0476963
153401	1.381	1.35453	0.00129785	2.0634	2.02386	189.883	-4.48603	-4.4467	189.967	-2.42263	-2.42284	0.00236858	1.28338	1.45003	0.0476389
153601	1.28224	1.35446	0.00129715	1.91585	2.02376	189.782	-4.33849	-4.44659	189.869	-2.42264	-2.42284	0.00237382	1.75797	1.45027	0.0475365
153801	1.41462	1.3545	0.00129825	2.11364	2.02382	189.942	-4.53651	-4.44665	190.03	-2.42288	-2.42284	0.00236638	1.16155	1.45009	0.0474805
154001	1.36486	1.35459	0.00129666	2.03929	2.02394	189.709	-4.46218	-4.44678	189.798	-2.42289	-2.42284	0.00235795	1.4053	1.44946	0.0474257
154201	1.4088	1.35459	0.00129435	2.10494	2.02394	189.372	-4.52802	-4.44678	189.461	-2.42309	-2.42284	0.00235301	1.27521	1.44989	0.0473541
154401	1.29664	1.35454	0.00129474	1.93736	2.02387	189.429	-4.36043	-4.4467	189.514	-2.42307	-2.42284	0.00236915	1.81065	1.45063	0.047451
154601	1.3327	1.35444	0.00129566	1.99124	2.02373	189.564	-4.41393	-4.44656	189.649	-2.42269	-2.42284	0.00236382	1.68716	1.45154	0.0475791
154801	1.33929	1.35435	0.00129956	2.00108	2.02359	190.134	-4.42377	-4.44643	190.223	-2.42268	-2.42284	0.00236027	1.36584	1.4519	0.0476737
155001	1.43746	1.35446	0.00130353	2.14777	2.02375	190.715	-4.57032	-4.44659	190.797	-2.42256	-2.42284	0.00236974	0.913158	1.45072	0.0480286
155201	1.39012	1.35454	0.00130284	2.07704	2.02388	190.613	-4.49985	-4.44671	190.692	-2.42281	-2.42284	0.00236739	1.2263	1.45002	0.0480505
155401	1.39945	1.35454	0.00130579	2.09097	2.02388	191.045	-4.51403	-4.44671	191.122	-2.42306	-2.42284	0.00236919	1.23847	1.45003	0.0480742
155601	1.31651	1.35461	0.00130489	1.96705	2.02398	190.914	-4.39002	-4.44682	190.994	-2.42298	-2.42284	0.00237208	1.67721	1.44961	0.0480312
155801	1.33399	1.35459	0.00130335	1.99317	2.02394	190.689	-4.41574	-4.44678	190.768	-2.42257	-2.42284	0.00236897	1.58687	1.44962	0.0479646
156001	1.3334	1.35443	0.00130656	1.99228	2.0237	191.158	-4.41473	-4.44654	191.248	-2.42245	-2.42284	0.00238948	1.30316	1.45015	0.0479643
156201	1.37411	1.35442	0.00131305	2.05312	2.02369	192.107	-4.47575	-4.44652	192.197	-2.42263	-2.42283	0.00240159	1.31005	1.44961	0.0482024
156401	1.37871	1.35441	0.00131216	2.05999	2.02368	191.977	-4.48276	-4.44651	192.066	-2.42277	-2.42283	0.00239567	1.39787	1.44978	0.0481211
156601	1.28978	1.35436	0.00131381	1.92711	2.02361	192.218	-4.34982	-4.44644	192.309	-2.42271	-2.42283	0.00238907	1.6173	1.44996	0.0480828
156801	1.36522	1.35438	0.00131283	2.03983	2.02364	192.075	-4.4624	-4.44647	192.164	-2.42258	-2.42283	0.00238816	1.22999	1.44927	0.0481432
157001	1.32414	1.35441	0.00131046	1.97845	2.02368	191.728	-4.40114	-4.44651	191.816	-2.42269	-2.42283	0.00239037	1.47098	1.44851	0.0481868
157201	1.30726	1.35437	0.00130964	1.95323	2.02362	191.608	-4.37613	-4.44645	191.695	-2.4229	-2.42283	0.00238319	1.64716	1.44844	0.0481194
157401	1.37626	1.35435	0.00131002	2.05632	2.02358	191.664	-4.47911	-4.44641	191.751	-2.42279	-2.42283	0.00237516	1.42795	1.44861	0.0481208
157601	1.31644	1.35439	0.00130751	1.96694	2.02364	191.297	-4.38977	-4.44648	191.383	-2.42282	-2.42283	0.00236856	1.60457	1.44813	0.0480777
157801	1.36408	1.35443	0.00130932	2.03813	2.02371	191.562	-4.46107	-4.44654	191.647	-2.42294	-2.42283	0.00236069	1.55628	1.44814	0.048054
158001	1.36176	1.35441	0.0013098	2.03467	2.02368	191.632	-4.45765	-4.44651	191.717	-2.42299	-2.42283	0.00235542	1.54013	1.44882	0.0481248
158201	1.35923	1.35439	0.00130982	2.03088	2.02365	191.635	-4.45412	-4.44649	191.719	-2.42324	-2.42283	0.00236724	1.55939	1.44927	0.0481256
158401	1.33423	1.3544	0.00130589	1.99353	2.02366	191.06	-4.41671	-4.4465	191.144	-2.42318	-2.42283	0.00239925	1.60305	1.44956	0.0480028
158601	1.35265	1.35436	0.00130497	2.02105	2.02361	190.926	-4.44387	-4.44644	191.009	-2.42282	-2.42284	0.00240023	1.4137	1.44992	0.0479449
158801	1.33674	1.35426	0.00130591	1.99728	2.02345	191.063	-4.42005	-4.44628	191.148	-2.42277	-2.42283	0.00239426	1.44592	1.45024	0.0478529
159001	1.38211	1.35426	0.00130709	2.06507	2.02345	191.235	-4.48793	-4.44628	191.319	-2.42286	-2.42283	0.00238656	1.32057	1.45025	0.0478491
159201	1.38118	1.35425	0.0013045	2.06368	2.02344	190.857	-4.48658	-4.44628	190.941	-2.4229	-2.42284	0.00237919	1.2935	1.45009	0.0477385
159401	1.33725	1.35423	0.0013025	1.99804	2.02341	190.563	-4.42073	-4.44624	190.647	-2.42268	-2.42283	0.00237198	1.53616	1.45009	0.0476353
159601	1.31607	1.35408	0.00130569	1.96639	2.02319	191.031	-4.3889	-4.44603	191.122	-2.42251	-2.42283	0.00237793	1.55623	1.45075	0.0476255
159801	1.33063	1.354	0.00130449	1.98815	2.02307	190.856	-4.41087	-4.4459	190.95	-2.42272	-2.42283	0.00238587	1.37538	1.45071	0.0474834
160001	1.35162	1.35403	0.0013064	2.01951	2.02311	191.135	-4.44243	-4.44595	191.23	-2.42292	-2.42283	0.00237881	1.42312	1.44995	0.0476274
160201	1.31897	1.35407	0.00130438	1.97072	2.02317	190.839	-4.39362	-4.446	190.935	-2.4229	-2.42283	0.00237285	1.49554	1.44944	0.0476016
160401	1.41183	1.35405	0.00130293	2.10947	2.02314	190.628	-4.5323	-4.44598	190.722	-2.42284	-2.42283	0.00236513	1.27499	1.44961	0.0474968
160601	1.30429	1.35403	0.00130213	1.94879	2.02311	190.51	-4.37137	-4.44595	190.607	-2.42258	-2.42283	0.0023601	1.80702	1.44997	0.0474599
160801	1.35968	1.35392	0.00130271	2.03156	2.02295	190.594	-4.45413	-4.44578	190.698	-2.42258	-2.42283	0.00238008	1.42985	1.45073	0.0475118
161001	1.35391	1.35394	0.00130185	2.02294	2.02298	190.469	-4.44594	-4.44581	190.574	-2.423	-2.42283	0.00237689	1.51384	1.45056	0.0474183
161201	1.34446	1.35389	0.00130025	2.00882	2.02291	190.234	-4.43181	-4.44574	190.337	-2.423	-2.42283	0.00237995	1.54522	1.45113	0.0474076
161401	1.38263	1.35386	0.00129907	2.06585	2.02286	190.062	-4.48866	-4.4457	190.165	-2.42282	-2.42283	0.00237399	1.19534	1.45116	0.0473135
161601	1.31359	1.35384	0.00130016	1.96268	2.02283	190.222	-4.38548	-4.44566	190.324	-2.4228	-2.42283	0.00236669	1.63898	1.45103	0.0473278
161801	1.37912	1.35383	0.00130028	2.0606	2.02282	190.239	-4.48329	-4.44565	190.342	-2.4227	-2.42283	0.00236269	1.14325	1.45072	0.0473458
162001	1.36896	1.35383	0.00129772	2.04542	2.02281	189.865	-4.46829	-4.44564	189.967	-2.42287	-2.42283	0.00235684	1.27755	1.45051	0.0472648
162201	1.3503	1.35396	0.00130037	2.01753	2.023	190.253	-4.44058	-4.44584	190.356	-2.42304	-2.42283	0.00235263	1.79972	1.45007	0.047353
162401	1.39683	1.35406	0.0013035	2.08706	2.02316	190.711	-4.51047	-4.44599	190.825	-2.42341	-2.42283	0.00238686	1.29773	1.45021	0.0474669
162601	1.38834	1.35415	0.00130534	2.07438	2.02328	190.979	-4.49755	-4.44612	191.1	-2.42317	-2.42284	0.00242967	1.42615	1.45011	0.0473977
162801	1.39639	1.35423	0.00130737	2.08641	2.02341	191.277	-4.50953	-4.44625	191.403	-2.42312	-2.42284	0.00244289	1.34498	1.45029	0.0473645
163001	1.37878	1.35426	0.00130598	2.0601	2.02346	191.073	-4.4827	-4.44629	191.2	-2.4226	-2.42284	0.00244114	1.23521	1.45011	0.0472806
163201	1.34758	1.35422	0.00130425	2.01347	2.02339	190.82	-4.43623	-4.44623	190.948	-2.42276	-2.42284	0.00244636	1.47359	1.44995	0.0471848
163401	1.32536	1.35421	0.00130109	1.98027	2.02338	190.357	-4.40333	-4.44622	190.485	-2.42306	-2.42284	0.00244299	1.75756	1.45019	0.0470793
163601	1.33044	1.35419	0.00130189	1.98787	2.02335	190.475	-4.41083	-4.44619	190.602	-2.42296	-2.42284	0.00244577	1.73097	1.45067	0.0471471
163801	1.34667	1.3542	0.00130018	2.01211	2.02337	190.225	-4.43527	-4.44621	190.352	-2.42316	-2.42284	0.00244844	1.42184	1.45079	0.047067
164001	1.33018	1.35417	0.00129872	1.98748	2.02332	190.011	-4.41018	-4.44616	190.139	-2.4227	-2.42284	0.00244747	1.45484	1.45095	0.0469959
164201	1.33421	1.35411	0.00129723	1.9935	2.02322	189.792	-4.4162	-4.44606	189.922	-2.4227	-2.42284	0.00244501	1.50504	1.45101	0.046897
164401	1.34347	1.35414	0.00129551	2.00733	2.02327	189.541	-4.42985	-4.4461	189.669	-2.42252	-2.42284	0.00244629	1.41009	1.45066	0.0468296
164601	1.30853	1.35414	0.00129385	1.95513	2.02327	189.299	-4.37803	-4.44611	189.426	-2.42291	-2.42284	0.0024492	1.65387	1.45025	0.0468147
164801	1.33008	1.35417	0.00129487	1.98732	2.02332	189.447	-4.41024	-4.44615	189.575	-2.42292	-2.42284	0.00244452	1.47238	1.45	0.0468213
165001	1.38012	1.35417	0.00129225	2.06209	2.02332	189.064	-4.48486	-4.44616	189.192	-2.42278	-2.42284	0.00243738	1.16456	1.44984	0.0467441
165201	1.33081	1.3542	0.00129123	1.98841	2.02337	188.915	-4.41106	-4.44621	189.042	-2.42265	-2.42284	0.00243388	1.57055	1.44945	0.0467849
165401	1.35969	1.35415	0.00128914	2.03156	2.02329	188.609	-4.4541	-4.44612	188.737	-2.42254	-2.42284	0.00243575	1.37506	1.44969	0.046683
165601	1.4224	1.35413	0.00128789	2.12527	2.02326	188.426	-4.54797	-4.44609	188.555	-2.42271	-2.42283	0.00243723	0.973446	1.44958	0.0466121
165801	1.28959	1.35413	0.00128954	1.92682	2.02326	188.668	-4.34971	-4.4461	188.796	-2.42289	-2.42283	0.0024309	1.80437	1.44964	0.0467234
166001	1.37127	1.35413	0.00128984	2.04888	2.02326	188.711	-4.47185	-4.4461	188.839	-2.42297	-2.42284	0.00242823	1.29008	1.44955	0.0467048
166201	1.3485	1.35416	0.00128741	2.01486	2.0233	188.356	-4.43771	-4.44614	188.484	-2.42285	-2.42284	0.00242302	1.42404	1.44923	0.046622
166401	1.41596	1.35421	0.00128681	2.11565	2.02337	188.268	-4.53852	-4.44621	188.396	-2.42287	-2.42284	0.0024158	1.19886	1.44879	0.0465773
166601	1.37985	1.35425	0.0012848	2.06169	2.02344	187.974	-4.48466	-4.44628	188.102	-2.42297	-2.42284	0.00240978	1.40888	1.44882	0.0464615
166801	1.36382	1.35419	0.00128478	2.03773	2.02335	187.972	-4.46079	-4.44618	188.098	-2.42305	-2.42284	0.00240892	1.62419	1.44971	0.0466476
167001	1.37799	1.35429	0.00128717	2.05892	2.0235	188.321	-4.48202	-4.44634	188.451	-2.4231	-2.42284	0.00241536	1.40347	1.44965	0.0465581
167201	1.36738	1.35429	0.00128551	2.04306	2.0235	188.078	-4.46582	-4.44634	188.208	-2.42276	-2.42284	0.00241257	1.32608	1.4499	0.0465092
167401	1.36975	1.3544	0.00129257	2.04659	2.02367	189.111	-4.46908	-4.44651	189.237	-2.42248	-2.42284	0.00242147	1.21935	1.44896	0.0468286
167601	1.38264	1.35445	0.00128973	2.06586	2.02374	188.696	-4.48838	-4.44657	188.818	-2.42252	-2.42284	0.00243321	1.1821	1.44856	0.046767
167801	1.32607	1.35445	0.00128931	1.98134	2.02373	188.634	-4.40393	-4.44657	188.756	-2.4226	-2.42283	0.00244165	1.65852	1.44848	0.0467816
168001	1.37539	1.3545	0.00128893	2.05503	2.02381	188.579	-4.47819	-4.44665	188.703	-2.42316	-2.42283	0.00244113	1.38759	1.44837	0.0467153
168201	1.36425	1.35455	0.0012931	2.03838	2.02389	189.188	-4.46169	-4.44673	189.317	-2.42332	-2.42284	0.00246732	1.5242	1.44832	0.0467433
168401	1.431	1.35457	0.00129095	2.13811	2.02391	188.875	-4.56146	-4.44675	189.004	-2.42335	-2.42284	0.00252021	1.178	1.44849	0.0466548
168601	1.33493	1.35456	0.00129367	1.99458	2.02391	189.272	-4.41756	-4.44675	189.401	-2.42298	-2.42284	0.0025319	1.70125	1.4489	0.0467224
168801	1.39758	1.35455	0.00129127	2.08819	2.02389	188.922	-4.511	-4.44672	189.051	-2.42281	-2.42284	0.00252563	1.28484	1.44935	0.046709
169001	1.35559	1.35457	0.00128885	2.02544	2.02393	188.567	-4.44834	-4.44676	188.695	-2.4229	-2.42284	0.00251862	1.4811	1.44925	0.0465996
169201	1.32751	1.35453	0.00128699	1.98349	2.02386	188.295	-4.40639	-4.4467	188.423	-2.4229	-2.42284	0.00251192	1.68603	1.44977	0.0466025
169401	1.3217	1.35451	0.00128516	1.97481	2.02383	188.027	-4.39779	-4.44667	188.154	-2.42298	-2.42284	0.00250629	1.64216	1.45009	0.0465526
169601	1.39262	1.35441	0.00128663	2.08077	2.02367	188.242	-4.50368	-4.44651	188.368	-2.42292	-2.42284	0.00250025	1.45113	1.4509	0.0466654
169801	1.33717	1.35438	0.0012859	1.99792	2.02363	188.135	-4.42121	-4.44647	188.257	-2.4233	-2.42284	0.00251365	1.57717	1.45148	0.046709
170001	1.40476	1.35437	0.00128534	2.09891	2.02362	188.053	-4.52211	-4.44646	188.173	-2.4232	-2.42284	0.00254585	1.21614	1.45166	0.0466835
170201	1.30886	1.35446	0.00128659	1.95562	2.02375	188.237	-4.37853	-4.44659	188.36	-2.42291	-2.42284	0.00254571	1.78117	1.45141	0.0466352
170401	1.3842	1.35442	0.00128498	2.06818	2.02369	188	-4.49082	-4.44653	188.123	-2.42264	-2.42284	0.00254072	1.10381	1.45138	0.0466084
170601	1.32506	1.35443	0.00128325	1.97983	2.02371	187.748	-4.40236	-4.44655	187.869	-2.42252	-2.42284	0.00255127	1.37393	1.45062	0.0467194
170801	1.37299	1.35446	0.00128502	2.05144	2.02375	188.006	-4.47408	-4.44659	188.125	-2.42264	-2.42284	0.00256477	1.4161	1.45022	0.0467162
171001	1.40953	1.35446	0.0012847	2.10604	2.02376	187.96	-4.52893	-4.4466	188.08	-2.42289	-2.42284	0.00255959	1.01733	1.45019	0.0467317
171201	1.38779	1.35451	0.00128274	2.07355	2.02382	187.672	-4.49612	-4.44666	187.792	-2.42257	-2.42284	0.00255584	1.14602	1.44946	0.0468113
171401	1.3938	1.35459	0.00128693	2.08254	2.02395	188.285	-4.50541	-4.44679	188.403	-2.42287	-2.42284	0.00255585	1.25592	1.44864	0.0470334
171601	1.42401	1.35461	0.00128632	2.12767	2.02398	188.196	-4.55061	-4.44682	188.314	-2.42294	-2.42284	0.00254933	1.04882	1.44862	0.0470071
171801	1.31951	1.35459	0.00128884	1.97154	2.02394	188.565	-4.3942	-4.44678	188.684	-2.42267	-2.42284	0.00254424	1.616	1.44888	0.0471026
172001	1.36349	1.35465	0.00128787	2.03724	2.02404	188.423	-4.46004	-4.44688	188.541	-2.4228	-2.42284	0.00253904	1.33797	1.44844	0.0470684
172201	1.25767	1.35467	0.00128752	1.87913	2.02407	188.372	-4.30192	-4.44691	188.489	-2.42278	-2.42284	0.00253225	1.96362	1.44819	0.0470555
172401	1.29569	1.35454	0.00129305	1.93594	2.02388	189.182	-4.35904	-4.44672	189.298	-2.42311	-2.42284	0.00252938	1.78997	1.44894	0.0472118
172601	1.37133	1.35459	0.00129249	2.04896	2.02395	189.1	-4.4722	-4.44679	189.219	-2.42325	-2.42284	0.00255505	1.5114	1.44903	0.047122
172801	1.36194	1.35457	0.00129025	2.03494	2.02392	188.772	-4.45788	-4.44676	188.89	-2.42294	-2.42284	0.0025579	1.32679	1.44937	0.0471026
173001	1.30158	1.35453	0.00129241	1.94474	2.02385	189.088	-4.36753	-4.4467	189.206	-2.42278	-2.42284	0.00255182	1.65985	1.44937	0.0471402
173201	1.38848	1.35451	0.00129256	2.07458	2.02383	189.109	-4.49744	-4.44667	189.227	-2.42286	-2.42284	0.00254506	1.20896	1.44916	0.0471082
173401	1.33632	1.35452	0.00129328	1.99665	2.02385	189.215	-4.41958	-4.44669	189.332	-2.42293	-2.42284	0.00253904	1.65019	1.44917	0.0471511
173601	1.34345	1.35452	0.00129021	2.0073	2.02384	188.765	-4.43038	-4.44668	188.882	-2.42308	-2.42284	0.00253775	1.61981	1.44955	0.0470853
173801	1.31095	1.35456	0.00128892	1.95874	2.0239	188.577	-4.38169	-4.44674	188.695	-2.42296	-2.42284	0.00253732	1.92982	1.44993	0.047052
174001	1.33665	1.35453	0.00129002	1.99714	2.02385	188.738	-4.4201	-4.4467	188.855	-2.42296	-2.42284	0.00253251	1.49503	1.45053	0.0472694
174201	1.3287	1.35448	0.00128857	1.98527	2.02379	188.526	-4.40791	-4.44663	188.644	-2.42264	-2.42284	0.00252788	1.62262	1.45079	0.0472048
174401	1.33097	1.3545	0.00128833	1.98866	2.02382	188.491	-4.41121	-4.44666	188.607	-2.42255	-2.42284	0.00253575	1.80244	1.45086	0.0472118
174601	1.37703	1.35441	0.00129657	2.05747	2.02368	189.696	-4.4802	-4.44652	189.818	-2.42273	-2.42284	0.00253801	1.3848	1.45173	0.0476381
174801	1.33757	1.35452	0.00130095	1.99852	2.02384	190.337	-4.42132	-4.44668	190.458	-2.4228	-2.42284	0.00253208	1.38748	1.45093	0.0478921
175001	1.35714	1.35445	0.00130005	2.02776	2.02374	190.205	-4.45052	-4.44658	190.326	-2.42275	-2.42284	0.0025255	1.50877	1.45124	0.0478319
175201	1.26517	1.35439	0.00129998	1.89034	2.02364	190.195	-4.31285	-4.44648	190.318	-2.42251	-2.42284	0.0025269	1.88672	1.45157	0.0477844
175401	1.28079	1.35432	0.00130102	1.91368	2.02354	190.347	-4.33649	-4.44638	190.473	-2.42281	-2.42284	0.00253014	1.83552	1.45176	0.0477644
175601	1.32708	1.35427	0.00130052	1.98284	2.02347	190.274	-4.40534	-4.44631	190.401	-2.4225	-2.42284	0.00252897	1.52356	1.45203	0.0477076
175801	1.36001	1.35428	0.00129963	2.03204	2.02348	190.145	-4.45471	-4.44632	190.271	-2.42266	-2.42284	0.00253652	1.36597	1.45172	0.0476662
176001	1.34895	1.35421	0.00129896	2.01551	2.02339	190.046	-4.43834	-4.44623	190.173	-2.42283	-2.42284	0.0025316	1.58769	1.4522	0.0476735
176201	1.36538	1.35419	0.00129861	2.04008	2.02335	189.995	-4.46277	-4.44619	190.122	-2.42269	-2.42284	0.00252705	1.3997	1.45261	0.0477123
176401	1.37741	1.35411	0.00130018	2.05804	2.02323	190.225	-4.48099	-4.44607	190.353	-2.42294	-2.42284	0.00252234	1.41838	1.45299	0.0476907
176601	1.31215	1.35406	0.00130339	1.96053	2.02315	190.694	-4.38372	-4.44599	190.819	-2.42319	-2.42284	0.00253191	1.87032	1.45384	0.0479661
176801	1.33285	1.354	0.00130295	1.99147	2.02306	190.629	-4.41429	-4.4459	190.752	-2.42282	-2.42284	0.00253202	1.5155	1.4543	0.0479967
177001	1.34351	1.35396	0.00130114	2.00739	2.023	190.364	-4.43001	-4.44584	190.487	-2.42263	-2.42284	0.00252826	1.45084	1.45444	0.0479014
177201	1.34126	1.35388	0.00130468	2.00403	2.02289	190.884	-4.4268	-4.44572	191.01	-2.42277	-2.42284	0.00253363	1.40869	1.45455	0.0478871
177401	1.38007	1.35382	0.00130562	2.06202	2.0228	191.02	-4.48485	-4.44563	191.145	-2.42283	-2.42284	0.00252808	1.1411	1.45457	0.0478663
177601	1.39608	1.35383	0.001306	2.08594	2.02281	191.075	-4.50847	-4.44565	191.201	-2.42254	-2.42284	0.00253204	1.23445	1.45423	0.0479132
177801	1.29302	1.35385	0.00130724	1.93195	2.02285	191.257	-4.35452	-4.44568	191.382	-2.42257	-2.42284	0.002537	1.60686	1.45382	0.0479704
178001	1.37325	1.35383	0.00130576	2.05183	2.02282	191.04	-4.47431	-4.44565	191.166	-2.42248	-2.42284	0.00254218	1.40018	1.45373	0.0478977
178201	1.3133	1.35386	0.00130691	1.96225	2.02286	191.209	-4.38506	-4.44569	191.331	-2.4228	-2.42284	0.00254643	1.60126	1.45358	0.0478498
178401	1.36454	1.3538	0.00131082	2.03881	2.02276	191.782	-4.4617	-4.4456	191.904	-2.42289	-2.42284	0.00254009	1.52255	1.45402	0.0479199
178601	1.41401	1.35384	0.0013094	2.11273	2.02283	191.573	-4.53557	-4.44566	191.695	-2.42284	-2.42284	0.00253392	1.15649	1.45408	0.0478483
178801	1.34269	1.35392	0.00131033	2.00617	2.02295	191.709	-4.42905	-4.44578	191.832	-2.42287	-2.42284	0.00252765	1.57198	1.45382	0.0478236
179001	1.43144	1.35399	0.00131321	2.13877	2.02305	192.13	-4.56146	-4.44588	192.252	-2.42269	-2.42284	0.00252331	1.06364	1.45356	0.0478367
179201	1.37321	1.35409	0.00132015	2.05178	2.0232	193.146	-4.47458	-4.44604	193.265	-2.4228	-2.42284	0.00251805	1.23092	1.45293	0.0479966
179401	1.40819	1.35408	0.00132052	2.10403	2.02318	193.201	-4.52696	-4.44601	193.32	-2.42293	-2.42284	0.00251247	1.22777	1.45287	0.0479679
179601	1.34882	1.3541	0.00132025	2.01532	2.02321	193.16	-4.43829	-4.44605	193.28	-2.42297	-2.42284	0.00250702	1.51216	1.45282	0.0479154
179801	1.34911	1.35408	0.00131751	2.01576	2.02319	192.76	-4.43861	-4.44602	192.879	-2.42286	-2.42284	0.00250518	1.47347	1.45302	0.0478203
180001	1.40795	1.35407	0.00131901	2.10368	2.02316	192.979	-4.52663	-4.446	193.099	-2.42296	-2.42284	0.0024996	1.04302	1.45298	0.0478539
180201	1.36161	1.35413	0.00131822	2.03443	2.02326	192.864	-4.45708	-4.44609	192.983	-2.42265	-2.42284	0.0024953	1.48401	1.45248	0.0478751
180401	1.44348	1.35416	0.00131822	2.15676	2.02331	192.863	-4.57955	-4.44614	192.982	-2.42279	-2.42284	0.0024938	1.03084	1.45258	0.0478514
180601	1.324	1.35423	0.00132057	1.97824	2.0234	193.208	-4.40129	-4.44624	193.326	-2.42305	-2.42284	0.00249094	1.71061	1.4523	0.0478927
180801	1.40567	1.35419	0.00132014	2.10027	2.02334	193.145	-4.52328	-4.44618	193.262	-2.42302	-2.42284	0.00249128	1.33032	1.45294	0.0479921
181001	1.36084	1.35421	0.00131982	2.03329	2.02338	193.098	-4.45601	-4.44622	193.214	-2.42273	-2.42284	0.00248759	1.26686	1.4527	0.0479589
181201	1.33617	1.35426	0.00132055	1.99642	2.02346	193.205	-4.41892	-4.44629	193.318	-2.42249	-2.42284	0.0024937	1.43402	1.45206	0.0480724
181401	1.37311	1.35422	0.00131895	2.05163	2.0234	192.971	-4.4742	-4.44623	193.087	-2.42258	-2.42283	0.00250559	1.45036	1.45226	0.0479832
181601	1.32148	1.35408	0.00132677	1.97448	2.02318	194.114	-4.39707	-4.44602	194.239	-2.42259	-2.42283	0.00251248	1.60616	1.45308	0.0481929
181801	1.42757	1.35405	0.00132632	2.13299	2.02314	194.048	-4.55577	-4.44597	194.174	-2.42278	-2.42283	0.00251101	0.943963	1.45298	0.0481594
182001	1.35528	1.3541	0.00132707	2.02497	2.02322	194.159	-4.44786	-4.44606	194.284	-2.42289	-2.42283	0.00250509	1.49198	1.45255	0.0481921
182201	1.32803	1.35413	0.00132615	1.98426	2.02326	194.024	-4.4073	-4.4461	194.15	-2.42304	-2.42283	0.00250501	1.97906	1.45323	0.0483449
182401	1.3476	1.35407	0.00132547	2.0135	2.02317	193.925	-4.43645	-4.446	194.049	-2.42295	-2.42283	0.00250216	1.68415	1.45417	0.0486227
182601	1.40477	1.35408	0.00132327	2.09893	2.02318	193.603	-4.52186	-4.44602	193.727	-2.42293	-2.42283	0.00249648	1.16459	1.45423	0.0485477
182801	1.35377	1.35409	0.00132181	2.02272	2.02319	193.389	-4.4457	-4.44603	193.512	-2.42298	-2.42283	0.00249132	1.35568	1.45398	0.0484897
183001	1.38406	1.35407	0.00132005	2.06799	2.02318	193.131	-4.49095	-4.44601	193.254	-2.42297	-2.42283	0.00248937	1.32178	1.45385	0.0484208
183201	1.37862	1.35412	0.00132219	2.05986	2.02324	193.445	-4.48295	-4.44608	193.569	-2.4231	-2.42284	0.00248912	1.44155	1.45386	0.0484578
183401	1.41246	1.35409	0.00132131	2.11041	2.0232	193.317	-4.53344	-4.44604	193.439	-2.42302	-2.42284	0.0024923	1.19888	1.4541	0.0484108
183601	1.33345	1.35411	0.001321	1.99236	2.02324	193.271	-4.41533	-4.44607	193.394	-2.42297	-2.42284	0.00248893	1.44932	1.45395	0.0483728
183801	1.37075	1.35407	0.00131938	2.04809	2.02317	193.034	-4.47102	-4.446	193.156	-2.42293	-2.42284	0.0024845	1.24306	1.45384	0.0482796
184001	1.4027	1.35418	0.00132306	2.09583	2.02333	193.572	-4.5186	-4.44617	193.693	-2.42276	-2.42284	0.00247896	1.09154	1.45287	0.0486067
184201	1.32265	1.3542	0.00132294	1.97623	2.02337	193.554	-4.39911	-4.44621	193.675	-2.42288	-2.42284	0.00247357	1.79712	1.45286	0.0486452
184401	1.35295	1.35415	0.00132242	2.0215	2.0233	193.478	-4.44448	-4.44613	193.597	-2.42298	-2.42284	0.00246952	1.5687	1.45349	0.0487469
184601	1.32169	1.35414	0.00132025	1.97479	2.02328	193.161	-4.39774	-4.44611	193.279	-2.42294	-2.42284	0.00246456	1.71139	1.45375	0.0486872
184801	1.30513	1.35412	0.00132041	1.95005	2.02324	193.184	-4.37308	-4.44608	193.301	-2.42304	-2.42284	0.00247089	1.90604	1.45416	0.0487596
185001	1.38787	1.3541	0.00131862	2.07367	2.02322	192.922	-4.4965	-4.44606	193.039	-2.42282	-2.42284	0.00246682	1.32945	1.45442	0.0487243
185201	1.36516	1.35414	0.00131721	2.03974	2.02327	192.716	-4.46259	-4.44611	192.832	-2.42284	-2.42284	0.00246131	1.36074	1.45443	0.0486521
185401	1.42446	1.35421	0.00131737	2.12835	2.02338	192.739	-4.55108	-4.44622	192.855	-2.42273	-2.42284	0.00245595	1.05522	1.45382	0.0487147
185601	1.40588	1.35428	0.00131839	2.10058	2.02348	192.889	-4.52349	-4.44632	193.003	-2.42291	-2.42284	0.00245096	1.33021	1.45362	0.0486853
185801	1.39247	1.35433	0.00131994	2.08055	2.02356	193.116	-4.50348	-4.44639	193.232	-2.42293	-2.42284	0.00244766	1.35817	1.45371	0.0486996
186001	1.31031	1.35427	0.0013193	1.95778	2.02348	193.022	-4.3804	-4.44631	193.138	-2.42262	-2.42284	0.00244367	1.58893	1.45406	0.048672
186201	1.41244	1.3543	0.00131855	2.11038	2.02352	192.913	-4.53326	-4.44636	193.028	-2.42288	-2.42284	0.00244509	1.08424	1.45365	0.0486839
186401	1.33958	1.35433	0.00131885	2.00152	2.02356	192.955	-4.42476	-4.44639	193.071	-2.42325	-2.42284	0.002447	1.71	1.45376	0.0486814
186601	1.36914	1.35442	0.0013209	2.04569	2.02369	193.256	-4.46893	-4.44653	193.379	-2.42324	-2.42284	0.00247438	1.51465	1.45356	0.0486445
186801	1.33786	1.35436	0.00132146	1.99895	2.0236	193.338	-4.42185	-4.44644	193.459	-2.42291	-2.42284	0.00247691	1.62675	1.45408	0.0486973
187001	1.40667	1.35434	0.00132202	2.10177	2.02357	193.42	-4.52477	-4.44641	193.54	-2.423	-2.42284	0.00247285	1.19181	1.45427	0.0486867
187201	1.39587	1.35435	0.00132131	2.08562	2.02359	193.315	-4.5087	-4.44643	193.436	-2.42308	-2.42284	0.00247294	1.32876	1.45429	0.0486485
187401	1.40806	1.35441	0.0013209	2.10384	2.02367	193.257	-4.5266	-4.44651	193.377	-2.42276	-2.42284	0.00247127	1.05522	1.45396	0.0486388
187601	1.27086	1.3544	0.0013269	1.89884	2.02367	194.133	-4.32165	-4.44651	194.253	-2.4228	-2.42284	0.00246658	1.97826	1.45384	0.0488912
187801	1.33348	1.35431	0.00132846	1.99241	2.02354	194.362	-4.41516	-4.44638	194.482	-2.42275	-2.42284	0.00246172	1.598	1.45443	0.0489651
188001	1.39025	1.35437	0.00132776	2.07723	2.02361	194.259	-4.50006	-4.44645	194.378	-2.42283	-2.42284	0.00245702	1.04647	1.45386	0.0490706
188201	1.41321	1.35441	0.00132771	2.11154	2.02368	194.253	-4.53434	-4.44652	194.372	-2.4228	-2.42284	0.00245155	1.15448	1.45341	0.0491402
188401	1.35132	1.35443	0.00132675	2.01906	2.02371	194.111	-4.44193	-4.44655	194.23	-2.42288	-2.42284	0.00244629	1.60096	1.45351	0.0490918
188601	1.34946	1.35447	0.00132598	2.01629	2.02376	194	-4.4391	-4.4466	194.117	-2.42281	-2.42284	0.00244203	1.29333	1.45322	0.0491258
188801	1.29194	1.35452	0.00132662	1.93034	2.02384	194.093	-4.35333	-4.44668	194.209	-2.42299	-2.42284	0.00243708	1.84487	1.45275	0.0492295
189001	1.42622	1.35458	0.00132784	2.13098	2.02393	194.271	-4.554	-4.44677	194.39	-2.42302	-2.42284	0.00244078	1.12944	1.45268	0.0492001
189201	1.30928	1.35453	0.00132836	1.95625	2.02387	194.348	-4.37912	-4.44671	194.466	-2.42287	-2.42284	0.00243786	1.77566	1.45307	0.0492395
189401	1.4055	1.35457	0.00133027	2.10002	2.02391	194.627	-4.5226	-4.44675	194.743	-2.42258	-2.42284	0.00243544	1.20718	1.45297	0.0492741
189601	1.3832	1.35465	0.0013312	2.0667	2.02404	194.763	-4.48937	-4.44688	194.876	-2.42267	-2.42284	0.0024361	1.35803	1.45267	0.0492236
189801	1.37295	1.35472	0.00133117	2.05138	2.02415	194.758	-4.47411	-4.44699	194.869	-2.42274	-2.42284	0.00243373	1.26518	1.45222	0.049253
190001	1.36313	1.35462	0.00133431	2.03671	2.024	195.218	-4.45939	-4.44684	195.332	-2.42268	-2.42284	0.00243205	1.37369	1.45269	0.0493116
190201	1.32249	1.35463	0.00133221	1.97598	2.02401	194.911	-4.3986	-4.44685	195.024	-2.42262	-2.42284	0.00243206	1.55021	1.4526	0.0492281
190401	1.29645	1.35466	0.00133302	1.93708	2.02405	195.029	-4.35988	-4.44688	195.141	-2.42279	-2.42284	0.00242889	1.71361	1.45235	0.0492569
190601	1.33934	1.35462	0.00133339	2.00116	2.02399	195.083	-4.42403	-4.44682	195.195	-2.42287	-2.42284	0.0024237	1.52747	1.45255	0.0492263
190801	1.38107	1.35468	0.0013359	2.06351	2.02408	195.451	-4.48629	-4.44692	195.564	-2.42278	-2.42284	0.00241953	1.40722	1.45232	0.0492577
191001	1.3624	1.3547	0.00133571	2.03562	2.02411	195.423	-4.4584	-4.44695	195.536	-2.42278	-2.42284	0.00241619	1.47214	1.45236	0.049208
191201	1.36463	1.3547	0.00133501	2.03895	2.02411	195.32	-4.46167	-4.44695	195.432	-2.42272	-2.42284	0.00241145	1.47815	1.45247	0.049167
191401	1.35438	1.35468	0.00133288	2.02364	2.02409	195.008	-4.44649	-4.44693	195.121	-2.42286	-2.42284	0.00240923	1.39377	1.45248	0.0490708
191601	1.41917	1.35469	0.00133108	2.12044	2.02409	194.746	-4.5432	-4.44693	194.858	-2.42276	-2.42284	0.00240469	1.00564	1.45228	0.0490252
191801	1.36418	1.35471	0.0013316	2.03827	2.02413	194.821	-4.46117	-4.44697	194.933	-2.42289	-2.42284	0.00239965	1.40705	1.45226	0.0490634
192001	1.34627	1.35469	0.00132929	2.01152	2.0241	194.483	-4.43449	-4.44693	194.594	-2.42296	-2.42284	0.00239655	1.4183	1.45237	0.0489713
192201	1.32946	1.35472	0.00132888	1.98641	2.02414	194.424	-4.40918	-4.44698	194.535	-2.42278	-2.42284	0.00239232	1.45008	1.452	0.0489947
192401	1.34508	1.35467	0.00133167	2.00974	2.02407	194.832	-4.43246	-4.44691	194.944	-2.42272	-2.42284	0.00238753	1.5561	1.45207	0.0490779
192601	1.36897	1.35468	0.00132943	2.04543	2.02408	194.504	-4.46821	-4.44691	194.616	-2.42278	-2.42284	0.00238522	1.51341	1.45218	0.0490154
192801	1.37231	1.35465	0.00132886	2.05043	2.02404	194.42	-4.4735	-4.44688	194.531	-2.42307	-2.42284	0.0023836	1.3471	1.45234	0.0489514
193001	1.38738	1.3547	0.00132734	2.07294	2.0241	194.198	-4.49597	-4.44694	194.31	-2.42303	-2.42284	0.00238477	1.21197	1.45194	0.0489294
193201	1.4271	1.35477	0.00132747	2.13229	2.02422	194.217	-4.55516	-4.44705	194.33	-2.42288	-2.42284	0.00238288	1.01445	1.45145	0.0489437
193401	1.40431	1.35482	0.00132978	2.09824	2.0243	194.555	-4.5208	-4.44714	194.667	-2.42256	-2.42284	0.00238102	0.985336	1.45091	0.0490743
193601	1.3743	1.35487	0.00132862	2.0534	2.02437	194.385	-4.47598	-4.4472	194.495	-2.42259	-2.42284	0.00238833	1.24045	1.45033	0.0491498
193801	1.34334	1.35496	0.00133102	2.00714	2.02451	194.736	-4.42994	-4.44734	194.842	-2.42279	-2.42284	0.00238639	1.39523	1.44944	0.0494501
194001	1.33791	1.35494	0.00132933	1.99903	2.02447	194.489	-4.42191	-4.4473	194.595	-2.42288	-2.42284	0.0023814	1.38883	1.44934	0.0493655
194201	1.36116	1.35497	0.001328	2.03376	2.02452	194.294	-4.45653	-4.44735	194.399	-2.42277	-2.42284	0.0023768	1.23169	1.44873	0.0494725
194401	1.41241	1.35498	0.00132685	2.11034	2.02453	194.126	-4.53334	-4.44736	194.232	-2.423	-2.42284	0.00237264	1.07702	1.44847	0.0494255
194601	1.34649	1.35505	0.00132812	2.01184	2.02464	194.312	-4.43504	-4.44748	194.421	-2.42319	-2.42284	0.00237936	1.42843	1.44797	0.0494668
194801	1.3404	1.35509	0.001329	2.00274	2.0247	194.442	-4.42552	-4.44754	194.551	-2.42278	-2.42284	0.00237992	1.42396	1.44746	0.0495913
195001	1.39615	1.35509	0.00132706	2.08604	2.0247	194.157	-4.50867	-4.44753	194.265	-2.42263	-2.42284	0.00238075	1.17759	1.44726	0.0495357
195201	1.34909	1.35508	0.00132508	2.01573	2.02467	193.868	-4.43835	-4.44751	193.977	-2.42262	-2.42284	0.00238247	1.34374	1.44714	0.0494489
195401	1.35417	1.35505	0.00132519	2.02331	2.02464	193.884	-4.44609	-4.44748	193.993	-2.42278	-2.42284	0.00237997	1.3923	1.44726	0.0494387
195601	1.33576	1.35508	0.00132386	1.99582	2.02468	193.688	-4.41858	-4.44752	193.798	-2.42277	-2.42284	0.00237518	1.54085	1.44681	0.0494758
195801	1.35487	1.35507	0.00132175	2.02437	2.02467	193.381	-4.44706	-4.44751	193.49	-2.42269	-2.42284	0.00237335	1.36381	1.44674	0.0494188
196001	1.35512	1.35506	0.00132073	2.02474	2.02464	193.232	-4.44746	-4.44748	193.341	-2.42273	-2.42284	0.0023699	1.40248	1.44662	0.04937
196201	1.32378	1.35499	0.00132128	1.97791	2.02455	193.311	-4.40068	-4.44738	193.422	-2.42277	-2.42284	0.00236736	1.64844	1.44707	0.0494029
196401	1.40289	1.35502	0.00131961	2.09612	2.02459	193.067	-4.51907	-4.44743	193.178	-2.42295	-2.42284	0.00236349	1.21417	1.44691	0.0493317
196601	1.3777	1.35504	0.00131888	2.05848	2.02462	192.96	-4.48153	-4.44746	193.072	-2.42304	-2.42284	0.00236043	1.37736	1.44698	0.049299
196801	1.33918	1.35505	0.00131756	2.00093	2.02463	192.767	-4.424	-4.44747	192.878	-2.42307	-2.42284	0.00236574	1.69385	1.44707	0.0492353
197001	1.38569	1.35498	0.0013214	2.07041	2.02454	193.329	-4.4933	-4.44737	193.438	-2.42289	-2.42284	0.0023645	1.51704	1.4477	0.0494296
197201	1.36481	1.35502	0.00132029	2.03922	2.02458	193.167	-4.46198	-4.44742	193.276	-2.42276	-2.42284	0.00236007	1.42944	1.44767	0.0493367
197401	1.35535	1.35501	0.00131922	2.02509	2.02458	193.01	-4.44785	-4.44742	193.118	-2.42276	-2.42284	0.00235553	1.52563	1.44791	0.0493094
197601	1.3715	1.35499	0.00131712	2.04922	2.02455	192.702	-4.47187	-4.44739	192.811	-2.42265	-2.42284	0.00235356	1.3105	1.44804	0.049229
197801	1.36848	1.35496	0.00131605	2.04471	2.0245	192.546	-4.46741	-4.44734	192.655	-2.4227	-2.42284	0.00235213	1.47226	1.44819	0.0491784
198001	1.39494	1.35493	0.00131495	2.08424	2.02446	192.385	-4.50684	-4.4473	192.495	-2.42261	-2.42284	0.00235265	1.19337	1.44834	0.049123
198201	1.35177	1.35495	0.00131559	2.01974	2.02448	192.479	-4.44238	-4.44732	192.588	-2.42264	-2.42284	0.00235201	1.39655	1.44814	0.0491224
198401	1.30763	1.35491	0.00131754	1.95379	2.02442	192.765	-4.37646	-4.44726	192.876	-2.42267	-2.42284	0.00235273	1.80742	1.44834	0.0491672
198601	1.34761	1.35484	0.00131833	2.01353	2.02433	192.879	-4.43653	-4.44716	192.991	-2.423	-2.42284	0.0023496	1.59319	1.4489	0.0492648
198801	1.38815	1.35486	0.00131637	2.07409	2.02435	192.594	-4.49728	-4.44719	192.706	-2.42319	-2.42284	0.00235828	1.39985	1.44903	0.0491845
199001	1.34391	1.35487	0.00131449	2.00798	2.02436	192.318	-4.43107	-4.4472	192.431	-2.42309	-2.42284	0.00236327	1.71173	1.44934	0.0491485
199201	1.40398	1.3549	0.00131402	2.09774	2.02441	192.249	-4.52081	-4.44725	192.363	-2.42307	-2.42284	0.00236885	1.18182	1.44936	0.0491402
199401	1.32034	1.35484	0.00131376	1.97277	2.02433	192.212	-4.39573	-4.44716	192.325	-2.42296	-2.42284	0.00236681	1.74455	1.44975	0.0491501
199601	1.33108	1.35482	0.00131374	1.98882	2.0243	192.208	-4.41169	-4.44713	192.321	-2.42287	-2.42284	0.00236261	1.76759	1.45025	0.0492256
199801	1.32884	1.35479	0.00131394	1.98547	2.02425	192.237	-4.40807	-4.44709	192.35	-2.4226	-2.42284	0.00235996	1.70375	1.45076	0.0493259
