timestep            	T              	T_{ave}             	T_{var}           	K/N            	K_{ave}/N           	K_{var}           	U/N            	U_{ave}/N           	U_{var}           	E/N            	E_{ave}/N           	E_{var}           	P              	P_{ave}             	P_{var}
100001	1.01418	1.01418	0	1.51532	1.51532	0	-4.6851	-4.6851	0	-3.16978	-3.16978	0	0.272532	0.272532	0
100201	0.96152	0.989622	0.000363268	1.43665	1.47863	53.1484	-4.60641	-4.64838	53.1615	-3.16976	-3.16975	1.01208e-05	0.531194	0.413854	0.00984488
100401	0.95467	0.999139	0.000553584	1.42641	1.49285	80.9928	-4.59641	-4.66269	81.2424	-3.17	-3.16984	0.000716034	0.529139	0.339048	0.0194958
100601	0.994089	0.993223	0.000577708	1.48531	1.48402	84.5222	-4.65515	-4.65388	84.6348	-3.16984	-3.16986	0.000600237	0.214721	0.351453	0.0166583
100801	1.01568	0.991436	0.00067731	1.51756	1.48134	99.0947	-4.68756	-4.65121	99.1273	-3.17	-3.16987	0.000505413	0.138208	0.333505	0.0226504
101001	1.00405	0.99428	0.000688059	1.50019	1.48559	100.667	-4.67002	-4.65547	100.714	-3.16983	-3.16988	0.000455779	0.216897	0.309052	0.0235286
101201	0.99024	0.993906	0.000704543	1.47956	1.48504	103.079	-4.64948	-4.65491	103.106	-3.16993	-3.16988	0.000387286	0.451963	0.317057	0.0256524
101401	0.976749	0.993989	0.000694664	1.4594	1.48516	101.634	-4.62913	-4.65503	101.697	-3.16973	-3.16987	0.000415492	0.484179	0.334131	0.0257629
101601	1.00063	0.991457	0.000695406	1.49508	1.48138	101.742	-4.6647	-4.65122	101.865	-3.16963	-3.16985	0.000574351	0.294147	0.349019	0.0253699
101801	0.984715	0.993332	0.000725138	1.4713	1.48418	106.092	-4.64083	-4.65399	106.116	-3.16953	-3.16981	0.0010608	0.470815	0.343291	0.0253153
102001	0.990014	0.994711	0.000696593	1.47922	1.48624	101.916	-4.64892	-4.65603	101.89	-3.1697	-3.16979	0.00120925	0.284974	0.337451	0.0243319
102201	1.0269	0.997311	0.000732763	1.53434	1.49012	107.208	-4.70447	-4.65993	107.243	-3.17014	-3.1698	0.00126345	0.194698	0.318742	0.0264057
102401	1.00146	0.996448	0.000748328	1.49632	1.48883	109.485	-4.66685	-4.65868	109.396	-3.17053	-3.16985	0.00284402	0.560265	0.34359	0.0349971
102601	0.941935	0.99569	0.000813496	1.40738	1.4877	119.019	-4.57786	-4.6576	118.876	-3.17047	-3.1699	0.00460332	0.637987	0.358628	0.0366107
102801	0.97611	0.995276	0.000797652	1.45845	1.48708	116.702	-4.62874	-4.65701	116.528	-3.1703	-3.16993	0.00514533	0.366455	0.356434	0.035286
103001	0.957307	0.994975	0.00076282	1.43035	1.48663	111.605	-4.60039	-4.65658	111.437	-3.17004	-3.16995	0.00511393	0.566612	0.35413	0.0337787
103201	0.986569	0.994551	0.000851319	1.47407	1.486	124.553	-4.64402	-4.65595	124.387	-3.16994	-3.16995	0.00481298	0.473917	0.356322	0.035118
103401	0.985014	0.992899	0.000932402	1.47175	1.48353	136.416	-4.64178	-4.65348	136.274	-3.17003	-3.16995	0.00453698	0.389201	0.365132	0.037482
103601	0.989076	0.992284	0.000910983	1.47782	1.48261	133.282	-4.6477	-4.65257	133.147	-3.16988	-3.16995	0.0042946	0.48658	0.371326	0.0366223
103801	0.943264	0.991082	0.000927281	1.40937	1.48082	135.667	-4.57907	-4.65076	135.598	-3.1697	-3.16994	0.00423337	0.448765	0.376222	0.03564
104001	0.959156	0.989722	0.000933882	1.43311	1.47878	136.633	-4.60297	-4.64872	136.603	-3.16986	-3.16993	0.00411518	0.440376	0.373734	0.0346935
104201	1.01488	0.990175	0.000930692	1.51638	1.47946	136.166	-4.686	-4.64939	136.109	-3.16963	-3.16993	0.00403958	0.155487	0.368018	0.0349438
104401	0.991516	0.990328	0.000892679	1.48146	1.47969	130.604	-4.65111	-4.6496	130.541	-3.16964	-3.16991	0.00412782	0.410187	0.369194	0.0338622
104601	1.02546	0.990413	0.000863114	1.53218	1.47982	126.279	-4.70193	-4.64972	126.217	-3.16975	-3.1699	0.00405991	0.0702383	0.366125	0.0330116
104801	0.990468	0.990354	0.00085791	1.4799	1.47973	125.518	-4.64954	-4.64962	125.466	-3.16964	-3.1699	0.00398427	0.316367	0.361302	0.0328761
105001	0.968913	0.990282	0.000834405	1.44769	1.47962	122.079	-4.61754	-4.64951	122.035	-3.16985	-3.16989	0.00392963	0.432059	0.360854	0.031885
105201	1.03623	0.991104	0.000832069	1.54828	1.48085	121.737	-4.71828	-4.65074	121.706	-3.17	-3.16989	0.00379773	0.142438	0.356892	0.0313457
105401	1.01132	0.991894	0.000821301	1.51105	1.48203	120.162	-4.68101	-4.65192	120.141	-3.16996	-3.16989	0.00366413	0.403534	0.354781	0.0306293
105601	0.996593	0.991879	0.00080796	1.48905	1.48201	118.21	-4.65928	-4.65191	118.194	-3.17023	-3.1699	0.0036466	0.381001	0.358339	0.0303961
105801	1.01957	0.992561	0.000808736	1.52338	1.48303	118.323	-4.69389	-4.65294	118.36	-3.17051	-3.16992	0.00392734	0.468756	0.359204	0.0301694
106001	0.991796	0.992921	0.00080821	1.48188	1.48356	118.246	-4.65242	-4.6535	118.329	-3.17054	-3.16994	0.00478954	0.604785	0.365797	0.0310315
106201	1.02133	0.993405	0.000801447	1.526	1.48429	117.257	-4.69614	-4.65424	117.363	-3.17013	-3.16995	0.00504378	0.471786	0.370805	0.031088
106401	1.0489	0.993965	0.000808098	1.5672	1.48512	118.23	-4.73728	-4.65508	118.346	-3.17008	-3.16996	0.00491197	0.207583	0.373097	0.0312683
106601	1.0118	0.994556	0.000804172	1.51176	1.48601	117.655	-4.68201	-4.65597	117.791	-3.17024	-3.16996	0.00485814	0.30498	0.373046	0.0306098
106801	1.00545	0.99507	0.000805705	1.50228	1.48677	117.88	-4.67218	-4.65674	118.031	-3.1699	-3.16996	0.00475629	0.270588	0.370521	0.0302404
107001	1.00287	0.995417	0.000798983	1.49843	1.48729	116.896	-4.66827	-4.65726	117.04	-3.16984	-3.16996	0.00463038	0.251115	0.368553	0.0297907
107201	1.03341	0.995866	0.000792914	1.54406	1.48796	116.008	-4.71393	-4.65792	116.132	-3.16987	-3.16996	0.00456846	0.116188	0.364213	0.0298285
107401	1.01555	0.996274	0.000778707	1.51737	1.48857	113.93	-4.68706	-4.65853	114.038	-3.16969	-3.16995	0.00450065	0.223484	0.359278	0.0299429
107601	0.979953	0.99626	0.000761202	1.46419	1.48855	111.369	-4.63396	-4.6585	111.475	-3.16977	-3.16995	0.00447846	0.469981	0.359562	0.0292563
107801	1.00421	0.995864	0.000755791	1.50043	1.48796	110.577	-4.67017	-4.6579	110.696	-3.16974	-3.16994	0.00444327	0.259164	0.361479	0.0289107
108001	1.00666	0.995821	0.00074737	1.5041	1.4879	109.345	-4.67406	-4.65784	109.459	-3.16996	-3.16994	0.0043509	0.397857	0.362506	0.0287521
108201	0.99512	0.995815	0.00073726	1.48685	1.48789	107.866	-4.65709	-4.65783	107.97	-3.17024	-3.16994	0.00430742	0.442795	0.364895	0.0285178
108401	1.02116	0.996003	0.00073031	1.52576	1.48817	106.849	-4.69572	-4.65812	106.959	-3.16996	-3.16995	0.00426066	0.22527	0.364193	0.0280999
108601	0.977907	0.996337	0.000726826	1.46113	1.48867	106.339	-4.63071	-4.65861	106.424	-3.16958	-3.16994	0.00428261	0.417929	0.360092	0.0283736
108801	1.05881	0.996466	0.000758995	1.58201	1.48886	111.046	-4.75167	-4.6588	111.125	-3.16967	-3.16994	0.00428778	0.0411396	0.35964	0.0291153
109001	1.05462	0.996229	0.000786191	1.57575	1.48851	115.025	-4.74557	-4.65844	115.12	-3.16982	-3.16993	0.00428486	-0.0472491	0.359625	0.029919
109201	0.974259	0.996527	0.000786077	1.45568	1.48895	115.008	-4.62564	-4.65888	115.097	-3.16996	-3.16993	0.00419537	0.464877	0.356113	0.0302201
109401	0.998135	0.996187	0.000777887	1.49135	1.48844	113.81	-4.66131	-4.65837	113.893	-3.16996	-3.16993	0.00411212	0.293603	0.358515	0.0299061
109601	0.981614	0.996708	0.000784132	1.46667	1.48922	114.723	-4.63653	-4.65915	114.805	-3.16986	-3.16993	0.00402793	0.251216	0.352537	0.0311734
109801	0.957243	0.996953	0.000784872	1.43026	1.48959	114.832	-4.59998	-4.65952	114.905	-3.16972	-3.16993	0.00397288	0.44905	0.349297	0.0313396
110001	0.987514	0.99735	0.000811418	1.47549	1.49018	118.716	-4.64543	-4.66011	118.782	-3.16994	-3.16993	0.00390664	0.337381	0.345217	0.0325926
110201	1.04356	0.997346	0.000814523	1.55922	1.49017	119.17	-4.7293	-4.6601	119.24	-3.17008	-3.16993	0.00384779	0.0229386	0.343925	0.0325583
110401	1.0252	0.997577	0.000804295	1.53179	1.49052	117.673	-4.7017	-4.66045	117.746	-3.16991	-3.16993	0.0037809	0.0775922	0.340753	0.0325164
110601	0.992915	0.997823	0.000793581	1.48355	1.49089	116.106	-4.65344	-4.66082	116.175	-3.16988	-3.16993	0.00371161	0.38324	0.337789	0.0324975
110801	1.04105	0.998252	0.000794832	1.55547	1.49153	116.289	-4.72537	-4.66146	116.355	-3.1699	-3.16993	0.00364477	0.140118	0.336823	0.0321056
111001	0.931972	0.99834	0.000796557	1.3925	1.49166	116.541	-4.56268	-4.66159	116.601	-3.17019	-3.16993	0.00359577	0.628835	0.336163	0.0318747
111201	0.977886	0.998039	0.00079463	1.4611	1.49121	116.259	-4.63144	-4.66115	116.298	-3.17034	-3.16994	0.00370856	0.603431	0.339239	0.0319782
111401	1.00653	0.998431	0.00079456	1.5039	1.4918	116.249	-4.67413	-4.66174	116.316	-3.17023	-3.16994	0.00379264	0.299119	0.338594	0.0316001
111601	0.976333	0.998845	0.000821585	1.45878	1.49242	120.203	-4.6289	-4.66236	120.288	-3.17012	-3.16995	0.00377343	0.557485	0.337755	0.0320364
111801	1.04107	0.999013	0.000822454	1.55551	1.49267	120.33	-4.72558	-4.66261	120.42	-3.17007	-3.16995	0.00374139	0.00941408	0.336841	0.031878
112001	1.0515	0.999463	0.000832948	1.57109	1.49334	121.866	-4.74088	-4.66329	121.954	-3.16979	-3.16995	0.0036859	0.0930981	0.333526	0.0324129
112201	0.997008	0.999613	0.000824329	1.48967	1.49356	120.604	-4.65932	-4.66351	120.686	-3.16965	-3.16994	0.00368666	0.199431	0.330774	0.0324479
112401	1.0148	0.999663	0.000812585	1.51625	1.49364	118.886	-4.68594	-4.66358	118.964	-3.16969	-3.16994	0.00370555	0.119591	0.329258	0.0320955
112601	0.977699	0.999994	0.000826676	1.46082	1.49413	120.948	-4.63071	-4.66407	121.009	-3.16989	-3.16994	0.00367658	0.474002	0.326451	0.0328729
112801	1.01281	1.00021	0.000825893	1.51328	1.49445	120.833	-4.68315	-4.66439	120.891	-3.16987	-3.16994	0.00362281	0.352748	0.32586	0.0326004
113001	0.960628	1.00012	0.00081622	1.43531	1.49432	119.418	-4.60522	-4.66426	119.477	-3.1699	-3.16993	0.00357625	0.514536	0.327095	0.0322921
113201	0.950554	0.99959	0.00082886	1.42026	1.49353	121.267	-4.59016	-4.66346	121.323	-3.1699	-3.16994	0.003525	0.377977	0.328188	0.0322266
113401	1.00471	0.999785	0.000834394	1.50118	1.49382	122.077	-4.67105	-4.66375	122.128	-3.16987	-3.16993	0.00347574	0.365263	0.326591	0.03244
113601	1.0213	0.999903	0.000826747	1.52596	1.494	120.958	-4.69566	-4.66393	121.006	-3.1697	-3.16993	0.00345471	0.197476	0.326652	0.0320484
113801	1.01639	0.999888	0.000818413	1.51863	1.49397	119.739	-4.6884	-4.6639	119.787	-3.16977	-3.16993	0.00346343	0.149843	0.326044	0.0316924
114001	0.997479	1.00011	0.00081219	1.49037	1.49431	118.828	-4.66032	-4.66424	118.872	-3.16995	-3.16993	0.00342211	0.421374	0.324189	0.0316818
114201	1.00321	1.00027	0.000806855	1.49893	1.49454	118.048	-4.66892	-4.66447	118.092	-3.16999	-3.16993	0.0033749	0.294558	0.324243	0.0314152
114401	1.01024	1.00035	0.000798312	1.50944	1.49466	116.798	-4.67948	-4.66459	116.843	-3.17004	-3.16993	0.0033384	0.275421	0.323755	0.0310357
114601	1.00761	1.00043	0.000798438	1.50552	1.49478	116.816	-4.67544	-4.66471	116.86	-3.16992	-3.16993	0.00329715	0.33313	0.323146	0.0309153
114801	0.968018	1.00038	0.000797035	1.44636	1.49471	116.611	-4.61617	-4.66464	116.654	-3.16982	-3.16993	0.00326323	0.413169	0.324064	0.0310155
115001	0.984786	1.00018	0.000793695	1.47141	1.4944	116.123	-4.64134	-4.66433	116.166	-3.16993	-3.16993	0.00322278	0.411646	0.325303	0.0307864
115201	1.00752	1.00024	0.000789727	1.50538	1.4945	115.542	-4.67519	-4.66442	115.585	-3.16981	-3.16993	0.00319169	0.165023	0.3242	0.0307088
115401	1.06009	1.0002	0.000787755	1.58392	1.49443	115.254	-4.7537	-4.66436	115.298	-3.16978	-3.16993	0.00317416	-0.020387	0.323315	0.0305351
115601	0.968771	1.00032	0.000784998	1.44748	1.49462	114.85	-4.61731	-4.66455	114.889	-3.16983	-3.16992	0.00315614	0.570873	0.322648	0.0304159
115801	1.02032	1.00044	0.000787893	1.5245	1.4948	115.274	-4.69451	-4.66472	115.314	-3.17	-3.16992	0.00312593	0.264096	0.323252	0.0304864
116001	0.983232	1.00036	0.000785823	1.46909	1.49468	114.971	-4.6389	-4.6646	115.015	-3.16981	-3.16992	0.00309283	0.481257	0.325053	0.0305606
116201	1.01148	1.00016	0.000784858	1.5113	1.49439	114.83	-4.68092	-4.66431	114.88	-3.16962	-3.16992	0.00308499	0.329345	0.326402	0.0304627
116401	0.946557	1.0002	0.000780832	1.41429	1.49443	114.241	-4.58401	-4.66435	114.287	-3.16972	-3.16992	0.00312617	0.734017	0.327991	0.0304185
116601	1.03385	1.00002	0.000778975	1.54472	1.49417	113.969	-4.71453	-4.66409	114.018	-3.16981	-3.16992	0.00309428	0.10428	0.329005	0.0304259
116801	1.02037	1.00054	0.000797956	1.52458	1.49494	116.746	-4.69435	-4.66485	116.778	-3.16977	-3.16991	0.00307992	0.225672	0.326158	0.0308663
117001	0.981322	1.00047	0.000794828	1.46623	1.49484	116.288	-4.63588	-4.66475	116.325	-3.16965	-3.16991	0.00308956	0.324422	0.326657	0.0307231
117201	1.00696	1.00046	0.000790682	1.50454	1.49483	115.682	-4.67418	-4.66474	115.718	-3.16964	-3.16991	0.00310196	0.143594	0.324902	0.0307836
117401	1.02568	1.00059	0.000785595	1.5325	1.49502	114.938	-4.70211	-4.66492	114.966	-3.16961	-3.1699	0.0031349	0.182055	0.323216	0.0308105
117601	1.01884	1.00068	0.000782387	1.52229	1.49516	114.468	-4.69203	-4.66506	114.494	-3.16974	-3.1699	0.003132	0.194066	0.322545	0.0306206
117801	1.00036	1.00069	0.00077893	1.49469	1.49517	113.962	-4.6644	-4.66507	113.987	-3.16971	-3.1699	0.00312184	0.332915	0.32227	0.0304112
118001	0.971533	1.00056	0.000776196	1.45161	1.49497	113.562	-4.6215	-4.66487	113.588	-3.16989	-3.1699	0.00309457	0.375808	0.323295	0.0302216
118201	0.975213	1.00037	0.000771776	1.45711	1.49469	112.916	-4.62717	-4.66459	112.938	-3.17007	-3.1699	0.00306667	0.382066	0.323291	0.0299248
118401	0.993082	1.0006	0.000777758	1.4838	1.49504	113.791	-4.65372	-4.66494	113.818	-3.16992	-3.1699	0.00304708	0.484063	0.32187	0.030054
118601	0.974881	1.00053	0.000780452	1.45661	1.49494	114.185	-4.62654	-4.66484	114.212	-3.16993	-3.1699	0.00301609	0.543931	0.323996	0.0304139
118801	0.956472	1.00036	0.000787736	1.4291	1.49468	115.251	-4.59918	-4.66459	115.272	-3.17008	-3.1699	0.00299841	0.666646	0.325303	0.0307091
119001	1.0354	1.0003	0.000785011	1.54704	1.49459	114.852	-4.71711	-4.6645	114.871	-3.17007	-3.1699	0.00299592	0.270572	0.326852	0.0307487
119201	1.02637	1.00029	0.000779707	1.53355	1.49457	114.076	-4.7034	-4.66447	114.096	-3.16985	-3.1699	0.00297045	0.280337	0.328104	0.0306528
119401	0.994074	1.00001	0.000787739	1.48529	1.49416	115.251	-4.65511	-4.66406	115.274	-3.16982	-3.1699	0.00294212	0.332878	0.329492	0.030677
119601	0.98994	0.999805	0.000787978	1.47911	1.49385	115.286	-4.64908	-4.66375	115.31	-3.16997	-3.1699	0.00291373	0.242334	0.329164	0.0305208
119801	0.968907	0.999841	0.000784612	1.44768	1.4939	114.794	-4.61768	-4.66381	114.818	-3.17	-3.16991	0.00289473	0.445373	0.328874	0.0303008
120001	0.978117	0.999656	0.000785534	1.46144	1.49363	114.929	-4.63147	-4.66353	114.949	-3.17003	-3.16991	0.00287464	0.355828	0.329083	0.0301442
120201	0.989866	0.999514	0.000783068	1.479	1.49341	114.568	-4.64899	-4.66332	114.586	-3.17	-3.16991	0.00284905	0.323107	0.329232	0.0299122
120401	0.98793	0.999591	0.000776853	1.47611	1.49353	113.658	-4.64601	-4.66344	113.678	-3.1699	-3.16991	0.00283106	0.418638	0.328072	0.0298053
120601	1.03487	0.999609	0.000773723	1.54624	1.49356	113.2	-4.71612	-4.66346	113.22	-3.16988	-3.16991	0.00280439	0.0174092	0.327434	0.0298302
120801	1.02211	1.0001	0.000794401	1.52718	1.49429	116.226	-4.69742	-4.6642	116.255	-3.17024	-3.16991	0.00279419	0.256356	0.324461	0.0305817
121001	1.01696	1.00021	0.000789846	1.51947	1.49446	115.559	-4.6901	-4.66437	115.601	-3.17062	-3.16991	0.00298092	0.514468	0.326158	0.0306771
121201	1.01451	1.00033	0.000790119	1.51582	1.49463	115.599	-4.68613	-4.66455	115.657	-3.17031	-3.16992	0.00320023	0.40665	0.327698	0.0307547
121401	1.03541	1.00056	0.000789957	1.54704	1.49498	115.576	-4.71693	-4.6649	115.638	-3.16988	-3.16992	0.00318847	0.151875	0.326782	0.0306024
121601	1.01785	1.00049	0.000790956	1.52081	1.49488	115.722	-4.6909	-4.6648	115.785	-3.17009	-3.16992	0.00316474	0.472401	0.328385	0.0307495
121801	0.990746	1.00047	0.000785073	1.48031	1.49485	114.861	-4.65042	-4.66477	114.924	-3.17011	-3.16992	0.00314948	0.565231	0.330808	0.0311483
122001	1.00806	1.00053	0.000779416	1.50619	1.49493	114.033	-4.67612	-4.66485	114.096	-3.16993	-3.16992	0.00313614	0.327368	0.331114	0.0309568
122201	1.00254	1.00057	0.000779497	1.49793	1.49499	114.045	-4.66774	-4.66492	114.109	-3.16981	-3.16992	0.00310964	0.308403	0.331318	0.0308356
122401	1.03843	1.00068	0.000776954	1.55156	1.49515	113.673	-4.72134	-4.66507	113.733	-3.16977	-3.16992	0.00310425	0.178954	0.330544	0.0306848
122601	1.03699	1.00085	0.000776851	1.54941	1.4954	113.658	-4.71941	-4.66533	113.717	-3.17	-3.16992	0.00308033	0.165193	0.330315	0.0305692
122801	1.00442	1.00085	0.000772083	1.50075	1.49541	112.961	-4.67098	-4.66534	113.02	-3.17023	-3.16992	0.00307209	0.314059	0.330163	0.0303489
123001	1.03721	1.00081	0.000770512	1.54974	1.49535	112.731	-4.71977	-4.66528	112.785	-3.17003	-3.16993	0.00307063	0.0582972	0.330024	0.0303095
123201	1.00181	1.00087	0.000765051	1.49685	1.49544	111.932	-4.66674	-4.66537	111.987	-3.16989	-3.16993	0.0030452	0.261058	0.329173	0.0301522
123401	1.01231	1.00102	0.000764434	1.51253	1.49567	111.842	-4.68254	-4.66559	111.898	-3.17001	-3.16993	0.00302128	0.343842	0.328167	0.0300689
123601	1.0438	1.00121	0.000771755	1.55958	1.49594	112.913	-4.72969	-4.66587	112.974	-3.17011	-3.16993	0.00300446	0.159228	0.328011	0.030122
123801	0.965043	1.00149	0.000779922	1.44191	1.49636	114.108	-4.6119	-4.66629	114.178	-3.16999	-3.16993	0.00299361	0.414335	0.325857	0.0305748
124001	1.02473	1.00162	0.000784743	1.53109	1.49655	114.813	-4.70087	-4.66648	114.881	-3.16978	-3.16993	0.00297081	-0.0422952	0.32345	0.0314353
124201	1.04992	1.00174	0.000784624	1.56873	1.49674	114.795	-4.7386	-4.66666	114.86	-3.16988	-3.16993	0.0029571	-0.0144267	0.321599	0.0317354
124401	0.95213	1.00163	0.000786418	1.42262	1.49658	115.058	-4.59248	-4.66651	115.122	-3.16987	-3.16993	0.00293327	0.579391	0.322133	0.0317713
124601	0.993801	1.00138	0.000789058	1.48488	1.4962	115.444	-4.65471	-4.66613	115.511	-3.16984	-3.16993	0.00291196	0.356188	0.323419	0.0317437
124801	0.986043	1.00135	0.000784974	1.47329	1.49616	114.847	-4.64314	-4.66609	114.914	-3.16985	-3.16993	0.00289269	0.253463	0.322776	0.0316428
125001	0.970687	1.00137	0.000780537	1.45034	1.49619	114.197	-4.62013	-4.66611	114.264	-3.16979	-3.16993	0.00287332	0.398727	0.321704	0.031628
125201	1.02974	1.00142	0.000777868	1.53857	1.49626	113.807	-4.70844	-4.66619	113.873	-3.16987	-3.16992	0.00285749	0.121196	0.320694	0.031573
125401	0.980279	1.0014	0.000775207	1.46467	1.49623	113.418	-4.63479	-4.66615	113.483	-3.17012	-3.16992	0.0028413	0.477378	0.320848	0.0314206
125601	0.990462	1.00136	0.000772476	1.47989	1.49617	113.018	-4.64982	-4.66609	113.08	-3.16993	-3.16993	0.00282518	0.190605	0.320294	0.0314527
125801	1.03008	1.00116	0.00077646	1.53908	1.49587	113.601	-4.70867	-4.6658	113.665	-3.16958	-3.16992	0.00281979	-0.0607425	0.319896	0.0313847
126001	0.988781	1.00112	0.000777631	1.47738	1.49581	113.772	-4.64707	-4.66573	113.836	-3.16969	-3.16992	0.002842	0.153575	0.318153	0.0317113
126201	0.993445	1.00118	0.000773805	1.48435	1.49591	113.212	-4.65393	-4.66583	113.272	-3.16958	-3.16992	0.00286642	0.203935	0.316324	0.0319361
126401	0.978263	1.00121	0.000770434	1.46166	1.49595	112.719	-4.63137	-4.66587	112.776	-3.16971	-3.16992	0.00289341	0.388464	0.315274	0.031946
126601	0.979163	1.00113	0.000766729	1.46301	1.49582	112.177	-4.6331	-4.66574	112.233	-3.1701	-3.16992	0.00287828	0.452625	0.315825	0.0317881
126801	1.005	1.00113	0.000762344	1.50161	1.49583	111.536	-4.67158	-4.66575	111.591	-3.16998	-3.16992	0.00286518	0.314976	0.315644	0.0315985
127001	0.912373	1.00089	0.000771228	1.36321	1.49546	112.836	-4.53298	-4.66538	112.895	-3.16976	-3.16992	0.00284795	0.726335	0.31667	0.0316321
127201	0.984288	1.00069	0.000775061	1.47066	1.49517	113.396	-4.64068	-4.66509	113.46	-3.17001	-3.16992	0.00283459	0.401146	0.317591	0.0316104
127401	1.01434	1.00065	0.000775394	1.51556	1.49511	113.445	-4.6857	-4.66503	113.507	-3.17014	-3.16992	0.00283053	0.319992	0.31811	0.0315466
127601	0.984782	1.00073	0.000773964	1.4714	1.49523	113.236	-4.64138	-4.66515	113.299	-3.16998	-3.16992	0.00282161	0.266208	0.317435	0.031565
127801	0.945535	1.00073	0.00077203	1.41276	1.49524	112.953	-4.58264	-4.66516	113.016	-3.16988	-3.16992	0.00280265	0.546187	0.316763	0.0315035
128001	0.954102	1.00062	0.000775946	1.42556	1.49506	113.526	-4.59534	-4.66498	113.591	-3.16978	-3.16992	0.00278921	0.550485	0.317408	0.0315221
128201	1.02237	1.00061	0.00077772	1.52757	1.49505	113.785	-4.6976	-4.66497	113.853	-3.17003	-3.16992	0.0027745	0.222478	0.317211	0.0314817
128401	1.02906	1.0008	0.000780356	1.53756	1.49534	114.171	-4.70759	-4.66526	114.243	-3.17003	-3.16992	0.00276223	0.182992	0.316127	0.031473
128601	1.04828	1.00094	0.000781067	1.56628	1.49555	114.275	-4.7363	-4.66547	114.349	-3.17002	-3.16992	0.00274817	-0.0991425	0.315253	0.0315641
128801	1.0181	1.00123	0.000791149	1.52119	1.49598	115.75	-4.69114	-4.6659	115.828	-3.16996	-3.16992	0.00273071	0.142788	0.312952	0.0322589
129001	1.02047	1.0013	0.00078975	1.52473	1.49609	115.545	-4.69473	-4.66601	115.623	-3.17	-3.16992	0.00271256	0.216467	0.311964	0.032277
129201	0.975894	1.00129	0.000791448	1.45812	1.49607	115.794	-4.62813	-4.66599	115.871	-3.17001	-3.16992	0.00269626	0.629964	0.313087	0.0325511
129401	1.01163	1.00142	0.00078997	1.51152	1.49627	115.578	-4.68133	-4.66619	115.653	-3.16981	-3.16992	0.00268007	0.193384	0.312745	0.0324764
129601	1.02096	1.00148	0.000788725	1.52546	1.49635	115.395	-4.69543	-4.66628	115.471	-3.16997	-3.16992	0.00266723	0.187822	0.312145	0.0323988
129801	0.957666	1.00134	0.000790849	1.43089	1.49614	115.706	-4.60086	-4.66606	115.78	-3.16998	-3.16992	0.00265021	0.700042	0.313597	0.0326789
130001	1.02318	1.0015	0.000792275	1.52878	1.49639	115.915	-4.69856	-4.66631	115.988	-3.16978	-3.16992	0.00263432	0.177834	0.312855	0.0327027
130201	0.998399	1.00146	0.000791069	1.49175	1.49633	115.738	-4.66144	-4.66625	115.813	-3.16969	-3.16992	0.002632	0.326919	0.313605	0.0327334
130401	0.949101	1.00129	0.000792727	1.41809	1.49606	115.981	-4.5876	-4.66598	116.065	-3.16951	-3.16992	0.00264712	0.461947	0.313643	0.0325666
130601	0.97589	1.00124	0.000790844	1.45812	1.496	115.705	-4.62788	-4.66591	115.791	-3.16976	-3.16992	0.00268382	0.388316	0.313444	0.0324294
130801	1.02372	1.00125	0.000786579	1.52958	1.49601	115.081	-4.69948	-4.66592	115.166	-3.1699	-3.16992	0.00266812	0.301717	0.313439	0.0322461
131001	1.008	1.00127	0.000783439	1.5061	1.49603	114.622	-4.67622	-4.66595	114.706	-3.17012	-3.16992	0.00265465	0.459957	0.314176	0.0321813
131201	1.01495	1.00126	0.000780509	1.51648	1.49602	114.193	-4.6865	-4.66594	114.276	-3.17002	-3.16992	0.00265604	0.286667	0.314758	0.0321638
131401	1.00294	1.00114	0.000782869	1.49853	1.49584	114.539	-4.66831	-4.66575	114.62	-3.16978	-3.16992	0.00264056	0.362759	0.316171	0.0324442
131601	0.940171	1.00109	0.000789518	1.40475	1.49577	115.511	-4.57446	-4.66568	115.594	-3.16971	-3.16992	0.00264329	0.755051	0.316537	0.032693
131801	1.00891	1.00107	0.000787195	1.50745	1.49573	115.172	-4.67729	-4.66565	115.254	-3.16984	-3.16992	0.00262975	0.252515	0.316983	0.0326001
132001	1.01233	1.00116	0.000784651	1.51256	1.49587	114.799	-4.68229	-4.66579	114.879	-3.16973	-3.16991	0.00261946	0.169628	0.316065	0.0325656
132201	1.03645	1.00121	0.00078345	1.5486	1.49595	114.624	-4.71835	-4.66586	114.701	-3.16975	-3.16991	0.00262196	0.020149	0.315269	0.0325665
132401	0.966197	1.00119	0.000781837	1.44363	1.49591	114.388	-4.61343	-4.66583	114.466	-3.1698	-3.16991	0.00261739	0.506377	0.315151	0.032527
132601	0.998581	1.00108	0.000780456	1.49202	1.49575	114.186	-4.66193	-4.66567	114.265	-3.16991	-3.16991	0.00260456	0.206913	0.315359	0.0324266
132801	0.993713	1.00103	0.000778614	1.48475	1.49568	113.916	-4.65457	-4.66559	113.995	-3.16982	-3.16991	0.00258914	0.407224	0.315403	0.0322558
133001	0.961052	1.0011	0.000779045	1.43595	1.49578	113.979	-4.60569	-4.66569	114.054	-3.16975	-3.16991	0.00258851	0.537269	0.315045	0.0322263
133201	1.04441	1.00132	0.000786407	1.56049	1.49611	115.056	-4.73012	-4.66602	115.123	-3.16963	-3.16991	0.00258599	-0.0611523	0.31364	0.0326094
133401	0.990037	1.00146	0.000789653	1.47925	1.49632	115.531	-4.64895	-4.66623	115.592	-3.1697	-3.16991	0.00258394	0.151418	0.311879	0.0330662
133601	1.00425	1.00144	0.000790423	1.50049	1.49629	115.644	-4.67031	-4.6662	115.704	-3.16982	-3.16991	0.00257858	0.172954	0.310919	0.0332117
133801	0.976679	1.00145	0.000787559	1.4593	1.4963	115.225	-4.62913	-4.66621	115.285	-3.16983	-3.16991	0.00256673	0.326018	0.309885	0.0332583
134001	1.02566	1.0016	0.000793436	1.53248	1.49653	116.085	-4.70244	-4.66644	116.147	-3.16997	-3.16991	0.00255251	0.174318	0.308714	0.0334452
134201	1.05062	1.00162	0.000795035	1.56977	1.49655	116.319	-4.73966	-4.66646	116.38	-3.16989	-3.16991	0.00254068	0.0617552	0.308452	0.0334175
134401	1.0089	1.00171	0.000792734	1.50743	1.4967	115.982	-4.67758	-4.6666	116.043	-3.17015	-3.16991	0.00253026	0.362003	0.308461	0.0332553
134601	0.968092	1.00168	0.00079225	1.44647	1.49665	115.911	-4.61658	-4.66656	115.97	-3.17011	-3.16991	0.00253684	0.492798	0.308807	0.0331955
134801	0.983845	1.0017	0.000793874	1.47	1.49668	116.149	-4.6404	-4.66659	116.211	-3.1704	-3.16991	0.00257694	0.525849	0.309067	0.0331469
135001	1.00946	1.00183	0.00079313	1.50827	1.49688	116.04	-4.67863	-4.66679	116.113	-3.17036	-3.16991	0.0026356	0.279931	0.30874	0.0330156
135201	0.980496	1.00185	0.000791954	1.465	1.4969	115.868	-4.63535	-4.66681	115.943	-3.17035	-3.16992	0.00269903	0.539511	0.30859	0.0329737
135401	1.03046	1.00188	0.000797934	1.53966	1.49695	116.743	-4.70972	-4.66687	116.816	-3.17007	-3.16992	0.0027188	0.0601848	0.308653	0.0332289
135601	0.97661	1.00193	0.000796637	1.45919	1.49702	116.553	-4.62923	-4.66694	116.627	-3.17004	-3.16992	0.00270998	0.452209	0.307847	0.0333333
135801	1.02372	1.00185	0.000795534	1.52958	1.4969	116.392	-4.69942	-4.66682	116.465	-3.16984	-3.16992	0.00269584	0.161942	0.308249	0.0332559
136001	0.954875	1.0019	0.00079567	1.42672	1.49697	116.412	-4.59647	-4.66689	116.484	-3.16975	-3.16992	0.00268469	0.575502	0.308086	0.0331821
136201	0.984953	1.00187	0.000794788	1.47166	1.49693	116.283	-4.64151	-4.66685	116.356	-3.16985	-3.16992	0.00267667	0.36187	0.307985	0.0331387
136401	0.972613	1.00175	0.000793281	1.45322	1.49676	116.062	-4.62307	-4.66668	116.135	-3.16985	-3.16992	0.00266245	0.442452	0.308637	0.0330511
136601	0.983154	1.00174	0.000789853	1.46897	1.49673	115.56	-4.63871	-4.66665	115.633	-3.16974	-3.16992	0.00265333	0.384002	0.308431	0.0328985
136801	1.02437	1.00168	0.000790033	1.53056	1.49665	115.587	-4.70043	-4.66656	115.662	-3.16987	-3.16992	0.00264399	0.0654884	0.308317	0.0328614
137001	0.999082	1.00157	0.000789496	1.49277	1.49649	115.508	-4.6629	-4.6664	115.581	-3.17013	-3.16992	0.00263463	0.387223	0.308638	0.0327657
137201	1.03201	1.00152	0.000789029	1.54196	1.49642	115.44	-4.71182	-4.66634	115.509	-3.16986	-3.16992	0.00262863	0.0457684	0.30877	0.0327558
137401	1.01283	1.00161	0.00078923	1.5133	1.49655	115.469	-4.68307	-4.66647	115.536	-3.16976	-3.16992	0.00262158	0.244405	0.307929	0.0327865
137601	0.992028	1.00158	0.000786409	1.48223	1.4965	115.057	-4.65197	-4.66642	115.124	-3.16974	-3.16992	0.00261674	0.400104	0.308139	0.0326497
137801	0.979208	1.00158	0.000783316	1.46308	1.4965	114.604	-4.63293	-4.66641	114.672	-3.16985	-3.16992	0.00261059	0.499461	0.308514	0.0325242
138001	1.02445	1.00167	0.000786086	1.53067	1.49664	115.009	-4.70092	-4.66656	115.081	-3.17024	-3.16992	0.00260447	0.435782	0.308861	0.0324523
138201	1.05359	1.00184	0.000790515	1.57421	1.49689	115.657	-4.74462	-4.66681	115.743	-3.17041	-3.16992	0.00265207	0.139791	0.308898	0.0324376
138401	0.946174	1.00185	0.000794051	1.41372	1.4969	116.175	-4.584	-4.66682	116.261	-3.17028	-3.16992	0.00271408	0.693402	0.309491	0.0325138
138601	1.02149	1.00187	0.000796236	1.52625	1.49694	116.494	-4.69623	-4.66686	116.582	-3.16998	-3.16992	0.00271996	0.320338	0.309775	0.0325131
138801	0.996848	1.00186	0.000792853	1.48943	1.49692	115.999	-4.65928	-4.66684	116.087	-3.16985	-3.16992	0.00270803	0.457613	0.310657	0.032515
139001	1.03833	1.00189	0.000790238	1.5514	1.49697	115.617	-4.72125	-4.66689	115.704	-3.16984	-3.16992	0.00269592	0.0708584	0.31037	0.0324508
139201	0.939241	1.00191	0.000792448	1.40336	1.49699	115.94	-4.57312	-4.66691	116.027	-3.16976	-3.16992	0.00268722	0.693233	0.310408	0.0324784
139401	0.976679	1.0019	0.000790684	1.4593	1.49697	115.682	-4.62897	-4.66689	115.768	-3.16967	-3.16992	0.00268549	0.259464	0.310093	0.0324895
139601	1.01375	1.00187	0.000791261	1.51469	1.49694	115.766	-4.68454	-4.66686	115.854	-3.16985	-3.16992	0.0026815	0.264603	0.309738	0.0324433
139801	1.04719	1.00195	0.000789649	1.56464	1.49705	115.531	-4.73453	-4.66697	115.617	-3.16989	-3.16992	0.00266866	0.0468379	0.309425	0.0323382
140001	1.00104	1.00201	0.000789904	1.49569	1.49715	115.568	-4.66554	-4.66707	115.654	-3.16986	-3.16992	0.002657	0.27477	0.308974	0.032309
140201	0.980134	1.00195	0.000787159	1.46446	1.49705	115.166	-4.63456	-4.66697	115.25	-3.1701	-3.16992	0.00264761	0.460985	0.30937	0.0321947
140401	1.0112	1.00197	0.000784579	1.51087	1.49708	114.789	-4.68079	-4.667	114.872	-3.16992	-3.16992	0.0026387	0.307135	0.309386	0.032069
140601	0.995493	1.002	0.000781129	1.48741	1.49712	114.284	-4.65727	-4.66704	114.367	-3.16987	-3.16992	0.00262634	0.41695	0.309817	0.0319614
140801	1.04487	1.00194	0.000781918	1.56118	1.49704	114.4	-4.7309	-4.66696	114.482	-3.16972	-3.16992	0.00261901	-0.153207	0.309421	0.0321178
141001	0.996153	1.00187	0.000784466	1.48839	1.49693	114.772	-4.65818	-4.66685	114.856	-3.16979	-3.16992	0.0026155	0.186051	0.309048	0.032211
141201	1.04574	1.00193	0.000783431	1.56249	1.49703	114.621	-4.73251	-4.66695	114.705	-3.17002	-3.16992	0.00260607	0.122808	0.308537	0.0321266
141401	0.973364	1.00195	0.000780639	1.45434	1.49705	114.212	-4.62423	-4.66697	114.297	-3.16989	-3.16992	0.00259521	0.41469	0.30845	0.0319933
141601	0.99048	1.00211	0.000786968	1.47992	1.49729	115.138	-4.64992	-4.66721	115.224	-3.17	-3.16992	0.00258444	0.451425	0.307505	0.0322147
141801	1.04582	1.0021	0.000786847	1.5626	1.49728	115.121	-4.73263	-4.66719	115.206	-3.17003	-3.16992	0.00257315	-0.0517398	0.307547	0.0322023
142001	1.0361	1.0021	0.000784322	1.54807	1.49728	114.751	-4.71804	-4.6672	114.836	-3.16997	-3.16992	0.00256368	0.0374861	0.306774	0.0322038
142201	1.00656	1.00217	0.000785161	1.50393	1.49739	114.874	-4.67366	-4.66731	114.959	-3.16973	-3.16992	0.00255777	0.335424	0.306231	0.0322761
142401	0.992042	1.00213	0.000782125	1.48225	1.49733	114.43	-4.65209	-4.66725	114.515	-3.16984	-3.16992	0.00255327	0.249937	0.306208	0.0321322
142601	1.01214	1.00219	0.000781503	1.51228	1.49741	114.339	-4.68173	-4.66732	114.422	-3.16945	-3.16992	0.00256604	0.247784	0.305525	0.0321912
142801	0.987857	1.00207	0.000786587	1.476	1.49724	115.083	-4.64558	-4.66715	115.178	-3.16958	-3.16991	0.00263072	0.245505	0.30611	0.0323157
143001	0.999741	1.00202	0.000785154	1.49375	1.49717	114.873	-4.66348	-4.66708	114.971	-3.16973	-3.16991	0.00263797	0.168069	0.3054	0.032327
143201	0.975454	1.00209	0.00078377	1.45747	1.49726	114.67	-4.62717	-4.66717	114.765	-3.1697	-3.16991	0.00264312	0.461154	0.30483	0.0322957
143401	0.996097	1.00214	0.000782212	1.48831	1.49734	114.442	-4.65829	-4.66725	114.536	-3.16998	-3.16991	0.00263368	0.376538	0.304368	0.03225
143601	1.01161	1.00219	0.000780946	1.51149	1.49741	114.257	-4.68163	-4.66732	114.352	-3.17014	-3.16991	0.00262728	0.258849	0.304282	0.03217
143801	1.01531	1.00228	0.000779628	1.51702	1.49754	114.064	-4.68759	-4.66745	114.167	-3.17057	-3.16991	0.00267556	0.502136	0.304332	0.0320572
144001	1.05411	1.00232	0.000780802	1.57499	1.4976	114.236	-4.74593	-4.66752	114.347	-3.17093	-3.16992	0.00287245	0.327557	0.305465	0.0323285
144201	1.04243	1.00244	0.000782318	1.55753	1.49779	114.458	-4.72806	-4.66771	114.59	-3.17053	-3.16992	0.00308076	0.233984	0.305857	0.0322816
144401	1.01265	1.00251	0.0007809	1.51303	1.49789	114.25	-4.68289	-4.66781	114.386	-3.16986	-3.16992	0.00309462	0.143317	0.305502	0.0321829
144601	1.02041	1.00253	0.000778402	1.52463	1.49792	113.885	-4.69468	-4.66784	114.021	-3.17004	-3.16992	0.00308341	0.227499	0.305054	0.0320904
144801	1.00978	1.00255	0.000777038	1.50875	1.49795	113.686	-4.67893	-4.66787	113.821	-3.17018	-3.16992	0.00308669	0.315244	0.30498	0.0319894
145001	1.02081	1.00251	0.000778232	1.52523	1.49789	113.86	-4.69508	-4.66781	113.993	-3.16984	-3.16992	0.00307884	0.197142	0.305285	0.0320088
145201	0.976427	1.00253	0.000778505	1.45892	1.49792	113.9	-4.62865	-4.66785	114.032	-3.16973	-3.16992	0.00307216	0.41911	0.305107	0.0319838
145401	0.993971	1.00253	0.000776732	1.48513	1.49791	113.641	-4.65494	-4.66784	113.773	-3.16981	-3.16992	0.00306613	0.231752	0.304714	0.0319282
145601	0.972189	1.00263	0.000779984	1.45259	1.49807	114.117	-4.6224	-4.66799	114.245	-3.16982	-3.16992	0.00305829	0.632802	0.304405	0.0319898
145801	1.03312	1.0026	0.00077762	1.54363	1.49803	113.771	-4.7134	-4.66795	113.899	-3.16977	-3.16992	0.00304864	0.103183	0.304871	0.0319906
146001	0.959624	1.00261	0.00077639	1.43381	1.49804	113.591	-4.60358	-4.66796	113.718	-3.16976	-3.16992	0.00304265	0.355444	0.304371	0.0319408
146201	0.9773	1.00249	0.00077754	1.46022	1.49786	113.759	-4.63009	-4.66778	113.888	-3.16987	-3.16992	0.00303269	0.521934	0.304947	0.0319726
146401	1.00804	1.00245	0.000776288	1.50615	1.4978	113.576	-4.67634	-4.66772	113.705	-3.17019	-3.16992	0.00302568	0.301733	0.305274	0.0319083
146601	1.00038	1.00257	0.000780887	1.49471	1.49799	114.249	-4.66504	-4.66791	114.385	-3.17033	-3.16992	0.0030457	0.681949	0.305342	0.0320148
146801	1.02641	1.00262	0.000781182	1.53359	1.49806	114.292	-4.70425	-4.66798	114.433	-3.17066	-3.16992	0.00313677	0.497594	0.306559	0.0322899
147001	1.0083	1.0026	0.000781626	1.50655	1.49803	114.357	-4.6769	-4.66795	114.494	-3.17036	-3.16993	0.00321661	0.519303	0.307893	0.0326703
147201	1.02623	1.00272	0.000784715	1.53333	1.49821	114.809	-4.70369	-4.66814	114.955	-3.17036	-3.16993	0.00324522	0.432476	0.308156	0.0326349
147401	0.9533	1.00268	0.000785956	1.42436	1.49814	114.99	-4.59506	-4.66807	115.129	-3.17069	-3.16993	0.00331848	0.615405	0.30926	0.0328528
147601	1.01963	1.00271	0.000788984	1.52347	1.49819	115.433	-4.69422	-4.66813	115.578	-3.17075	-3.16993	0.00347551	0.356165	0.309421	0.0328909
147801	0.9992	1.00272	0.00078835	1.49295	1.49821	115.341	-4.66329	-4.66815	115.488	-3.17035	-3.16994	0.00359725	0.503355	0.309848	0.0329113
148001	1.0021	1.00277	0.000787946	1.49728	1.49828	115.281	-4.66723	-4.66822	115.43	-3.16995	-3.16994	0.0035984	0.228734	0.309777	0.0328881
148201	1.03042	1.00268	0.000789316	1.5396	1.49815	115.482	-4.70951	-4.66809	115.631	-3.16991	-3.16994	0.00358379	0.0666361	0.309883	0.0328297
148401	1.00678	1.00267	0.000789517	1.50427	1.49813	115.511	-4.67447	-4.66806	115.658	-3.17019	-3.16994	0.00357549	0.21158	0.309499	0.0328408
148601	1.0083	1.00264	0.000788372	1.50654	1.49808	115.344	-4.67669	-4.66802	115.489	-3.17014	-3.16994	0.00357207	0.361224	0.309489	0.0327726
148801	1.0038	1.00267	0.000787397	1.49982	1.49814	115.201	-4.66978	-4.66808	115.347	-3.16997	-3.16994	0.00356699	0.460153	0.309932	0.0327179
149001	0.995428	1.00275	0.00078667	1.48731	1.49825	115.095	-4.65715	-4.66819	115.239	-3.16984	-3.16994	0.00355536	0.427958	0.309871	0.032613
149201	1.00829	1.00271	0.000784524	1.50653	1.49818	114.781	-4.67632	-4.66812	114.925	-3.16979	-3.16994	0.0035431	0.308881	0.310332	0.0325503
149401	1.06127	1.00275	0.000783815	1.58569	1.49826	114.677	-4.75539	-4.66819	114.818	-3.1697	-3.16994	0.00354505	-0.0264378	0.309973	0.0325029
149601	1.02487	1.00273	0.000785611	1.53129	1.49823	114.94	-4.70117	-4.66816	115.081	-3.16987	-3.16994	0.00353977	0.224101	0.310112	0.0325403
149801	1.06455	1.00283	0.000787017	1.59059	1.49838	115.146	-4.76055	-4.66831	115.286	-3.16996	-3.16994	0.00352573	0.146796	0.309966	0.0324738
150001	0.9821	1.00278	0.000787415	1.4674	1.4983	115.204	-4.63724	-4.66823	115.345	-3.16984	-3.16994	0.00351255	0.50248	0.310624	0.0325082
150201	1.01896	1.00288	0.000790698	1.52247	1.49844	115.684	-4.6923	-4.66838	115.822	-3.16984	-3.16994	0.00350205	0.182711	0.310214	0.0325
150401	0.96893	1.00283	0.000789608	1.44772	1.49838	115.525	-4.61749	-4.66831	115.664	-3.16978	-3.16994	0.00349246	0.448909	0.310358	0.0324177
150601	1.00462	1.00286	0.000788791	1.50104	1.49842	115.405	-4.67068	-4.66835	115.542	-3.16964	-3.16994	0.00349034	-0.0196501	0.309458	0.0326029
150801	1.00303	1.00287	0.000787816	1.49867	1.49842	115.262	-4.66835	-4.66836	115.399	-3.16968	-3.16993	0.00349813	0.0645835	0.308553	0.0327526
151001	0.973288	1.00294	0.000789296	1.45423	1.49854	115.479	-4.62423	-4.66847	115.612	-3.17	-3.16993	0.00348971	0.490789	0.307566	0.0330871
151201	0.991176	1.00292	0.000786708	1.48096	1.4985	115.1	-4.65096	-4.66843	115.232	-3.17	-3.16993	0.00347841	0.350406	0.30792	0.0329978
151401	0.985839	1.00289	0.000787677	1.47298	1.49845	115.242	-4.64314	-4.66839	115.373	-3.17016	-3.16993	0.00347395	0.474833	0.308056	0.0329743
151601	1.04685	1.00292	0.000786068	1.56414	1.4985	115.007	-4.73422	-4.66844	115.139	-3.17008	-3.16994	0.00347093	0.166704	0.308181	0.0328807
151801	0.999772	1.00297	0.000784836	1.4938	1.49858	114.826	-4.66389	-4.66852	114.96	-3.17009	-3.16994	0.00346225	0.320938	0.308138	0.0327736
152001	1.06285	1.00297	0.000784282	1.58804	1.49858	114.745	-4.75818	-4.66852	114.878	-3.17014	-3.16994	0.00345932	0.132	0.308368	0.0327351
152201	1.05185	1.00309	0.000787684	1.57162	1.49876	115.243	-4.74204	-4.6687	115.384	-3.17042	-3.16994	0.00348352	0.34921	0.308837	0.0327753
152401	0.99552	1.00318	0.000788719	1.48745	1.49889	115.395	-4.65772	-4.66883	115.541	-3.17027	-3.16994	0.00351358	0.33603	0.308864	0.0327602
152601	0.99085	1.00314	0.000787572	1.48047	1.49883	115.227	-4.65056	-4.66877	115.371	-3.17009	-3.16994	0.00351269	0.388835	0.309026	0.0326756
152801	1.01734	1.00323	0.000787971	1.52004	1.49896	115.285	-4.69006	-4.6689	115.431	-3.17001	-3.16994	0.00350375	0.410181	0.308899	0.0326125
153001	1.00583	1.0032	0.000785644	1.50285	1.49892	114.945	-4.67271	-4.66886	115.091	-3.16986	-3.16994	0.00349091	0.467098	0.309548	0.0326069
153201	0.957395	1.00323	0.000784314	1.43048	1.49897	114.75	-4.60028	-4.66891	114.894	-3.1698	-3.16994	0.0034896	0.666774	0.310179	0.0326095
153401	1.01289	1.00316	0.000784596	1.51341	1.49887	114.791	-4.68339	-4.66881	114.935	-3.16999	-3.16994	0.00347752	0.279757	0.310798	0.0326612
153601	0.984705	1.00314	0.000783423	1.47129	1.49883	114.62	-4.64095	-4.66877	114.764	-3.16967	-3.16994	0.00346878	0.395733	0.311121	0.0326122
153801	0.994868	1.00308	0.000782331	1.48647	1.49874	114.46	-4.65613	-4.66867	114.609	-3.16966	-3.16994	0.00348576	0.431742	0.311355	0.0325389
154001	1.0168	1.00307	0.0007818	1.51924	1.49872	114.382	-4.68919	-4.66866	114.532	-3.16994	-3.16994	0.00347766	0.314038	0.311627	0.0324949
154201	0.999406	1.00315	0.000783087	1.49325	1.49885	114.571	-4.6633	-4.66879	114.72	-3.17005	-3.16994	0.00346569	0.409478	0.311365	0.032453
154401	1.01976	1.00312	0.000781036	1.52366	1.4988	114.271	-4.69402	-4.66874	114.418	-3.17036	-3.16994	0.00347511	0.260504	0.311801	0.0324003
154601	1.00873	1.0031	0.000783293	1.50718	1.49877	114.601	-4.67772	-4.66871	114.744	-3.17054	-3.16994	0.00352595	0.36502	0.312108	0.0324515
154801	1.03619	1.00314	0.000782326	1.54822	1.49883	114.459	-4.71882	-4.66877	114.608	-3.17061	-3.16994	0.00361951	0.294185	0.312271	0.0323677
155001	0.952684	1.00314	0.000782011	1.42344	1.49884	114.413	-4.59362	-4.66878	114.561	-3.17017	-3.16995	0.00365957	0.687125	0.312685	0.0323642
155201	1.06211	1.00312	0.000781741	1.58695	1.4988	114.374	-4.75709	-4.66874	114.52	-3.17014	-3.16995	0.00365517	-0.031845	0.313	0.0323812
155401	1.05391	1.00319	0.000782426	1.57469	1.4989	114.474	-4.74487	-4.66885	114.623	-3.17018	-3.16995	0.00364926	0.163162	0.312829	0.0323601
155601	0.985789	1.00314	0.000781849	1.47291	1.49884	114.389	-4.64296	-4.66879	114.536	-3.17005	-3.16995	0.00364523	0.425556	0.313316	0.0323494
155801	1.01853	1.0032	0.00078176	1.52182	1.49893	114.376	-4.69163	-4.66887	114.522	-3.16981	-3.16995	0.00363283	0.220326	0.312864	0.032361
156001	1.04822	1.00331	0.000783555	1.56618	1.49909	114.639	-4.73563	-4.66904	114.776	-3.16944	-3.16995	0.00365305	-0.175215	0.311708	0.032692
156201	0.968325	1.0033	0.000785193	1.44681	1.49907	114.879	-4.61659	-4.66902	115.017	-3.16978	-3.16994	0.00367363	0.493289	0.31135	0.032716
156401	1.03918	1.00324	0.000785645	1.55267	1.49898	114.945	-4.72281	-4.66892	115.085	-3.17014	-3.16994	0.00366375	0.0922761	0.311552	0.0326674
156601	0.999157	1.00325	0.000784524	1.49288	1.49899	114.781	-4.66337	-4.66894	114.921	-3.17049	-3.16995	0.0036832	0.361465	0.311528	0.0326072
156801	0.95063	1.00312	0.000789546	1.42037	1.4988	115.515	-4.5909	-4.66874	115.64	-3.17053	-3.16995	0.00374437	0.769688	0.312819	0.0330742
157001	0.983913	1.0031	0.000788299	1.47011	1.49877	115.333	-4.6406	-4.66873	115.456	-3.17049	-3.16995	0.00381577	0.576772	0.313446	0.0331153
157201	1.01569	1.00311	0.000786505	1.51759	1.49879	115.071	-4.68789	-4.66874	115.194	-3.1703	-3.16995	0.00384168	0.272877	0.313748	0.0330683
157401	1.02383	1.00308	0.00078447	1.52974	1.49875	114.773	-4.69996	-4.6687	114.894	-3.17022	-3.16995	0.0038528	0.325575	0.314376	0.0331062
157601	1.01992	1.0031	0.000785213	1.5239	1.49877	114.882	-4.69398	-4.66873	115.004	-3.17007	-3.16995	0.00384665	0.386296	0.314535	0.0330954
157801	0.941152	1.00308	0.000786115	1.40621	1.49875	115.014	-4.57622	-4.6687	115.135	-3.17001	-3.16995	0.00383612	0.726166	0.315144	0.0331571
158001	0.986385	1.00304	0.000786227	1.4738	1.49868	115.03	-4.64391	-4.66864	115.151	-3.17012	-3.16995	0.0038242	0.444302	0.315409	0.0331353
158201	1.0324	1.00295	0.000788839	1.54255	1.49855	115.412	-4.71291	-4.66851	115.529	-3.17036	-3.16995	0.00383095	0.278861	0.316207	0.0332831
158401	0.998308	1.00297	0.000787006	1.49161	1.49857	115.144	-4.66178	-4.66853	115.261	-3.17017	-3.16996	0.00384912	0.436977	0.316637	0.0332533
158601	1.05928	1.00307	0.000789448	1.58272	1.49872	115.501	-4.75276	-4.66868	115.62	-3.17004	-3.16996	0.00383844	0.0350328	0.316288	0.0332583
158801	0.973228	1.00307	0.000796113	1.45414	1.49873	116.476	-4.62402	-4.66869	116.596	-3.16988	-3.16996	0.00382582	0.463443	0.316323	0.0333903
159001	1.03458	1.00308	0.000796787	1.54581	1.49875	116.575	-4.71557	-4.6687	116.693	-3.16977	-3.16996	0.00382048	0.100501	0.315944	0.0334243
159201	1.02601	1.00304	0.000795482	1.53301	1.49869	116.384	-4.70288	-4.66864	116.503	-3.16987	-3.16996	0.00381151	0.249872	0.316151	0.0333477
159401	1.02064	1.00312	0.000795297	1.52498	1.4988	116.357	-4.69475	-4.66876	116.474	-3.16977	-3.16996	0.00380224	0.17051	0.315812	0.0332858
159601	0.971994	1.00309	0.000794635	1.45229	1.49876	116.26	-4.62204	-4.66871	116.378	-3.16974	-3.16995	0.00379598	0.405874	0.315692	0.0332193
159801	0.999128	1.00302	0.000794134	1.49284	1.49866	116.187	-4.66258	-4.66861	116.307	-3.16975	-3.16995	0.00379701	0.346311	0.316023	0.0331725
160001	0.981315	1.00311	0.000795894	1.46622	1.49878	116.444	-4.63605	-4.66874	116.563	-3.16982	-3.16995	0.00378668	0.301854	0.315118	0.0334207
160201	1.02168	1.0031	0.000794448	1.52653	1.49877	116.233	-4.69659	-4.66872	116.352	-3.17006	-3.16995	0.00377624	0.300463	0.315158	0.0333231
160401	0.997957	1.00305	0.000793134	1.49109	1.4987	116.041	-4.66137	-4.66865	116.156	-3.17028	-3.16995	0.0037845	0.441741	0.315765	0.033344
160601	1.00709	1.00307	0.000791983	1.50474	1.49873	115.872	-4.67484	-4.66868	115.988	-3.1701	-3.16995	0.00378037	0.350399	0.315584	0.033282
160801	1.01548	1.00305	0.000790425	1.51728	1.4987	115.644	-4.68736	-4.66866	115.759	-3.17008	-3.16996	0.00377772	0.391844	0.316145	0.0333006
161001	1.01835	1.00306	0.000788388	1.52156	1.49871	115.346	-4.69183	-4.66867	115.461	-3.17027	-3.16996	0.00377219	0.224333	0.316236	0.0332015
161201	0.996375	1.00304	0.000787198	1.48872	1.49869	115.172	-4.65919	-4.66865	115.285	-3.17046	-3.16996	0.00379958	0.413561	0.316369	0.0331298
161401	1.06815	1.00313	0.000788156	1.59597	1.49881	115.312	-4.76644	-4.66877	115.433	-3.17047	-3.16996	0.00383684	0.0907439	0.316344	0.0330525
161601	1.01992	1.0032	0.000789343	1.52391	1.49893	115.486	-4.69423	-4.66889	115.613	-3.17032	-3.16996	0.00386638	0.258779	0.316108	0.0330038
161801	1.00782	1.00322	0.000789679	1.50583	1.49894	115.535	-4.67572	-4.66891	115.661	-3.16989	-3.16996	0.00386182	0.192241	0.316133	0.0330039
162001	0.951336	1.00325	0.000790232	1.42143	1.49899	115.616	-4.59128	-4.66895	115.741	-3.16985	-3.16996	0.00385304	0.467458	0.31554	0.0330842
162201	0.990136	1.00321	0.000788719	1.4794	1.49893	115.395	-4.64927	-4.66889	115.519	-3.16987	-3.16996	0.0038413	0.373464	0.31568	0.0329916
162401	0.990189	1.00322	0.000786935	1.47948	1.49895	115.134	-4.6493	-4.66891	115.258	-3.16981	-3.16996	0.00383377	0.265173	0.31542	0.0329167
162601	1.04678	1.00317	0.00078624	1.56404	1.49888	115.032	-4.73364	-4.66884	115.158	-3.1696	-3.16996	0.00384128	-0.0214506	0.315264	0.0328477
162801	0.992454	1.0032	0.000787833	1.48287	1.49893	115.265	-4.65258	-4.66889	115.388	-3.16971	-3.16996	0.003853	0.282184	0.314895	0.0329155
163001	1.04461	1.00323	0.000786207	1.56079	1.49896	115.027	-4.73079	-4.66892	115.15	-3.17	-3.16996	0.0038432	0.0297319	0.314357	0.0329151
163201	1.03315	1.00328	0.000785632	1.54368	1.49904	114.943	-4.71368	-4.669	115.066	-3.17001	-3.16996	0.00383176	0.269736	0.313985	0.0328892
163401	0.959716	1.00328	0.000785233	1.43395	1.49904	114.884	-4.60396	-4.669	115.007	-3.17001	-3.16996	0.00381995	0.6378	0.314328	0.0328762
163601	0.992267	1.00322	0.000784811	1.48259	1.49895	114.823	-4.65277	-4.66891	114.944	-3.17019	-3.16996	0.00381378	0.639495	0.315175	0.0330439
163801	0.999064	1.00323	0.000782543	1.49274	1.49897	114.491	-4.66294	-4.66893	114.612	-3.1702	-3.16996	0.00381314	0.497775	0.315864	0.0331005
164001	1.05808	1.00335	0.00078624	1.58093	1.49915	115.032	-4.7514	-4.66911	115.161	-3.17047	-3.16996	0.00382715	0.197688	0.315586	0.0330533
164201	0.969903	1.00335	0.000785127	1.44917	1.49914	114.869	-4.61976	-4.66911	114.997	-3.17059	-3.16996	0.00389514	0.710539	0.316322	0.0331744
164401	1.02551	1.00331	0.000785254	1.53226	1.49908	114.888	-4.70251	-4.66905	115.011	-3.17025	-3.16996	0.00391767	0.221006	0.316975	0.0333056
164601	1.02035	1.00336	0.000784405	1.52455	1.49916	114.763	-4.69466	-4.66912	114.889	-3.17011	-3.16996	0.00391705	0.194728	0.316739	0.0332361
164801	1.00326	1.00343	0.000787014	1.49901	1.49926	115.145	-4.66929	-4.66922	115.271	-3.17027	-3.16996	0.00391199	0.374424	0.316288	0.0333372
165001	1.01449	1.00334	0.000787614	1.51579	1.49914	115.233	-4.68611	-4.6691	115.354	-3.17032	-3.16997	0.00391758	0.1641	0.31668	0.0333325
165201	1.02614	1.00336	0.000785947	1.5332	1.49916	114.989	-4.70347	-4.66913	115.111	-3.17027	-3.16997	0.00393306	0.0845115	0.316228	0.0333106
165401	1.00054	1.00338	0.000785173	1.49494	1.49919	114.876	-4.66495	-4.66916	114.999	-3.17001	-3.16997	0.00392946	0.285205	0.316018	0.0332861
165601	1.01528	1.00331	0.000785303	1.51697	1.49909	114.895	-4.68693	-4.66906	115.018	-3.16995	-3.16997	0.00391758	0.272725	0.316376	0.0332699
165801	0.982033	1.00335	0.000784127	1.4673	1.49915	114.723	-4.63718	-4.66912	114.845	-3.16989	-3.16997	0.00390609	0.497459	0.316265	0.033195
166001	1.02146	1.00337	0.000782297	1.5262	1.49918	114.455	-4.69611	-4.66915	114.577	-3.16991	-3.16997	0.00389514	0.329752	0.316542	0.0331334
166201	1.00078	1.00336	0.000782282	1.49531	1.49917	114.453	-4.66523	-4.66914	114.575	-3.16993	-3.16997	0.00388622	0.42233	0.316914	0.033143
166401	0.954103	1.00331	0.000781523	1.42556	1.49909	114.342	-4.59581	-4.66905	114.461	-3.17024	-3.16997	0.00387896	0.739014	0.317644	0.0332485
166601	0.993987	1.00331	0.000781387	1.48516	1.49909	114.322	-4.65527	-4.66905	114.441	-3.17011	-3.16997	0.00387894	0.335569	0.31774	0.0332622
166801	1.03481	1.00328	0.000779618	1.54614	1.49905	114.063	-4.71604	-4.66901	114.181	-3.1699	-3.16997	0.00386847	0.072445	0.317568	0.033184
167001	1.0264	1.00333	0.000780256	1.53358	1.49911	114.156	-4.70327	-4.66908	114.272	-3.16969	-3.16997	0.00386415	0.0903536	0.317093	0.0332232
167201	1.00952	1.00339	0.000780233	1.50836	1.49921	114.153	-4.67804	-4.66918	114.265	-3.16967	-3.16997	0.00386929	0.118042	0.31645	0.0332781
167401	0.981889	1.00336	0.000778939	1.46708	1.49916	113.964	-4.63683	-4.66913	114.077	-3.16975	-3.16997	0.00386814	0.351372	0.316152	0.033237
167601	1.00343	1.00336	0.00077704	1.49926	1.49915	113.686	-4.66902	-4.66912	113.799	-3.16975	-3.16997	0.0038677	0.33434	0.316106	0.0331591
167801	0.957077	1.00332	0.000777901	1.43001	1.4991	113.812	-4.59981	-4.66907	113.926	-3.1698	-3.16996	0.0038669	0.499013	0.316187	0.0331385
168001	0.997675	1.0033	0.000777762	1.49067	1.49907	113.791	-4.66057	-4.66904	113.906	-3.1699	-3.16996	0.00385633	0.194848	0.316101	0.0330798
168201	1.00986	1.00326	0.000777426	1.50888	1.49902	113.742	-4.67887	-4.66898	113.856	-3.16999	-3.16996	0.00384535	0.249661	0.315995	0.0330574
168401	1.03296	1.0033	0.000777678	1.54339	1.49907	113.779	-4.71323	-4.66903	113.892	-3.16984	-3.16996	0.00383481	0.172837	0.315772	0.033045
168601	1.06626	1.00332	0.000777242	1.59315	1.4991	113.715	-4.76275	-4.66906	113.826	-3.1696	-3.16996	0.00383828	-0.086027	0.315705	0.033011
168801	1.01906	1.00337	0.00077791	1.52262	1.49918	113.813	-4.6924	-4.66914	113.921	-3.16978	-3.16996	0.00384032	0.0752119	0.314815	0.0332057
169001	1.03352	1.00334	0.000778522	1.54422	1.49914	113.903	-4.7139	-4.6691	114.012	-3.16968	-3.16996	0.00383651	-0.0584185	0.314446	0.0332177
169201	1.05678	1.00343	0.000780002	1.57897	1.49926	114.119	-4.74876	-4.66922	114.224	-3.16978	-3.16996	0.0038381	-0.0358315	0.31337	0.0335466
169401	0.973005	1.00341	0.000780502	1.45381	1.49923	114.192	-4.6237	-4.6692	114.298	-3.16989	-3.16996	0.00383097	0.606873	0.313693	0.0335732
169601	1.00128	1.00338	0.000780138	1.49605	1.49919	114.139	-4.66561	-4.66915	114.246	-3.16956	-3.16996	0.00382999	0.257211	0.313932	0.0335316
169801	0.942657	1.00335	0.000779755	1.40846	1.49915	114.083	-4.57812	-4.66911	114.191	-3.16965	-3.16996	0.00384424	0.622121	0.313864	0.033492
170001	0.998517	1.00336	0.00078031	1.49193	1.49917	114.164	-4.66169	-4.66913	114.271	-3.16976	-3.16996	0.00384983	0.176666	0.313618	0.0335136
170201	1.02741	1.00342	0.00078017	1.5351	1.49925	114.144	-4.70499	-4.66921	114.249	-3.16989	-3.16996	0.00384244	0.193509	0.313026	0.0335669
170401	0.968877	1.00341	0.000779499	1.44764	1.49923	114.046	-4.61768	-4.66919	114.151	-3.17004	-3.16996	0.00383229	0.618643	0.313339	0.033548
170601	1.01092	1.00343	0.00077839	1.51045	1.49926	113.883	-4.68064	-4.66922	113.989	-3.17018	-3.16996	0.00382539	0.499937	0.313803	0.0335486
170801	0.991619	1.00341	0.000777026	1.48162	1.49924	113.684	-4.65181	-4.6692	113.788	-3.17019	-3.16996	0.0038229	0.499297	0.314442	0.0336275
171001	1.00074	1.00345	0.000776376	1.49525	1.49929	113.589	-4.66538	-4.66925	113.694	-3.17013	-3.16996	0.00382543	0.469133	0.314568	0.0335758
171201	1.02623	1.0035	0.000776224	1.53333	1.49937	113.566	-4.70348	-4.66933	113.673	-3.17015	-3.16996	0.00381789	0.256919	0.314543	0.033517
171401	1.01722	1.00348	0.000777323	1.51987	1.49934	113.727	-4.68998	-4.6693	113.833	-3.1701	-3.16996	0.00381242	0.373767	0.314934	0.033542
171601	1.06759	1.00351	0.000779465	1.59512	1.49938	114.041	-4.76523	-4.66934	114.147	-3.17011	-3.16996	0.00380792	-0.176978	0.314802	0.0336761
171801	1.02483	1.00353	0.00077929	1.53124	1.49942	114.015	-4.70103	-4.66938	114.121	-3.16979	-3.16996	0.00379896	0.102367	0.3142	0.0337556
172001	1.02268	1.00349	0.000782034	1.52802	1.49936	114.416	-4.69787	-4.66932	114.523	-3.16985	-3.16996	0.00379442	0.136333	0.314231	0.0337594
172201	1.01255	1.00339	0.000786744	1.51289	1.4992	115.106	-4.6828	-4.66916	115.213	-3.16991	-3.16996	0.00378432	0.162164	0.314557	0.0337719
172401	1.00224	1.00345	0.00078625	1.49748	1.49929	115.033	-4.66712	-4.66925	115.138	-3.16964	-3.16996	0.00378119	0.076964	0.313732	0.0339312
172601	1.02451	1.00346	0.000785377	1.53076	1.49931	114.906	-4.70056	-4.66927	115.009	-3.1698	-3.16996	0.00378675	0.296221	0.313424	0.0339784
172801	1.05265	1.00351	0.000785096	1.5728	1.49939	114.864	-4.74272	-4.66935	114.968	-3.16992	-3.16996	0.00377732	0.297742	0.313618	0.0339379
173001	1.00817	1.00351	0.000785017	1.50635	1.49939	114.853	-4.67621	-4.66934	114.956	-3.16986	-3.16996	0.00376845	0.35794	0.314134	0.0339759
173201	1.02302	1.0036	0.000785983	1.52853	1.49952	114.994	-4.69827	-4.66948	115.094	-3.16974	-3.16996	0.00376626	0.159911	0.313517	0.0340418
173401	1.00234	1.00361	0.000784462	1.49764	1.49954	114.772	-4.6677	-4.6695	114.871	-3.17006	-3.16996	0.00375809	0.359859	0.313386	0.0339738
173601	0.99689	1.00358	0.000782875	1.48949	1.49949	114.539	-4.65973	-4.66945	114.637	-3.17024	-3.16996	0.00375612	0.644019	0.313898	0.0340059
173801	1.01733	1.00356	0.00078162	1.52004	1.49946	114.356	-4.69009	-4.66942	114.452	-3.17005	-3.16996	0.00375165	0.247843	0.314446	0.034081
174001	1.06575	1.00366	0.000784132	1.59238	1.49961	114.723	-4.76266	-4.66957	114.823	-3.17029	-3.16996	0.00374916	0.0097293	0.31394	0.0341026
174201	1.05742	1.00372	0.000784335	1.57993	1.4997	114.753	-4.75024	-4.66967	114.857	-3.17032	-3.16996	0.00377021	0.0135292	0.313501	0.0340993
174401	1.02839	1.00375	0.000784006	1.53655	1.49975	114.705	-4.70654	-4.66971	114.81	-3.16999	-3.16996	0.00376688	0.136836	0.313352	0.0340684
174601	1.00164	1.00372	0.000782899	1.4966	1.4997	114.543	-4.66647	-4.66966	114.649	-3.16988	-3.16996	0.00375751	0.37874	0.313525	0.0340139
174801	0.975833	1.00366	0.000785905	1.45803	1.49961	114.983	-4.62808	-4.66957	115.088	-3.17005	-3.16996	0.003748	0.550491	0.314001	0.0341227
175001	0.968365	1.00359	0.000786169	1.44687	1.49951	115.021	-4.6168	-4.66947	115.125	-3.16993	-3.16996	0.00373961	0.510501	0.314561	0.0341594
175201	0.981322	1.00354	0.00078659	1.46623	1.49943	115.083	-4.63614	-4.66939	115.187	-3.1699	-3.16996	0.00373032	0.437946	0.314879	0.0341472
175401	0.995706	1.00347	0.000787388	1.48773	1.49932	115.2	-4.65764	-4.66928	115.304	-3.16991	-3.16996	0.00372056	0.367083	0.315177	0.0341166
175601	1.00442	1.0035	0.000786933	1.50074	1.49937	115.133	-4.67056	-4.66933	115.237	-3.16982	-3.16996	0.00371146	0.267264	0.314979	0.0340781
175801	0.95059	1.00345	0.00078684	1.42031	1.4993	115.12	-4.59013	-4.66926	115.224	-3.16982	-3.16996	0.00370485	0.491081	0.315073	0.0340193
176001	1.02894	1.00351	0.000788886	1.53739	1.49939	115.419	-4.70728	-4.66935	115.522	-3.16989	-3.16996	0.00369744	0.122534	0.314542	0.0341003
176201	1.00167	1.00351	0.000790111	1.49663	1.49939	115.598	-4.66649	-4.66935	115.701	-3.16986	-3.16996	0.00368904	0.241434	0.314253	0.0341425
176401	0.980196	1.00351	0.000788726	1.46455	1.49938	115.395	-4.6343	-4.66934	115.499	-3.16975	-3.16996	0.00368505	0.341837	0.314119	0.0340794
176601	0.959185	1.00348	0.000788206	1.43316	1.49934	115.319	-4.60303	-4.6693	115.423	-3.16987	-3.16996	0.00367739	0.436382	0.314011	0.0340216
176801	1.00141	1.00351	0.000789845	1.49624	1.49939	115.559	-4.66607	-4.66935	115.661	-3.16983	-3.16996	0.00367131	0.364398	0.313722	0.0340242
177001	1.02013	1.0035	0.000788707	1.52421	1.49937	115.393	-4.69401	-4.66933	115.495	-3.1698	-3.16996	0.00366569	0.177359	0.313853	0.0339651
177201	0.948924	1.00348	0.000791103	1.41783	1.49933	115.743	-4.58773	-4.66929	115.845	-3.1699	-3.16996	0.00365932	0.654467	0.313921	0.0340425
177401	1.01665	1.0035	0.000790311	1.51902	1.49937	115.627	-4.68904	-4.66933	115.729	-3.17002	-3.16996	0.0036503	0.400029	0.314074	0.0339824
177601	1.04418	1.00354	0.000789762	1.56015	1.49944	115.547	-4.7304	-4.66939	115.65	-3.17025	-3.16996	0.00364725	0.287967	0.314244	0.033926
177801	0.984319	1.00352	0.000789568	1.47071	1.4994	115.519	-4.64104	-4.66936	115.62	-3.17032	-3.16996	0.00365912	0.521922	0.314922	0.0340646
178001	1.03827	1.0036	0.000790735	1.55133	1.49952	115.689	-4.72171	-4.66948	115.796	-3.17038	-3.16996	0.0036773	0.212911	0.314721	0.0340192
178201	0.962126	1.00364	0.00079115	1.43755	1.49958	115.75	-4.6079	-4.66954	115.86	-3.17035	-3.16996	0.0036994	0.752799	0.314961	0.0340171
178401	1.03316	1.00366	0.000792828	1.54368	1.49961	115.996	-4.71412	-4.66958	116.108	-3.17044	-3.16996	0.00371864	0.279268	0.315165	0.0340666
178601	1.02825	1.00373	0.000793865	1.53634	1.49971	116.147	-4.70651	-4.66967	116.263	-3.17017	-3.16996	0.00373063	0.25929	0.31509	0.0340231
178801	0.986332	1.00371	0.000794526	1.47372	1.49968	116.244	-4.6438	-4.66965	116.359	-3.17008	-3.16996	0.00372384	0.562764	0.315544	0.0340768
179001	0.986258	1.00367	0.000793957	1.47361	1.49962	116.161	-4.64398	-4.66959	116.274	-3.17038	-3.16996	0.00372421	0.497321	0.316005	0.0340933
179201	1.00802	1.0036	0.000795331	1.50613	1.49951	116.362	-4.6763	-4.66948	116.469	-3.17018	-3.16997	0.0037358	0.421394	0.316737	0.0342534
179401	0.982688	1.00363	0.000797659	1.46827	1.49957	116.703	-4.63809	-4.66954	116.81	-3.16982	-3.16997	0.00372928	0.601177	0.31684	0.0342692
179601	1.02925	1.00367	0.000796722	1.53784	1.49963	116.565	-4.7076	-4.66959	116.671	-3.16976	-3.16997	0.00372797	0.176975	0.316848	0.0342314
179801	1.05821	1.00371	0.00079627	1.58111	1.49968	116.499	-4.75112	-4.66964	116.604	-3.17001	-3.16997	0.00372033	-0.152357	0.316429	0.0342573
180001	1.01583	1.00376	0.00079653	1.5178	1.49976	116.537	-4.68804	-4.66972	116.644	-3.17025	-3.16997	0.00371492	0.114762	0.315656	0.0344393
180201	0.986569	1.00375	0.000795805	1.47407	1.49974	116.431	-4.64453	-4.66971	116.536	-3.17046	-3.16997	0.00373189	0.548297	0.315811	0.0344486
180401	1.02934	1.00374	0.000795282	1.53798	1.49973	116.355	-4.70803	-4.6697	116.459	-3.17005	-3.16997	0.00373791	0.238789	0.316247	0.034489
180601	0.946325	1.00373	0.000796015	1.41394	1.49971	116.462	-4.58398	-4.66968	116.565	-3.17004	-3.16997	0.0037294	0.64077	0.316261	0.0344811
180801	0.98419	1.00371	0.000795319	1.47052	1.49968	116.36	-4.64055	-4.66965	116.463	-3.17004	-3.16997	0.0037213	0.499	0.31654	0.0344503
181001	1.00513	1.00367	0.000795153	1.5018	1.49962	116.336	-4.67175	-4.66959	116.438	-3.16995	-3.16997	0.00371241	0.391682	0.316824	0.0344329
181201	0.954246	1.0036	0.000795673	1.42578	1.49952	116.412	-4.59574	-4.66949	116.514	-3.16996	-3.16997	0.00370331	0.557584	0.317329	0.0344684
181401	1.00602	1.00356	0.000798271	1.50313	1.49946	116.792	-4.67311	-4.66943	116.894	-3.16997	-3.16997	0.00369425	0.146675	0.31732	0.0345004
181601	0.978686	1.00355	0.000797959	1.46229	1.49945	116.746	-4.63229	-4.66942	116.849	-3.16999	-3.16997	0.00368539	0.369129	0.316987	0.0345196
181801	1.00481	1.00359	0.000797655	1.50133	1.49951	116.702	-4.67138	-4.66948	116.804	-3.17005	-3.16997	0.00367678	0.31377	0.316675	0.034496
182001	0.943382	1.00357	0.000796754	1.40955	1.49948	116.57	-4.57954	-4.66945	116.672	-3.16999	-3.16997	0.00366842	0.632357	0.316831	0.0344421
182201	0.982283	1.00354	0.000798371	1.46767	1.49942	116.807	-4.63757	-4.66939	116.908	-3.16991	-3.16997	0.00365961	0.385257	0.31701	0.034463
182401	0.987805	1.00351	0.000797205	1.47592	1.49939	116.636	-4.64553	-4.66935	116.738	-3.16961	-3.16997	0.00365715	0.323945	0.31701	0.0343959
182601	1.07135	1.00351	0.000797006	1.60075	1.49939	116.607	-4.77035	-4.66936	116.709	-3.1696	-3.16997	0.00366985	-0.109414	0.316813	0.0343737
182801	1.00296	1.00353	0.000796306	1.49857	1.49942	116.505	-4.66833	-4.66939	116.605	-3.16976	-3.16997	0.00367754	0.46134	0.316806	0.0343461
183001	1.06009	1.00354	0.000796798	1.58393	1.49943	116.577	-4.75382	-4.6694	116.676	-3.16989	-3.16997	0.00367188	0.157459	0.317201	0.0343999
183201	0.98727	1.00358	0.000796216	1.47512	1.49949	116.491	-4.64521	-4.66945	116.591	-3.17009	-3.16997	0.00366358	0.475732	0.317252	0.0343348
183401	0.985918	1.00351	0.000802015	1.4731	1.49938	117.34	-4.6434	-4.66935	117.436	-3.1703	-3.16997	0.00366177	0.469903	0.317823	0.0345152
183601	0.985492	1.00351	0.000801048	1.47246	1.49939	117.198	-4.64287	-4.66935	117.294	-3.17041	-3.16997	0.00368475	0.469699	0.317986	0.034462
183801	1.02586	1.00352	0.00079979	1.53278	1.4994	117.014	-4.70297	-4.66937	117.111	-3.17019	-3.16997	0.00370268	0.19615	0.31788	0.0344106
184001	1.02545	1.00356	0.000798565	1.53216	1.49945	116.835	-4.70234	-4.66942	116.932	-3.17018	-3.16997	0.00369805	0.199817	0.31773	0.0343433
184201	0.979079	1.00355	0.000798627	1.46288	1.49945	116.844	-4.63305	-4.66942	116.941	-3.17016	-3.16997	0.00369657	0.371159	0.317681	0.0343085
184401	0.994718	1.00356	0.000797961	1.48625	1.49947	116.747	-4.65608	-4.66944	116.844	-3.16984	-3.16997	0.00369021	0.304567	0.317374	0.0343065
184601	1.0081	1.00358	0.00079671	1.50624	1.49949	116.564	-4.67597	-4.66946	116.66	-3.16974	-3.16997	0.00368642	0.163797	0.317083	0.0342834
184801	1.01638	1.00358	0.000795328	1.51861	1.49949	116.362	-4.68827	-4.66946	116.458	-3.16965	-3.16997	0.00368732	0.24394	0.316941	0.0342297
185001	0.968899	1.00347	0.000800352	1.44767	1.49932	117.096	-4.6175	-4.66929	117.198	-3.16983	-3.16997	0.0036895	0.627167	0.317656	0.0344234
185201	1.03801	1.00346	0.000801168	1.55093	1.49931	117.216	-4.72091	-4.66927	117.318	-3.16998	-3.16997	0.00368146	0.237851	0.318019	0.0344955
185401	0.982089	1.0034	0.00080291	1.46738	1.49922	117.471	-4.63736	-4.66919	117.572	-3.16998	-3.16997	0.00367309	0.468484	0.318584	0.0346135
185601	1.00596	1.00341	0.00080167	1.50304	1.49923	117.289	-4.67298	-4.6692	117.391	-3.16994	-3.16997	0.00366463	0.24206	0.31852	0.0345542
185801	1.02043	1.00343	0.000800508	1.52466	1.49926	117.119	-4.69439	-4.66923	117.22	-3.16972	-3.16997	0.00365938	0.300834	0.318394	0.0344898
186001	1.05022	1.00342	0.000800012	1.56918	1.49926	117.047	-4.73898	-4.66922	117.147	-3.16981	-3.16997	0.00366025	0.13753	0.318543	0.0344541
186201	1.06648	1.0035	0.000801876	1.59348	1.49937	117.319	-4.76341	-4.66934	117.419	-3.16994	-3.16997	0.00365274	-0.0119697	0.318244	0.0344506
186401	1.00537	1.00355	0.000802381	1.50217	1.49944	117.393	-4.6721	-4.66941	117.492	-3.16993	-3.16997	0.00364468	0.402767	0.318038	0.0344338
186601	0.973144	1.00354	0.000801965	1.45401	1.49944	117.332	-4.62393	-4.6694	117.431	-3.16992	-3.16997	0.00363637	0.437861	0.318094	0.0344071
186801	1.01366	1.00353	0.000800514	1.51455	1.49941	117.12	-4.68438	-4.66938	117.219	-3.16983	-3.16997	0.00362891	0.219631	0.318166	0.0343365
187001	1.01952	1.00354	0.000799894	1.52331	1.49943	117.029	-4.69316	-4.66939	117.127	-3.16985	-3.16997	0.00362414	0.185417	0.318103	0.0343034
187201	0.99772	1.00355	0.00080061	1.49073	1.49945	117.134	-4.66042	-4.66941	117.232	-3.16969	-3.16997	0.00361809	0.365887	0.318019	0.0343258
187401	1.01946	1.00357	0.000799405	1.52321	1.49948	116.958	-4.69298	-4.66944	117.055	-3.16977	-3.16996	0.00362103	0.222621	0.317867	0.0342667
187601	0.959733	1.00357	0.000800213	1.43398	1.49948	117.076	-4.60393	-4.66945	117.172	-3.16995	-3.16996	0.00361402	0.485825	0.317831	0.0342681
187801	0.9916	1.00352	0.000799828	1.48159	1.4994	117.02	-4.65159	-4.66936	117.115	-3.17	-3.16996	0.00360737	0.337018	0.317886	0.0341944
188001	0.987185	1.00347	0.000800143	1.47499	1.49933	117.066	-4.64501	-4.66929	117.16	-3.17002	-3.16997	0.00359958	0.460521	0.318116	0.034163
188201	0.994776	1.00344	0.000801853	1.48634	1.49928	117.316	-4.65597	-4.66925	117.411	-3.16963	-3.16996	0.00359524	0.499535	0.318442	0.0342159
188401	0.991785	1.00342	0.000800362	1.48187	1.49926	117.098	-4.65148	-4.66922	117.194	-3.16962	-3.16996	0.00360738	0.177516	0.318471	0.0341784
188601	0.9894	1.00342	0.000798746	1.4783	1.49925	116.862	-4.64797	-4.66921	116.958	-3.16967	-3.16996	0.00361378	0.259814	0.318071	0.0341794
188801	0.97537	1.00347	0.000799891	1.45734	1.49932	117.029	-4.62734	-4.66928	117.123	-3.17	-3.16996	0.00361217	0.404511	0.317569	0.0342711
189001	1.03428	1.00342	0.000800105	1.54536	1.49925	117.06	-4.71574	-4.66922	117.152	-3.17038	-3.16996	0.00361739	0.313693	0.317935	0.0342769
189201	0.99709	1.00335	0.000802898	1.48979	1.49914	117.469	-4.66006	-4.6691	117.555	-3.17026	-3.16996	0.00362982	0.456454	0.318721	0.0345302
189401	0.999983	1.00337	0.000801816	1.49412	1.49917	117.311	-4.66411	-4.66914	117.398	-3.16999	-3.16996	0.00362533	0.218508	0.318557	0.034473
189601	0.972634	1.00338	0.000801036	1.45325	1.49919	117.197	-4.62337	-4.66915	117.283	-3.17012	-3.16996	0.0036181	0.512498	0.318292	0.0344689
189801	1.04765	1.00342	0.000801189	1.56533	1.49926	117.219	-4.73559	-4.66922	117.308	-3.17025	-3.16997	0.00361967	0.207651	0.318235	0.034413
190001	1.01441	1.00348	0.000801722	1.51567	1.49934	117.297	-4.68596	-4.66931	117.389	-3.17029	-3.16997	0.00362448	0.333082	0.318126	0.0343701
190201	1.0557	1.00347	0.000801369	1.57736	1.49933	117.245	-4.74768	-4.6693	117.337	-3.17032	-3.16997	0.00363583	0.0922354	0.318413	0.0343925
190401	1.01126	1.00346	0.000800657	1.51097	1.49931	117.141	-4.68087	-4.66928	117.233	-3.1699	-3.16997	0.00363206	0.325004	0.318676	0.0343958
190601	0.983356	1.0035	0.000801008	1.46927	1.49937	117.192	-4.63924	-4.66933	117.283	-3.16996	-3.16997	0.00362521	0.268623	0.318216	0.0344781
190801	0.979645	1.00353	0.000800123	1.46373	1.49941	117.063	-4.63367	-4.66938	117.154	-3.16995	-3.16997	0.00361728	0.502515	0.317985	0.0344424
191001	1.00586	1.00353	0.000798935	1.5029	1.49941	116.889	-4.6728	-4.66938	116.98	-3.16991	-3.16997	0.00361037	0.233044	0.31809	0.0343868
191201	1.03264	1.00357	0.000800844	1.54291	1.49947	117.169	-4.71293	-4.66944	117.258	-3.17001	-3.16997	0.00360281	0.166295	0.317885	0.0344073
191401	1.0359	1.00362	0.000800477	1.54777	1.49955	117.115	-4.71819	-4.66951	117.206	-3.17042	-3.16997	0.00360135	0.1782	0.317567	0.0343891
191601	0.998351	1.00366	0.000801723	1.49168	1.49961	117.297	-4.66226	-4.66958	117.393	-3.17059	-3.16997	0.00364594	0.570668	0.317618	0.0344157
191801	1.04351	1.00371	0.000801507	1.55915	1.49968	117.266	-4.72918	-4.66965	117.364	-3.17003	-3.16997	0.00366104	0.189833	0.317727	0.0343669
192001	1.02353	1.00376	0.000804043	1.52929	1.49975	117.637	-4.6993	-4.66972	117.735	-3.17	-3.16997	0.00365371	0.275743	0.317567	0.0343806
192201	1.00249	1.00375	0.000802929	1.49786	1.49975	117.474	-4.66814	-4.66972	117.571	-3.17027	-3.16997	0.00365178	0.426177	0.31784	0.0343615
192401	0.966584	1.00373	0.000802691	1.44421	1.49972	117.439	-4.61444	-4.66969	117.535	-3.17023	-3.16997	0.00365671	0.539915	0.318037	0.0343278
192601	0.985688	1.0037	0.000803168	1.47276	1.49967	117.509	-4.64301	-4.66965	117.603	-3.17025	-3.16997	0.0036617	0.526953	0.31843	0.0343781
192801	1.06361	1.00376	0.000803343	1.58918	1.49975	117.534	-4.75938	-4.66972	117.631	-3.1702	-3.16997	0.00365971	0.0168538	0.318223	0.0343512
193001	1.03208	1.00379	0.000803208	1.54208	1.4998	117.514	-4.71221	-4.66977	117.612	-3.17014	-3.16997	0.00365872	0.151374	0.318069	0.0343169
193201	1.04077	1.00379	0.000802851	1.55505	1.4998	117.462	-4.72493	-4.66977	117.559	-3.16988	-3.16997	0.00365235	0.119435	0.317982	0.0342745
193401	1.05478	1.00384	0.000803178	1.57598	1.49988	117.51	-4.74595	-4.66985	117.607	-3.16997	-3.16997	0.00364495	0.0328178	0.317674	0.034264
193601	1.01339	1.00385	0.000803075	1.51415	1.4999	117.495	-4.68417	-4.66987	117.591	-3.17002	-3.16997	0.00363724	0.256284	0.317663	0.0342264
193801	0.998606	1.00385	0.000801596	1.49206	1.49989	117.278	-4.66209	-4.66986	117.375	-3.17003	-3.16997	0.00363002	0.43344	0.31777	0.0341713
194001	1.01903	1.00385	0.000800819	1.52258	1.49989	117.165	-4.69256	-4.66986	117.261	-3.16999	-3.16997	0.00362237	0.151615	0.317731	0.0341368
194201	1.02684	1.00391	0.000801457	1.53424	1.49998	117.258	-4.70439	-4.66995	117.355	-3.17015	-3.16997	0.00361585	0.239137	0.317372	0.0341361
194401	1.05138	1.00392	0.000801051	1.57091	1.49999	117.199	-4.74088	-4.66997	117.296	-3.16997	-3.16997	0.00361075	0.0420276	0.31724	0.034111
194601	1.0268	1.00389	0.000804057	1.53418	1.49996	117.639	-4.70414	-4.66993	117.735	-3.16996	-3.16997	0.00360318	0.407275	0.31768	0.034304
194801	1.0181	1.00391	0.000803658	1.52118	1.49998	117.58	-4.69119	-4.66995	117.677	-3.17001	-3.16997	0.00359601	0.332173	0.31802	0.0343418
195001	0.953837	1.00391	0.00080337	1.42517	1.49999	117.538	-4.59536	-4.66996	117.635	-3.1702	-3.16997	0.00359324	0.664698	0.31812	0.0343147
195201	1.02586	1.00384	0.000805441	1.53278	1.49988	117.841	-4.70271	-4.66986	117.936	-3.16993	-3.16997	0.00358786	0.26719	0.318779	0.0344991
195401	1.01028	1.00386	0.000804966	1.5095	1.49991	117.772	-4.67941	-4.66988	117.866	-3.16991	-3.16997	0.00358063	0.218159	0.318601	0.0344633
195601	1.03228	1.00389	0.00080409	1.54237	1.49995	117.643	-4.7122	-4.66992	117.737	-3.16983	-3.16997	0.00357462	0.0482902	0.318312	0.0344555
195801	0.948401	1.00385	0.000804498	1.41704	1.4999	117.703	-4.58686	-4.66987	117.798	-3.16981	-3.16997	0.00357126	0.68237	0.318435	0.0344771
196001	1.04401	1.00383	0.000804966	1.5599	1.49987	117.772	-4.7296	-4.66984	117.866	-3.1697	-3.16997	0.00357041	0.0330019	0.31856	0.034501
196201	0.992063	1.00382	0.00080564	1.48228	1.49984	117.87	-4.65208	-4.66981	117.965	-3.1698	-3.16997	0.00356875	0.22967	0.318421	0.0344836
196401	0.928908	1.00372	0.000809576	1.38792	1.49969	118.446	-4.55767	-4.66966	118.545	-3.16976	-3.16997	0.00356837	0.62255	0.31874	0.0344889
196601	1.01246	1.00367	0.000809462	1.51276	1.49963	118.429	-4.68274	-4.6696	118.529	-3.16998	-3.16997	0.00356216	0.203916	0.318808	0.0344379
196801	0.940775	1.00367	0.0008088	1.40565	1.49962	118.332	-4.57545	-4.66959	118.432	-3.1698	-3.16997	0.00355598	0.496906	0.318626	0.0344032
197001	1.00349	1.00365	0.000809201	1.49935	1.49959	118.391	-4.66931	-4.66956	118.492	-3.16995	-3.16997	0.00355027	0.324248	0.318557	0.0343779
197201	1.0115	1.00365	0.000807939	1.51132	1.49959	118.206	-4.68155	-4.66956	118.307	-3.17023	-3.16997	0.00354502	0.329662	0.318622	0.0343173
197401	1.02936	1.00365	0.000807271	1.53801	1.49959	118.109	-4.70813	-4.66956	118.209	-3.17011	-3.16997	0.00354535	0.259022	0.31881	0.0342986
197601	1.02908	1.00371	0.00080777	1.53758	1.49969	118.182	-4.70798	-4.66966	118.285	-3.1704	-3.16997	0.00355007	0.143495	0.318433	0.0343065
197801	1.00849	1.00374	0.000806868	1.50683	1.49973	118.05	-4.67728	-4.6697	118.156	-3.17044	-3.16997	0.00357348	0.377974	0.318381	0.0342557
198001	0.984726	1.00376	0.000806744	1.47132	1.49976	118.032	-4.64176	-4.66974	118.14	-3.17044	-3.16997	0.00359591	0.503257	0.31846	0.0342321
198201	1.04078	1.00382	0.000811049	1.55507	1.49984	118.661	-4.72533	-4.66982	118.773	-3.17025	-3.16997	0.00360822	0.120284	0.318277	0.0343137
198401	1.04497	1.00381	0.000810421	1.56133	1.49983	118.57	-4.7315	-4.66981	118.68	-3.17017	-3.16997	0.00361044	-0.0896903	0.318093	0.0343077
198601	1.04203	1.00385	0.000810276	1.55693	1.49989	118.548	-4.727	-4.66987	118.66	-3.17006	-3.16997	0.00360506	0.00698836	0.317512	0.0344158
198801	0.933308	1.00382	0.000811549	1.39449	1.49985	118.735	-4.56446	-4.66983	118.846	-3.16997	-3.16997	0.00359789	0.653474	0.317549	0.0344301
199001	1.03409	1.00378	0.000812146	1.54508	1.49978	118.822	-4.71507	-4.66976	118.933	-3.16999	-3.16997	0.00359095	0.072483	0.317723	0.0344111
199201	1.04733	1.0038	0.000813371	1.56485	1.49982	119.001	-4.73477	-4.66979	119.113	-3.16992	-3.16997	0.00358385	0.103554	0.317533	0.0344587
199401	0.991443	1.00382	0.000813226	1.48136	1.49985	118.98	-4.65099	-4.66983	119.091	-3.16963	-3.16997	0.0035834	0.237776	0.317211	0.034456
199601	1.02995	1.00386	0.000812739	1.5389	1.4999	118.909	-4.70864	-4.66988	119.017	-3.16974	-3.16997	0.00358946	0.0655504	0.31676	0.0345057
199801	0.985249	1.00382	0.000813572	1.4721	1.49984	119.031	-4.64185	-4.66982	119.14	-3.16974	-3.16997	0.00358663	0.394384	0.316813	0.0344889
