timestep            	T              	T_{ave}             	T_{var}           	K/N            	K_{ave}/N           	K_{var}           	U/N            	U_{ave}/N           	U_{var}           	E/N            	E_{ave}/N           	E_{var}           	P              	P_{ave}             	P_{var}
100001	0.55876	0.55876	0	0.834865	0.834865	0	-5.35762	-5.35762	0	-4.52275	-4.52275	0	-0.721824	-0.721824	0
100201	0.566274	0.568078	2.56555e-05	0.846093	0.848788	3.75356	-5.36792	-5.37109	3.85395	-4.52183	-4.5223	0.00461373	-0.964011	-0.923969	0.00500495
100401	0.519706	0.554944	0.000283224	0.776514	0.829164	41.4374	-5.29791	-5.35107	42.6874	-4.52139	-4.5219	0.0133018	-0.752828	-0.884465	0.00579146
100601	0.551336	0.55173	0.000292275	0.823774	0.824363	42.7617	-5.34538	-5.34614	43.7968	-4.5216	-4.52177	0.0111404	-0.995332	-0.908368	0.0094344
100801	0.547835	0.55073	0.000282036	0.818542	0.822868	41.2637	-5.34049	-5.34463	42.0976	-4.52195	-4.52176	0.00856296	-0.93265	-0.917811	0.00858738
101001	0.559148	0.549716	0.000251741	0.835445	0.821352	36.8313	-5.35751	-5.34318	37.4495	-4.52207	-4.52183	0.00793302	-1.07137	-0.92132	0.00802282
101201	0.569578	0.550905	0.000256128	0.851029	0.82313	37.4732	-5.37299	-5.34498	38.0289	-4.52196	-4.52185	0.00687152	-1.06027	-0.943917	0.0102962
101401	0.545995	0.552371	0.000259296	0.815793	0.82532	37.9366	-5.33782	-5.34719	38.4449	-4.52203	-4.52187	0.00603509	-0.886681	-0.947354	0.00958104
101601	0.53217	0.549604	0.00028643	0.795137	0.821186	41.9066	-5.3175	-5.3431	42.2014	-4.52236	-4.52191	0.0060606	-0.723109	-0.924893	0.0122905
101801	0.569037	0.550716	0.000285518	0.850221	0.822848	41.7731	-5.37268	-5.34481	42.1374	-4.52246	-4.52197	0.00698717	-0.897164	-0.924108	0.0118881
102001	0.580521	0.550632	0.000326462	0.86738	0.822722	47.7634	-5.39018	-5.34475	48.1342	-4.5228	-4.52203	0.00861485	-0.887711	-0.902485	0.0171018
102201	0.567322	0.551026	0.000319562	0.847658	0.82331	46.7539	-5.37056	-5.34542	47.1481	-4.5229	-4.52211	0.0120078	-0.9048	-0.894804	0.0165687
102401	0.573742	0.549687	0.000342127	0.857251	0.821309	50.0554	-5.37958	-5.34346	50.295	-4.52233	-4.52215	0.0124912	-0.938236	-0.878548	0.0192618
102601	0.587644	0.550077	0.000333571	0.878022	0.821893	48.8035	-5.40058	-5.34406	49.0492	-4.52256	-4.52217	0.0117855	-1.02012	-0.875766	0.0183916
102801	0.556005	0.551333	0.000366785	0.83075	0.82377	53.6629	-5.35405	-5.34599	54.0081	-4.5233	-4.52222	0.0137262	-0.715638	-0.872983	0.0190603
103001	0.565165	0.551018	0.00035105	0.844436	0.823298	51.3608	-5.36833	-5.34561	51.6077	-4.52389	-4.52231	0.0208403	-0.616648	-0.854202	0.0231268
103201	0.564504	0.552061	0.000364833	0.843449	0.824857	53.3773	-5.36751	-5.34728	53.9548	-4.52406	-4.52243	0.0319971	-0.6142	-0.838356	0.0260742
103401	0.573674	0.553284	0.000380194	0.857149	0.826684	55.6247	-5.37985	-5.34917	56.4012	-4.5227	-4.52248	0.0341902	-0.83947	-0.831343	0.0257803
103601	0.542494	0.552626	0.000375586	0.810562	0.825701	54.9506	-5.33243	-5.34817	55.7187	-4.52187	-4.52247	0.0326739	-1.02515	-0.832146	0.0250815
103801	0.550154	0.552222	0.000363249	0.822007	0.825097	53.1455	-5.34405	-5.34753	53.9264	-4.52204	-4.52244	0.0322783	-0.980161	-0.843116	0.0259836
104001	0.588272	0.552141	0.000358113	0.878961	0.824976	52.3941	-5.40154	-5.34741	53.1523	-4.52258	-4.52243	0.0307979	-1.00181	-0.845795	0.0250308
104201	0.523647	0.552202	0.000355026	0.782402	0.825067	51.9426	-5.30556	-5.34752	52.6443	-4.52316	-4.52245	0.0299855	-0.441263	-0.838679	0.0260032
104401	0.544362	0.551255	0.000362718	0.813354	0.823652	53.0679	-5.33663	-5.34614	53.5974	-4.52328	-4.52249	0.0305521	-0.728427	-0.825905	0.0287555
104601	0.537016	0.551178	0.000350957	0.802377	0.823538	51.3472	-5.32556	-5.34606	51.8459	-4.52319	-4.52252	0.0305775	-0.733896	-0.823525	0.0277082
104801	0.530662	0.551252	0.000343851	0.792884	0.823648	50.3076	-5.31609	-5.3462	50.7948	-4.52321	-4.52255	0.0304266	-0.558605	-0.821269	0.0271688
105001	0.570046	0.551606	0.000340377	0.851729	0.824178	49.7993	-5.3753	-5.34676	50.3295	-4.52357	-4.52258	0.0311754	-0.654704	-0.815252	0.0271123
105201	0.559034	0.552078	0.000335098	0.835276	0.824883	49.0269	-5.35892	-5.34751	49.6325	-4.52365	-4.52262	0.032567	-0.670435	-0.809639	0.027073
105401	0.565241	0.551909	0.000329164	0.844549	0.82463	48.1588	-5.36801	-5.34729	48.7128	-4.52346	-4.52266	0.0332984	-0.795257	-0.803893	0.027273
105601	0.533058	0.552041	0.000322736	0.796463	0.824827	47.2182	-5.31993	-5.34751	47.7703	-4.52347	-4.52268	0.0333688	-0.599612	-0.801937	0.026561
105801	0.567113	0.552233	0.000324254	0.847347	0.825113	47.4404	-5.37095	-5.34783	48.0142	-4.5236	-4.52271	0.0340052	-0.761873	-0.798342	0.0263404
106001	0.576084	0.552589	0.000319689	0.86075	0.825645	46.7725	-5.38405	-5.34838	47.3795	-4.5233	-4.52274	0.0340856	-0.819007	-0.796269	0.0256585
106201	0.589787	0.553187	0.000325649	0.881225	0.826539	47.6445	-5.40427	-5.34929	48.279	-4.52304	-4.52275	0.0333575	-0.905135	-0.796524	0.0249821
106401	0.539803	0.553079	0.000337398	0.806542	0.826377	49.3634	-5.32901	-5.34913	49.9768	-4.52247	-4.52275	0.0323757	-0.799018	-0.794466	0.0251402
106601	0.50844	0.552492	0.000349329	0.759681	0.825501	51.109	-5.28163	-5.34824	51.7754	-4.52195	-4.52274	0.0320704	-0.861246	-0.796261	0.0246481
106801	0.498064	0.551744	0.000366861	0.744178	0.824384	53.6741	-5.2658	-5.34709	54.4674	-4.52162	-4.52271	0.0329535	-0.813938	-0.801887	0.0252954
107001	0.519071	0.551006	0.000382958	0.775566	0.82328	56.0292	-5.29721	-5.34596	56.9548	-4.52165	-4.52268	0.0341809	-0.89267	-0.80596	0.0253584
107201	0.549529	0.550654	0.000381834	0.821073	0.822754	55.8647	-5.34316	-5.34541	56.8189	-4.52209	-4.52265	0.0344812	-0.897149	-0.809392	0.0253272
107401	0.540956	0.550718	0.000377011	0.808264	0.82285	55.1591	-5.33038	-5.34549	56.0816	-4.52212	-4.52264	0.033953	-0.699541	-0.809612	0.0247619
107601	0.52738	0.550383	0.000375168	0.78798	0.82235	54.8894	-5.30986	-5.34497	55.8315	-4.52188	-4.52262	0.0337756	-0.741864	-0.807137	0.0244006
107801	0.538704	0.550485	0.000369155	0.8049	0.822502	54.0097	-5.32648	-5.3451	54.9083	-4.52158	-4.5226	0.0341568	-0.963549	-0.81198	0.0249562
108001	0.525337	0.550007	0.000373938	0.784928	0.821788	54.7094	-5.30671	-5.34436	55.6767	-4.52178	-4.52258	0.0348009	-0.908102	-0.815355	0.0249518
108201	0.572994	0.549834	0.000373371	0.856134	0.821529	54.6265	-5.37872	-5.34409	55.5991	-4.52259	-4.52257	0.0343445	-1.1145	-0.819298	0.0251331
108401	0.571606	0.549827	0.00037537	0.85406	0.82152	54.919	-5.37687	-5.34409	55.8661	-4.52281	-4.52257	0.0336134	-0.906957	-0.820299	0.024984
108601	0.555649	0.550041	0.000373062	0.830218	0.821839	54.5812	-5.35292	-5.34441	55.5135	-4.5227	-4.52258	0.0328858	-0.855983	-0.820396	0.0245127
108801	0.575247	0.550516	0.000375657	0.8595	0.822548	54.961	-5.38246	-5.34513	55.8929	-4.52296	-4.52258	0.0322128	-0.952155	-0.823386	0.0243814
109001	0.568249	0.550583	0.000370792	0.849044	0.822649	54.2491	-5.3727	-5.34524	55.1682	-4.52365	-4.5226	0.032293	-0.71449	-0.821652	0.0241832
109201	0.565307	0.550718	0.000364622	0.844648	0.822851	53.3465	-5.36851	-5.34547	54.2784	-4.52386	-4.52262	0.033632	-0.666826	-0.817554	0.0244497
109401	0.591482	0.551069	0.000370967	0.883758	0.823374	54.2749	-5.40773	-5.34602	55.2784	-4.52397	-4.52265	0.0351846	-0.654167	-0.812836	0.0250587
109601	0.564878	0.551254	0.000370554	0.844008	0.823651	54.2144	-5.36764	-5.34632	55.2441	-4.52364	-4.52267	0.0361422	-0.606044	-0.806909	0.0262826
109801	0.582046	0.551335	0.000367717	0.869659	0.823772	53.7993	-5.39323	-5.34646	54.8236	-4.52357	-4.52269	0.0365313	-0.810823	-0.803522	0.026383
110001	0.573958	0.551587	0.000368953	0.857574	0.824148	53.9801	-5.38061	-5.34685	55.0104	-4.52304	-4.5227	0.0363539	-0.861048	-0.802198	0.0261378
110201	0.555763	0.551637	0.00036555	0.830387	0.824224	53.4823	-5.35276	-5.34693	54.4964	-4.52237	-4.5227	0.0356928	-0.909256	-0.802024	0.0257673
110401	0.535967	0.551535	0.000363661	0.800809	0.824071	53.2059	-5.32281	-5.34676	54.2157	-4.522	-4.52269	0.0354007	-1.1092	-0.806753	0.0265428
110601	0.545874	0.551208	0.000376095	0.815612	0.823582	55.0251	-5.33734	-5.34626	56.0671	-4.52173	-4.52268	0.0355271	-1.24411	-0.812758	0.0283096
110801	0.520538	0.550762	0.000380621	0.777757	0.822916	55.6872	-5.29925	-5.34557	56.8101	-4.52149	-4.52266	0.0363968	-1.01555	-0.818244	0.0294558
111001	0.506826	0.550375	0.000383144	0.75727	0.822338	56.0563	-5.27896	-5.34498	57.2399	-4.52169	-4.52264	0.0370941	-0.767533	-0.820673	0.0293425
111201	0.494801	0.550085	0.000387766	0.739302	0.821904	56.7325	-5.26125	-5.34453	57.9416	-4.52195	-4.52262	0.0372177	-0.624915	-0.822433	0.0293212
111401	0.520641	0.549702	0.000396785	0.777911	0.821332	58.0521	-5.29973	-5.34394	59.2947	-4.52182	-4.52261	0.0371943	-0.809582	-0.82271	0.029073
111601	0.522503	0.549386	0.000399729	0.780693	0.82086	58.4829	-5.30268	-5.34346	59.7461	-4.52199	-4.5226	0.037115	-0.682228	-0.822569	0.0288039
111801	0.52042	0.549023	0.00040367	0.77758	0.820318	59.0594	-5.29976	-5.34291	60.3351	-4.52218	-4.52259	0.0367601	-0.601659	-0.819934	0.0288281
112001	0.575691	0.548786	0.00040691	0.860163	0.819963	59.5335	-5.38259	-5.34255	60.8069	-4.52243	-4.52258	0.0362584	-0.947151	-0.818249	0.0287524
112201	0.543808	0.548597	0.000407693	0.812526	0.81968	59.648	-5.33491	-5.34226	60.9066	-4.52238	-4.52258	0.0356948	-0.702497	-0.816791	0.0285455
112401	0.568483	0.548751	0.0004064	0.849393	0.819911	59.4588	-5.3718	-5.34249	60.6911	-4.52241	-4.52258	0.0351622	-1.01841	-0.817377	0.0284379
112601	0.556177	0.548726	0.000401344	0.831006	0.819874	58.7192	-5.35335	-5.34245	59.9331	-4.52234	-4.52258	0.0346347	-0.987509	-0.819317	0.0282422
112801	0.531251	0.548835	0.000408762	0.793764	0.820037	59.8044	-5.31584	-5.34261	60.9977	-4.52208	-4.52257	0.0342351	-0.792087	-0.821017	0.0284443
113001	0.545651	0.54864	0.000405641	0.815279	0.819745	59.3478	-5.33679	-5.3423	60.5512	-4.52151	-4.52256	0.0342789	-1.00077	-0.822301	0.0281529
113201	0.528298	0.548536	0.00040176	0.789351	0.81959	58.78	-5.31039	-5.34213	59.9915	-4.52104	-4.52254	0.0353671	-0.937147	-0.824951	0.028222
113401	0.527805	0.548498	0.000402398	0.788615	0.819534	58.8734	-5.3094	-5.34205	60.0827	-4.52078	-4.52251	0.0374064	-1.0714	-0.828922	0.0289637
113601	0.518681	0.548104	0.000407528	0.774982	0.818945	59.6239	-5.29607	-5.34143	60.9451	-4.52109	-4.52249	0.0395319	-1.00258	-0.832178	0.0292734
113801	0.547541	0.547931	0.000404289	0.818104	0.818685	59.15	-5.33962	-5.34116	60.4905	-4.52151	-4.52247	0.040122	-0.922517	-0.834036	0.0291653
114001	0.510058	0.547732	0.000405774	0.762098	0.818389	59.3673	-5.2837	-5.34085	60.72	-4.5216	-4.52246	0.0402349	-0.784952	-0.834934	0.0288815
114201	0.517411	0.547232	0.000419627	0.773085	0.817641	61.3941	-5.29409	-5.34009	62.8377	-4.52101	-4.52245	0.0409658	-0.907612	-0.834835	0.0285735
114401	0.553134	0.547019	0.000421042	0.826459	0.817323	61.601	-5.3479	-5.33975	63.0834	-4.52144	-4.52243	0.0418204	-1.03586	-0.836648	0.0284814
114601	0.503993	0.546853	0.000420166	0.753037	0.817075	61.4729	-5.2752	-5.33949	62.9554	-4.52216	-4.52242	0.0416549	-0.584844	-0.837031	0.0282486
114801	0.542063	0.5466	0.000422979	0.809919	0.816697	61.8844	-5.33256	-5.33912	63.3523	-4.52264	-4.52242	0.0411108	-0.633436	-0.834401	0.0284233
115001	0.546168	0.546653	0.000418063	0.816052	0.816777	61.1652	-5.33859	-5.3392	62.616	-4.52254	-4.52242	0.0405987	-0.848206	-0.833152	0.0282047
115201	0.543147	0.546627	0.000413108	0.811538	0.816738	60.4402	-5.3339	-5.33916	61.8727	-4.52236	-4.52242	0.0400684	-0.762626	-0.832875	0.0278679
115401	0.540583	0.546576	0.000408352	0.807707	0.816661	59.7445	-5.33005	-5.33908	61.1585	-4.52235	-4.52242	0.039549	-0.77702	-0.831727	0.0276153
115601	0.527854	0.546482	0.000405989	0.788688	0.816521	59.3987	-5.31074	-5.33894	60.7988	-4.52205	-4.52242	0.0390953	-0.978843	-0.833133	0.0275946
115801	0.520543	0.546412	0.000402417	0.777764	0.816416	58.8761	-5.29967	-5.33883	60.2651	-4.52191	-4.52241	0.0387681	-0.892274	-0.835743	0.0278289
116001	0.564356	0.546414	0.00040024	0.843227	0.81642	58.5576	-5.36552	-5.33883	59.9306	-4.5223	-4.52241	0.0383951	-1.02888	-0.837436	0.0277642
116201	0.563036	0.546617	0.000400002	0.841255	0.816722	58.5227	-5.36427	-5.33913	59.8862	-4.52302	-4.52241	0.0380217	-0.843096	-0.838518	0.0276608
116401	0.524804	0.546474	0.000399997	0.784132	0.816509	58.522	-5.30704	-5.33893	59.8535	-4.52291	-4.52242	0.0378562	-0.752736	-0.837248	0.0275008
116601	0.541718	0.546412	0.00039662	0.809403	0.816417	58.028	-5.3322	-5.33884	59.3387	-4.52279	-4.52242	0.0375236	-0.787576	-0.837357	0.0271969
116801	0.561421	0.546394	0.000392254	0.838841	0.81639	57.3892	-5.36121	-5.33882	58.6841	-4.52236	-4.52243	0.0371045	-1.02896	-0.837396	0.0269135
117001	0.534952	0.546457	0.0003954	0.799293	0.816483	57.8495	-5.3216	-5.33891	59.1289	-4.5223	-4.52242	0.036674	-0.87395	-0.839055	0.0270645
117201	0.548699	0.546402	0.000392329	0.819833	0.816402	57.4002	-5.34201	-5.33882	58.666	-4.52218	-4.52242	0.0362796	-0.84561	-0.839138	0.0267604
117401	0.53374	0.546343	0.000390719	0.797483	0.816314	57.1646	-5.31971	-5.33873	58.4178	-4.52223	-4.52242	0.035891	-0.770031	-0.838552	0.0265556
117601	0.510804	0.546117	0.000392397	0.763213	0.815975	57.4101	-5.28508	-5.33839	58.6671	-4.52187	-4.52242	0.0355832	-0.678119	-0.837351	0.0264326
117801	0.523741	0.545824	0.000395738	0.782542	0.815538	57.899	-5.30392	-5.33795	59.1831	-4.52138	-4.52241	0.0355979	-0.984159	-0.837438	0.0262286
118001	0.522867	0.545472	0.00040453	0.781236	0.815011	59.1853	-5.30225	-5.33741	60.5439	-4.52101	-4.52239	0.0363452	-0.954884	-0.8382	0.0260717
118201	0.528781	0.545091	0.000413875	0.790074	0.814442	60.5525	-5.31102	-5.33682	62.007	-4.52094	-4.52238	0.0375027	-0.96932	-0.838873	0.025841
118401	0.537983	0.545002	0.000410522	0.803823	0.81431	60.0619	-5.32579	-5.33668	61.5165	-4.52197	-4.52237	0.0378939	-0.797488	-0.839401	0.0256645
118601	0.546136	0.545111	0.00040842	0.816003	0.814472	59.7544	-5.33915	-5.33684	61.1985	-4.52315	-4.52237	0.0376138	-0.672413	-0.838816	0.0254683
118801	0.594023	0.545429	0.000417069	0.887554	0.814947	61.0198	-5.41085	-5.33733	62.5087	-4.52329	-4.52238	0.0378487	-0.697656	-0.837608	0.0253594
119001	0.567575	0.54546	0.000415548	0.848036	0.814994	60.7973	-5.371	-5.33738	62.2756	-4.52296	-4.52239	0.0378102	-0.732712	-0.834104	0.0264045
119201	0.528776	0.545524	0.000413404	0.790065	0.815089	60.4837	-5.31295	-5.33748	61.9538	-4.52288	-4.52239	0.0376085	-0.433101	-0.831563	0.0268477
119401	0.570512	0.545653	0.000412972	0.852426	0.815283	60.4204	-5.37467	-5.33768	61.8756	-4.52225	-4.52239	0.0372863	-0.981304	-0.83064	0.0269617
119601	0.54551	0.54576	0.000410363	0.815068	0.815442	60.0387	-5.33667	-5.33783	61.4711	-4.52161	-4.52239	0.0370928	-0.983563	-0.832143	0.0269095
119801	0.520651	0.545709	0.000408187	0.777925	0.815366	59.7204	-5.29973	-5.33775	61.1448	-4.5218	-4.52238	0.0370684	-0.734462	-0.833325	0.0268977
120001	0.51624	0.545507	0.000409098	0.771335	0.815064	59.8535	-5.29293	-5.33744	61.2875	-4.5216	-4.52238	0.0369474	-0.725638	-0.832401	0.0267457
120201	0.537676	0.545269	0.000411264	0.803364	0.814709	60.1705	-5.32488	-5.33708	61.6309	-4.52151	-4.52237	0.0370727	-0.931494	-0.831619	0.0265821
120401	0.517033	0.545017	0.000417092	0.77252	0.814332	61.0232	-5.29398	-5.33669	62.5126	-4.52146	-4.52236	0.0371824	-0.816166	-0.832143	0.0264713
120601	0.52671	0.544762	0.000419846	0.786979	0.813951	61.4261	-5.30812	-5.3363	62.9519	-4.52115	-4.52235	0.0374767	-0.800367	-0.831561	0.026263
120801	0.511701	0.544592	0.000420439	0.764553	0.813697	61.5128	-5.2853	-5.33603	63.0716	-4.52075	-4.52234	0.0383363	-0.825782	-0.831825	0.0260654
121001	0.529341	0.544424	0.00041966	0.790909	0.813446	61.3988	-5.31141	-5.33577	63.0003	-4.5205	-4.52232	0.039798	-1.17891	-0.833431	0.026176
121201	0.488474	0.544016	0.000434709	0.729848	0.812837	63.6007	-5.25039	-5.33514	65.3401	-4.52054	-4.5223	0.041646	-0.922273	-0.835456	0.0264184
121401	0.50174	0.543624	0.000447181	0.74967	0.812251	65.4254	-5.27124	-5.33454	67.2473	-4.52157	-4.52229	0.042298	-0.802575	-0.83589	0.0262099
121601	0.538102	0.543498	0.000447954	0.804001	0.812062	65.5385	-5.32618	-5.33435	67.3581	-4.52218	-4.52229	0.0420127	-0.767881	-0.835891	0.025988
121801	0.534946	0.543439	0.000447914	0.799285	0.811974	65.5327	-5.3216	-5.33426	67.3369	-4.52232	-4.52229	0.0416287	-0.839971	-0.835289	0.0259113
122001	0.562652	0.543471	0.000444754	0.840681	0.812023	65.0703	-5.36274	-5.33431	66.8579	-4.52206	-4.52229	0.0412555	-0.898255	-0.83538	0.0257273
122201	0.535269	0.543557	0.000443253	0.799768	0.81215	64.8507	-5.32147	-5.33443	66.6157	-4.5217	-4.52228	0.0410186	-0.929389	-0.83659	0.0256924
122401	0.55365	0.543482	0.000440666	0.827231	0.812038	64.4722	-5.34886	-5.33431	66.2306	-4.52163	-4.52228	0.0408755	-1.02618	-0.837466	0.0255662
122601	0.540221	0.543357	0.000443253	0.807166	0.811852	64.8507	-5.32908	-5.33412	66.6085	-4.52191	-4.52227	0.0406939	-0.938006	-0.838018	0.0255
122801	0.542241	0.543221	0.000443167	0.810184	0.811649	64.838	-5.33246	-5.33392	66.5847	-4.52228	-4.52227	0.0403535	-0.844075	-0.837796	0.0253292
123001	0.529883	0.543257	0.000439996	0.79172	0.811703	64.3742	-5.3144	-5.33397	66.1074	-4.52268	-4.52227	0.0400231	-0.634088	-0.83728	0.0251518
123201	0.552498	0.543374	0.000442637	0.82551	0.811878	64.7606	-5.34874	-5.33416	66.5001	-4.52323	-4.52228	0.039995	-0.63289	-0.836061	0.0251951
123401	0.543734	0.543477	0.000442277	0.812415	0.812031	64.7079	-5.33556	-5.33432	66.4543	-4.52314	-4.52229	0.0402289	-0.759055	-0.835128	0.0251039
123601	0.521826	0.54355	0.000441106	0.779681	0.81214	64.5365	-5.30223	-5.33443	66.2767	-4.52255	-4.52229	0.0400403	-0.591463	-0.834641	0.0249931
123801	0.564603	0.543648	0.000443093	0.843597	0.812287	64.8272	-5.36571	-5.33458	66.5496	-4.52212	-4.52229	0.039715	-0.851178	-0.834236	0.0249414
124001	0.526753	0.543656	0.000440019	0.787043	0.812298	64.3776	-5.30847	-5.33458	66.0857	-4.52143	-4.52229	0.039529	-0.783064	-0.83407	0.0247564
124201	0.510615	0.543605	0.000437492	0.762931	0.812223	64.0079	-5.28378	-5.3345	65.7149	-4.52085	-4.52228	0.0399851	-0.792218	-0.8345	0.0245936
124401	0.50102	0.543289	0.000446136	0.748594	0.81175	65.2725	-5.26932	-5.33401	67.0594	-4.52072	-4.52226	0.0408642	-0.848979	-0.834343	0.0244063
124601	0.519841	0.543001	0.000457064	0.776715	0.811319	66.8714	-5.29758	-5.33357	68.7302	-4.52087	-4.52225	0.0417181	-0.991198	-0.834935	0.0243891
124801	0.521164	0.542906	0.000457282	0.778692	0.811178	66.9033	-5.29986	-5.33342	68.7686	-4.52116	-4.52224	0.0421351	-0.840676	-0.836056	0.0244946
125001	0.53849	0.542854	0.000458971	0.80458	0.8111	67.1503	-5.32587	-5.33333	69.0133	-4.52129	-4.52223	0.0423745	-0.930567	-0.836885	0.0245351
125201	0.526325	0.542533	0.000469521	0.786403	0.81062	68.6939	-5.30784	-5.33285	70.5941	-4.52144	-4.52223	0.0423997	-0.79577	-0.835565	0.0246249
125401	0.502194	0.542386	0.000469572	0.750348	0.8104	68.7012	-5.27206	-5.33262	70.6063	-4.52171	-4.52222	0.0423287	-0.747406	-0.835607	0.0244592
125601	0.516531	0.542294	0.000468404	0.771771	0.810263	68.5304	-5.29377	-5.33248	70.4274	-4.522	-4.52222	0.042059	-0.892028	-0.83648	0.0244249
125801	0.553063	0.54223	0.000466534	0.826354	0.810168	68.2568	-5.34883	-5.33239	70.1407	-4.52247	-4.52222	0.0417421	-1.00043	-0.837521	0.0243896
126001	0.517239	0.542161	0.000463941	0.772828	0.810065	67.8775	-5.29554	-5.33229	69.7412	-4.52271	-4.52222	0.0415099	-0.585046	-0.837183	0.0242831
126201	0.56436	0.54214	0.000463186	0.843234	0.810033	67.7671	-5.36579	-5.33226	69.6139	-4.52256	-4.52223	0.0412638	-0.89523	-0.836468	0.0242748
126401	0.592845	0.542313	0.000464995	0.885794	0.810292	68.0317	-5.40833	-5.33252	69.8772	-4.52254	-4.52223	0.0410215	-1.09788	-0.836982	0.0241799
126601	0.566264	0.542403	0.000465368	0.846079	0.810426	68.0863	-5.36829	-5.33265	69.9209	-4.52221	-4.52223	0.0407216	-0.781675	-0.836836	0.024115
126801	0.556284	0.542386	0.00046247	0.831167	0.810401	67.6622	-5.3533	-5.33263	69.4833	-4.52213	-4.52223	0.0404186	-0.684256	-0.834889	0.0244708
127001	0.523222	0.54247	0.000463339	0.781767	0.810527	67.7895	-5.30359	-5.33275	69.5954	-4.52182	-4.52223	0.0401558	-0.798918	-0.834789	0.024321
127201	0.526617	0.542548	0.000462426	0.78684	0.810642	67.6558	-5.30827	-5.33286	69.4397	-4.52143	-4.52222	0.0400525	-0.907903	-0.836033	0.0243948
127401	0.509319	0.542546	0.000460013	0.760994	0.810639	67.3028	-5.28219	-5.33285	69.0746	-4.52119	-4.52222	0.0401674	-0.795032	-0.837185	0.024432
127601	0.536464	0.542436	0.000460417	0.801553	0.810476	67.3619	-5.32238	-5.33268	69.1443	-4.52083	-4.52221	0.0405333	-1.14969	-0.838198	0.0245891
127801	0.52172	0.542224	0.000463865	0.779523	0.810158	67.8663	-5.30021	-5.33235	69.6993	-4.52069	-4.5222	0.0412941	-0.942711	-0.83923	0.0245941
128001	0.530954	0.541991	0.000468984	0.79332	0.80981	68.6153	-5.3146	-5.332	70.4941	-4.52128	-4.52219	0.0417271	-0.976287	-0.839566	0.0244526
128201	0.533201	0.541864	0.00046884	0.796677	0.809621	68.5942	-5.31805	-5.3318	70.4792	-4.52137	-4.52218	0.0417255	-1.0068	-0.840314	0.024383
128401	0.534137	0.541817	0.000467545	0.798076	0.809551	68.4047	-5.31938	-5.33173	70.2848	-4.5213	-4.52218	0.0417562	-1.02858	-0.841664	0.0245108
128601	0.528619	0.541696	0.000468868	0.789831	0.80937	68.5984	-5.31109	-5.33154	70.487	-4.52126	-4.52217	0.0418276	-0.973367	-0.842514	0.0245334
128801	0.527753	0.541558	0.000470878	0.788537	0.809164	68.8925	-5.31037	-5.33133	70.7876	-4.52183	-4.52217	0.0417413	-0.90438	-0.843151	0.0244719
129001	0.516973	0.541471	0.000471198	0.77243	0.809034	68.9393	-5.29447	-5.3312	70.8253	-4.52204	-4.52216	0.04147	-0.817167	-0.843195	0.0243607
129201	0.552744	0.541514	0.000470808	0.825877	0.809098	68.8822	-5.3479	-5.33126	70.7525	-4.52202	-4.52216	0.0412065	-1.0437	-0.844478	0.0245383
129401	0.550206	0.541496	0.000470413	0.822085	0.809071	68.8244	-5.34456	-5.33123	70.6791	-4.52247	-4.52216	0.0409391	-0.842503	-0.844575	0.0245289
129601	0.568421	0.541588	0.000469048	0.849301	0.809209	68.6247	-5.37192	-5.33137	70.4737	-4.52262	-4.52217	0.0407254	-0.841825	-0.844519	0.0243864
129801	0.570827	0.541543	0.000468866	0.852896	0.809142	68.598	-5.37571	-5.33131	70.429	-4.52281	-4.52217	0.0405983	-0.815762	-0.843026	0.0246478
130001	0.536179	0.54166	0.000468248	0.801127	0.809316	68.5075	-5.32436	-5.33149	70.3446	-4.52323	-4.52218	0.0406388	-0.507093	-0.842068	0.0246699
130201	0.558646	0.541782	0.000468386	0.834696	0.809498	68.5278	-5.35854	-5.33168	70.3878	-4.52384	-4.52218	0.0411877	-0.552018	-0.840581	0.0248589
130401	0.575367	0.541884	0.000471088	0.859679	0.809651	68.9231	-5.38325	-5.33185	70.802	-4.52357	-4.52219	0.042081	-0.626127	-0.838417	0.0255119
130601	0.50827	0.541974	0.000472382	0.759427	0.809786	69.1124	-5.28191	-5.33199	70.9973	-4.52248	-4.5222	0.0421488	-0.552651	-0.837339	0.0256149
130801	0.53157	0.541837	0.000472688	0.794241	0.809581	69.1573	-5.31576	-5.33178	71.0338	-4.52152	-4.5222	0.0419268	-0.902683	-0.836757	0.0255764
131001	0.512562	0.541752	0.000470981	0.76584	0.809454	68.9075	-5.28642	-5.33165	70.7911	-4.52058	-4.52219	0.0422294	-1.08742	-0.837792	0.0256418
131201	0.499022	0.541477	0.000480317	0.745609	0.809043	70.2734	-5.26527	-5.33122	72.2589	-4.51966	-4.52218	0.0438024	-1.14245	-0.839507	0.0259548
131401	0.488877	0.541167	0.000493906	0.730451	0.80858	72.2615	-5.25003	-5.33074	74.3964	-4.51957	-4.52216	0.0463999	-1.02956	-0.84107	0.0262312
131601	0.507936	0.540906	0.000501987	0.758928	0.808189	73.4438	-5.27878	-5.33034	75.6923	-4.51985	-4.52215	0.0485571	-1.18538	-0.842717	0.0265215
131801	0.487674	0.540664	0.00050882	0.728654	0.807828	74.4435	-5.24868	-5.32996	76.7835	-4.52003	-4.52213	0.0502524	-1.08432	-0.844621	0.0269439
132001	0.543434	0.540383	0.000520164	0.811967	0.807408	76.1033	-5.33238	-5.32953	78.5368	-4.52042	-4.52212	0.0514629	-1.35108	-0.846418	0.0273344
132201	0.524924	0.540445	0.000517874	0.78431	0.807501	75.7682	-5.30558	-5.32961	78.1702	-4.52127	-4.52211	0.0518228	-0.763209	-0.848358	0.0279792
132401	0.518626	0.540306	0.000519048	0.774901	0.807293	75.94	-5.29651	-5.3294	78.3442	-4.52161	-4.52211	0.0516535	-0.623003	-0.847292	0.028025
132601	0.552763	0.540283	0.000517586	0.825905	0.807259	75.726	-5.34744	-5.32936	78.1175	-4.52154	-4.52211	0.0514262	-0.998279	-0.846838	0.028028
132801	0.518073	0.540207	0.000516138	0.774073	0.807146	75.5142	-5.29508	-5.32925	77.9056	-4.52101	-4.5221	0.0514015	-0.886265	-0.847122	0.0278863
133001	0.517727	0.540106	0.000515057	0.773558	0.806995	75.3561	-5.29425	-5.32909	77.7589	-4.52069	-4.52209	0.0517151	-0.879789	-0.847554	0.0277581
133201	0.512387	0.539988	0.000515787	0.765578	0.806818	75.4629	-5.28585	-5.3289	77.8893	-4.52027	-4.52208	0.0524545	-0.937777	-0.848183	0.0277094
133401	0.529503	0.539852	0.000518573	0.791153	0.806614	75.8705	-5.31108	-5.32869	78.3343	-4.51993	-4.52207	0.0536613	-1.16315	-0.849311	0.0278983
133601	0.486442	0.539761	0.000519832	0.726813	0.806479	76.0547	-5.24691	-5.32854	78.5424	-4.5201	-4.52206	0.0550946	-0.869205	-0.85091	0.0282576
133801	0.536683	0.539623	0.000522308	0.801879	0.806272	76.4169	-5.32247	-5.32832	78.9402	-4.52059	-4.52205	0.0559158	-1.03094	-0.851856	0.0282798
134001	0.522625	0.539511	0.000522039	0.780875	0.806106	76.3775	-5.30173	-5.32815	78.9146	-4.52085	-4.52204	0.0562476	-0.867912	-0.851969	0.0281442
134201	0.512968	0.539449	0.00052015	0.766447	0.806013	76.1012	-5.28749	-5.32805	78.6369	-4.52104	-4.52203	0.0563444	-0.787203	-0.852107	0.0279933
134401	0.499419	0.539315	0.000520651	0.746203	0.805813	76.1745	-5.26699	-5.32784	78.7244	-4.52078	-4.52203	0.0564704	-0.679691	-0.851604	0.0278831
134601	0.52165	0.539201	0.000520696	0.779419	0.805642	76.1811	-5.30023	-5.32766	78.7452	-4.52081	-4.52202	0.0567589	-0.965791	-0.851782	0.0277817
134801	0.523157	0.539109	0.000519955	0.78167	0.805504	76.0727	-5.30219	-5.32752	78.6456	-4.52052	-4.52201	0.0570898	-0.977579	-0.852324	0.0276977
135001	0.514733	0.538963	0.000521663	0.769083	0.805287	76.3226	-5.28985	-5.32729	78.919	-4.52077	-4.52201	0.0574484	-0.887227	-0.852644	0.0276005
135201	0.536583	0.538812	0.00052364	0.80173	0.805061	76.6118	-5.32253	-5.32706	79.231	-4.5208	-4.522	0.0577039	-1.09242	-0.852998	0.0274971
135401	0.518996	0.538701	0.000523318	0.775452	0.804896	76.5647	-5.29611	-5.32689	79.197	-4.52066	-4.52199	0.0579545	-1.04424	-0.853884	0.0274934
135601	0.504388	0.538598	0.000523052	0.753627	0.80474	76.5258	-5.27388	-5.32672	79.1776	-4.52025	-4.52198	0.0585343	-0.963545	-0.854939	0.027565
135801	0.483974	0.538346	0.000532265	0.723126	0.804364	77.8738	-5.24337	-5.32634	80.5972	-4.52025	-4.52197	0.059311	-1.04914	-0.855689	0.027544
136001	0.524315	0.538198	0.00053437	0.7834	0.804144	78.1816	-5.30392	-5.32611	80.9382	-4.52052	-4.52196	0.0599386	-1.0449	-0.857159	0.0278074
136201	0.524295	0.53816	0.000531816	0.783371	0.804086	77.808	-5.30429	-5.32604	80.5594	-4.52092	-4.52196	0.0601732	-0.84788	-0.857635	0.0277157
136401	0.527348	0.53806	0.000530929	0.787932	0.803938	77.6782	-5.30966	-5.32589	80.4276	-4.52173	-4.52195	0.0600279	-0.793971	-0.857234	0.0276034
136601	0.518997	0.538035	0.000529072	0.775455	0.803899	77.4066	-5.29779	-5.32585	80.1396	-4.52233	-4.52195	0.0597149	-0.730934	-0.857037	0.027497
136801	0.530788	0.538046	0.000527663	0.793072	0.803917	77.2004	-5.31572	-5.32587	79.9195	-4.52265	-4.52196	0.0595183	-0.781162	-0.856921	0.0273973
137001	0.526707	0.538063	0.000525062	0.786975	0.803942	76.8198	-5.30938	-5.3259	79.5263	-4.52241	-4.52196	0.0593357	-0.729968	-0.856699	0.0272632
137201	0.520641	0.538006	0.000523338	0.77791	0.803857	76.5677	-5.30011	-5.32582	79.2561	-4.5222	-4.52196	0.0590545	-0.759448	-0.856135	0.0271862
137401	0.542414	0.537912	0.000522765	0.810443	0.803716	76.4837	-5.33256	-5.32568	79.1548	-4.52212	-4.52196	0.0587495	-0.854517	-0.855795	0.0270724
137601	0.55519	0.537943	0.000520672	0.829532	0.803762	76.1775	-5.3517	-5.32573	78.8351	-4.52217	-4.52196	0.0584428	-0.881377	-0.855695	0.0269405
137801	0.557446	0.537957	0.000519222	0.832902	0.803783	75.9654	-5.3556	-5.32575	78.6093	-4.5227	-4.52197	0.0582053	-0.817741	-0.855181	0.0268901
138001	0.567135	0.538068	0.000519873	0.847379	0.803949	76.0607	-5.37041	-5.32592	78.7111	-4.52303	-4.52197	0.0582227	-0.873832	-0.854966	0.0267846
138201	0.565862	0.538164	0.00051952	0.845477	0.804093	76.009	-5.36811	-5.32607	78.663	-4.52263	-4.52198	0.0581778	-0.979929	-0.855085	0.0266518
138401	0.563571	0.53821	0.000518071	0.842054	0.804162	75.7971	-5.36422	-5.32614	78.4414	-4.52217	-4.52198	0.0579367	-1.06555	-0.855331	0.0265618
138601	0.521812	0.538227	0.000515978	0.779661	0.804187	75.4907	-5.30183	-5.32617	78.1219	-4.52217	-4.52198	0.0576446	-0.743908	-0.855627	0.0264724
138801	0.533855	0.538176	0.000514216	0.797655	0.804111	75.233	-5.32011	-5.32609	77.8472	-4.52245	-4.52198	0.0573872	-0.848014	-0.855347	0.0263606
139001	0.548798	0.538194	0.000511828	0.819981	0.804138	74.8836	-5.34263	-5.32612	77.4865	-4.52265	-4.52198	0.0571917	-0.741322	-0.855084	0.0262529
139201	0.559776	0.53832	0.000513116	0.836384	0.804326	75.0721	-5.35962	-5.32631	77.6873	-4.52324	-4.52199	0.0572359	-0.662424	-0.854518	0.0261948
139401	0.589059	0.538477	0.000518036	0.880136	0.80456	75.7918	-5.40379	-5.32656	78.4432	-4.52365	-4.522	0.0577042	-0.881036	-0.85405	0.0262265
139601	0.548686	0.538548	0.000517262	0.819814	0.804666	75.6787	-5.34323	-5.32667	78.3393	-4.52342	-4.522	0.0582012	-0.665285	-0.85313	0.0262857
139801	0.551372	0.538551	0.000515013	0.823828	0.804672	75.3496	-5.34675	-5.32668	77.9975	-4.52292	-4.52201	0.0584101	-0.78825	-0.852294	0.0263133
140001	0.577936	0.538637	0.000514863	0.863517	0.8048	75.3276	-5.38601	-5.32681	77.9731	-4.5225	-4.52201	0.0582751	-0.921515	-0.8521	0.0262103
140201	0.55552	0.538727	0.000514567	0.830025	0.804934	75.2843	-5.35244	-5.32695	77.9237	-4.52242	-4.52201	0.0580341	-0.772073	-0.851814	0.0261154
140401	0.545887	0.538784	0.000512978	0.815632	0.805019	75.0519	-5.33845	-5.32704	77.6848	-4.52282	-4.52202	0.0578775	-0.798485	-0.851351	0.0260375
140601	0.550682	0.538846	0.000512012	0.822797	0.805111	74.9106	-5.34587	-5.32713	77.542	-4.52308	-4.52202	0.0578673	-0.686052	-0.850934	0.0259752
140801	0.580916	0.538918	0.000510848	0.86797	0.805219	74.7403	-5.39106	-5.32725	77.3747	-4.52309	-4.52203	0.0579833	-1.02013	-0.8506	0.0259058
141001	0.550358	0.538965	0.000510576	0.822312	0.805289	74.7005	-5.34491	-5.32732	77.3315	-4.5226	-4.52203	0.05792	-1.01755	-0.850863	0.0258331
141201	0.543124	0.539001	0.000508748	0.811503	0.805343	74.433	-5.3335	-5.32738	77.0543	-4.522	-4.52203	0.0576674	-0.921529	-0.851317	0.0257827
141401	0.510986	0.538993	0.000507807	0.763485	0.805331	74.2953	-5.28528	-5.32736	76.9051	-4.52179	-4.52203	0.0574002	-0.86328	-0.851823	0.0257384
141601	0.542655	0.538903	0.00050813	0.810803	0.805197	74.3427	-5.33265	-5.32723	76.9439	-4.52185	-4.52203	0.0571396	-1.16042	-0.852653	0.0258168
141801	0.52876	0.538793	0.000508702	0.790042	0.805033	74.4262	-5.31209	-5.32706	77.0166	-4.52205	-4.52203	0.0568695	-0.965446	-0.853076	0.0257604
142001	0.541671	0.538819	0.000506795	0.809332	0.805072	74.1472	-5.33167	-5.3271	76.7265	-4.52234	-4.52203	0.0566066	-0.924471	-0.853697	0.0257205
142201	0.53005	0.538823	0.00050471	0.791969	0.805077	73.8423	-5.31471	-5.32711	76.4099	-4.52274	-4.52203	0.0564228	-0.78129	-0.853654	0.0256064
142401	0.581907	0.538908	0.000504791	0.86945	0.805204	73.8541	-5.39241	-5.32724	76.4248	-4.52296	-4.52204	0.0563983	-0.960617	-0.853661	0.0255099
142601	0.556575	0.538972	0.000505062	0.831601	0.805301	73.8937	-5.35488	-5.32734	76.466	-4.52327	-4.52204	0.0564338	-0.790011	-0.853371	0.0254558
142801	0.586126	0.539015	0.000505515	0.875755	0.805365	73.96	-5.39936	-5.32741	76.5338	-4.52361	-4.52205	0.0567915	-0.913317	-0.852668	0.0255195
143001	0.567832	0.539097	0.000505362	0.848422	0.805487	73.9376	-5.37205	-5.32754	76.5264	-4.52363	-4.52206	0.0573384	-0.884675	-0.85228	0.0254656
143201	0.546783	0.53915	0.000504821	0.816971	0.805566	73.8584	-5.34011	-5.32763	76.4504	-4.52314	-4.52206	0.0576468	-0.794752	-0.851994	0.0254027
143401	0.548184	0.539097	0.000503341	0.819064	0.805486	73.6419	-5.34138	-5.32755	76.2154	-4.52231	-4.52207	0.0575279	-0.900653	-0.851323	0.0253995
143601	0.592271	0.539197	0.000504428	0.884937	0.805636	73.801	-5.40669	-5.3277	76.3595	-4.52176	-4.52207	0.0572739	-1.39763	-0.852667	0.0257771
143801	0.545492	0.539158	0.000507375	0.815042	0.805577	74.2321	-5.33663	-5.32764	76.7822	-4.52158	-4.52206	0.057057	-1.10798	-0.853591	0.0259915
144001	0.524687	0.539093	0.000508564	0.783956	0.805481	74.4062	-5.30542	-5.32754	76.9521	-4.52147	-4.52206	0.0568828	-0.878379	-0.853929	0.0260072
144201	0.49992	0.539017	0.000509297	0.746951	0.805367	74.5133	-5.26812	-5.32743	77.0593	-4.52117	-4.52206	0.0567757	-0.736445	-0.853893	0.025939
144401	0.560926	0.538942	0.000510288	0.838102	0.805256	74.6584	-5.35924	-5.32731	77.2069	-4.52114	-4.52205	0.0567885	-1.17385	-0.854115	0.0259298
144601	0.523451	0.538941	0.000508739	0.782109	0.805253	74.4316	-5.30331	-5.3273	76.9691	-4.5212	-4.52205	0.0567634	-0.89756	-0.854977	0.0260182
144801	0.530986	0.538869	0.000508249	0.793368	0.805147	74.36	-5.31478	-5.32719	76.8979	-4.52141	-4.52205	0.056697	-0.914216	-0.855187	0.0259235
145001	0.538439	0.538861	0.000506798	0.804504	0.805134	74.1476	-5.32635	-5.32718	76.6755	-4.52185	-4.52205	0.0564924	-0.635485	-0.854927	0.0258838
145201	0.537575	0.538845	0.000504907	0.803213	0.805111	73.8711	-5.32546	-5.32716	76.3873	-4.52225	-4.52205	0.0562471	-0.751056	-0.854189	0.0258989
145401	0.510929	0.538798	0.000503636	0.7634	0.80504	73.6851	-5.28503	-5.32709	76.1921	-4.52163	-4.52205	0.0560119	-0.837976	-0.853907	0.0258075
145601	0.558037	0.538751	0.000502676	0.833786	0.80497	73.5446	-5.35497	-5.32701	76.0465	-4.52118	-4.52204	0.055916	-1.18815	-0.854699	0.0258771
145801	0.547086	0.538776	0.000501192	0.817424	0.805007	73.3275	-5.33908	-5.32705	75.8147	-4.52166	-4.52204	0.0558076	-0.897301	-0.855199	0.0258821
146001	0.545101	0.538822	0.000499979	0.814457	0.805076	73.1501	-5.33649	-5.32712	75.6253	-4.52203	-4.52204	0.0555721	-1.00554	-0.855687	0.0258323
146201	0.508074	0.538847	0.000499394	0.759135	0.805113	73.0644	-5.28091	-5.32715	75.529	-4.52178	-4.52204	0.0553407	-0.91016	-0.856753	0.026018
146401	0.521687	0.538759	0.000499333	0.779474	0.804982	73.0555	-5.30123	-5.32702	75.5139	-4.52176	-4.52204	0.0551204	-0.956087	-0.857019	0.0259278
146601	0.506437	0.538676	0.000499183	0.756687	0.804858	73.0336	-5.27819	-5.32689	75.4886	-4.5215	-4.52203	0.0549402	-0.890786	-0.857633	0.0259276
146801	0.541421	0.538624	0.000498554	0.808959	0.80478	72.9416	-5.3307	-5.32681	75.3905	-4.52175	-4.52203	0.0547591	-1.01533	-0.858147	0.0259015
147001	0.559602	0.538699	0.00049972	0.836123	0.804892	73.1121	-5.35856	-5.32693	75.5486	-4.52244	-4.52203	0.0545375	-0.826583	-0.858547	0.025961
147201	0.597137	0.538763	0.000499263	0.892206	0.804987	73.0453	-5.41525	-5.32702	75.4811	-4.52304	-4.52204	0.0544731	-0.958198	-0.858283	0.025878
147401	0.532147	0.538905	0.000503862	0.795102	0.8052	73.7181	-5.31801	-5.32724	76.1714	-4.52291	-4.52204	0.0545019	-0.585638	-0.857868	0.0258654
147601	0.53118	0.538902	0.000501959	0.793657	0.805196	73.4397	-5.31628	-5.32724	75.8822	-4.52262	-4.52204	0.0544291	-0.819669	-0.857471	0.0258459
147801	0.540387	0.538861	0.000500988	0.807414	0.805134	73.2977	-5.3294	-5.32718	75.7284	-4.52199	-4.52204	0.0542279	-0.963631	-0.857358	0.0257551
148001	0.563053	0.538879	0.000499394	0.84128	0.805161	73.0644	-5.36287	-5.3272	75.4841	-4.52159	-4.52204	0.0540249	-1.202	-0.858203	0.0258329
148201	0.522062	0.53887	0.000499042	0.780033	0.805148	73.013	-5.30126	-5.32719	75.4236	-4.52123	-4.52204	0.0539155	-0.8591	-0.858677	0.0258253
148401	0.503534	0.538777	0.000500825	0.75235	0.805009	73.2738	-5.27363	-5.32705	75.6892	-4.52128	-4.52204	0.0538751	-0.853443	-0.858761	0.0257623
148601	0.515613	0.538665	0.000502369	0.770398	0.804841	73.4997	-5.29174	-5.32688	75.92	-4.52135	-4.52203	0.0537774	-0.94216	-0.858934	0.0256818
148801	0.522387	0.538576	0.000502914	0.780519	0.804708	73.5794	-5.30154	-5.32674	76.0043	-4.52102	-4.52203	0.0537583	-1.03756	-0.859426	0.0256563
149001	0.549401	0.53862	0.000502026	0.820883	0.804774	73.4496	-5.3422	-5.3268	75.8575	-4.52132	-4.52203	0.0537696	-0.968103	-0.860486	0.0258363
149201	0.564737	0.538632	0.00050106	0.843797	0.804793	73.3082	-5.36557	-5.32682	75.7064	-4.52177	-4.52203	0.0536044	-1.02206	-0.860516	0.0257716
149401	0.547528	0.53871	0.000500768	0.818083	0.804908	73.2655	-5.34031	-5.32693	75.6522	-4.52223	-4.52203	0.0533948	-0.767171	-0.860826	0.0257194
149601	0.52722	0.538683	0.000499213	0.787741	0.804868	73.0379	-5.3102	-5.32689	75.4129	-4.52246	-4.52203	0.0532152	-0.627424	-0.859944	0.025821
149801	0.567617	0.538716	0.000499223	0.8481	0.804917	73.0394	-5.37046	-5.32695	75.4069	-4.52236	-4.52203	0.0530421	-0.954484	-0.859818	0.0258026
150001	0.523536	0.538677	0.000497981	0.782236	0.804859	72.8577	-5.30413	-5.32689	75.2154	-4.52189	-4.52203	0.0528396	-0.73453	-0.859206	0.0258093
150201	0.532503	0.538653	0.00049694	0.795634	0.804824	72.7055	-5.31734	-5.32685	75.0547	-4.5217	-4.52203	0.0526555	-1.00087	-0.859471	0.025802
150401	0.528454	0.538589	0.000496525	0.789585	0.804728	72.6447	-5.31157	-5.32676	74.9871	-4.52199	-4.52203	0.0524557	-0.913201	-0.859661	0.02572
150601	0.566358	0.538592	0.00049475	0.846219	0.804732	72.385	-5.36837	-5.32676	74.7182	-4.52215	-4.52203	0.0522507	-1.01578	-0.859958	0.0256478
150801	0.546468	0.538646	0.000494682	0.816499	0.804813	72.375	-5.33836	-5.32684	74.6997	-4.52186	-4.52203	0.0520477	-0.627627	-0.859776	0.0256632
151001	0.561745	0.538665	0.000494008	0.839326	0.804841	72.2764	-5.361	-5.32687	74.5905	-4.52168	-4.52203	0.0518577	-0.885271	-0.859095	0.0257692
151201	0.507555	0.538702	0.000493376	0.758359	0.804896	72.184	-5.28004	-5.32692	74.4858	-4.52168	-4.52202	0.0517042	-0.640516	-0.859162	0.0257001
151401	0.512229	0.538601	0.000494265	0.765342	0.804745	72.3141	-5.2873	-5.32677	74.6098	-4.52196	-4.52202	0.0515095	-0.73531	-0.858472	0.0257278
151601	0.553381	0.538614	0.000492758	0.826829	0.804765	72.0936	-5.34876	-5.32679	74.3799	-4.52193	-4.52202	0.0513142	-1.0087	-0.858931	0.0257059
151801	0.561386	0.53865	0.00049157	0.838789	0.80482	71.9198	-5.36076	-5.32684	74.197	-4.52197	-4.52202	0.0511169	-1.05402	-0.859367	0.0256673
152001	0.526051	0.53867	0.000490148	0.785994	0.804849	71.7117	-5.30787	-5.32687	73.98	-4.52187	-4.52202	0.0509218	-0.871866	-0.859771	0.0256213
152201	0.55894	0.538703	0.000489563	0.835134	0.804898	71.6261	-5.35709	-5.32692	73.8851	-4.52196	-4.52202	0.0507324	-1.05595	-0.860373	0.0256601
152401	0.568926	0.538773	0.000491105	0.850055	0.805003	71.8518	-5.37268	-5.32703	74.1081	-4.52263	-4.52202	0.0505635	-0.972597	-0.860749	0.0256522
152601	0.568268	0.538825	0.000490186	0.849072	0.80508	71.7173	-5.37217	-5.32711	73.9742	-4.5231	-4.52203	0.050554	-0.867784	-0.860591	0.0255659
152801	0.568192	0.538903	0.000490559	0.848959	0.805197	71.7719	-5.37271	-5.32723	74.0403	-4.52375	-4.52203	0.0508407	-0.611607	-0.85985	0.0256938
153001	0.580279	0.539086	0.00049833	0.867019	0.80547	72.9088	-5.39104	-5.32751	75.2409	-4.52402	-4.52204	0.0516371	-0.556959	-0.859073	0.0257736
153201	0.545351	0.539203	0.000500714	0.814832	0.805645	73.2576	-5.33819	-5.32769	75.6189	-4.52336	-4.52205	0.0521248	-0.577424	-0.858021	0.0260168
153401	0.568585	0.539309	0.000503368	0.849546	0.805804	73.6459	-5.37274	-5.32785	76.0221	-4.52319	-4.52205	0.0522587	-0.67932	-0.857588	0.0260285
153601	0.589316	0.539414	0.00050589	0.880521	0.805961	74.0149	-5.40359	-5.32801	76.4048	-4.52307	-4.52205	0.0523634	-0.929252	-0.857024	0.0260967
153801	0.555238	0.539523	0.000507381	0.829603	0.806124	74.2331	-5.35221	-5.32818	76.6312	-4.52261	-4.52206	0.0523168	-0.726091	-0.856769	0.0260315
154001	0.550396	0.539592	0.000507594	0.82237	0.806226	74.2641	-5.34515	-5.32828	76.6606	-4.52278	-4.52206	0.052199	-0.743828	-0.856587	0.0259773
154201	0.5651	0.539639	0.000506711	0.844339	0.806297	74.135	-5.3675	-5.32836	76.5317	-4.52316	-4.52206	0.0522344	-0.71328	-0.855921	0.0260188
154401	0.596065	0.539711	0.000507146	0.890606	0.806405	74.1987	-5.41328	-5.32847	76.5992	-4.52268	-4.52207	0.0522499	-1.07315	-0.85556	0.0260026
154601	0.537739	0.539818	0.000509656	0.803457	0.806565	74.5658	-5.32575	-5.32863	76.9667	-4.52229	-4.52207	0.0520935	-0.893465	-0.856149	0.0260219
154801	0.554564	0.539849	0.000508355	0.828596	0.80661	74.3755	-5.35063	-5.32868	76.7678	-4.52204	-4.52207	0.0519086	-0.949413	-0.856481	0.0259613
155001	0.547858	0.539858	0.000507307	0.818576	0.806624	74.2222	-5.34089	-5.32869	76.6054	-4.52232	-4.52207	0.0517245	-0.876011	-0.856573	0.0258908
155201	0.530908	0.539881	0.000506122	0.793251	0.806657	74.0489	-5.31579	-5.32873	76.4252	-4.52254	-4.52207	0.0515701	-0.792564	-0.856569	0.0258117
155401	0.572387	0.539925	0.000506843	0.855227	0.806723	74.1543	-5.3777	-5.32879	76.5263	-4.52247	-4.52207	0.0514415	-0.880742	-0.856532	0.0257492
155601	0.572661	0.539993	0.000506589	0.855637	0.806825	74.1172	-5.37789	-5.3289	76.484	-4.52225	-4.52207	0.0512741	-0.865671	-0.856288	0.0256816
155801	0.550313	0.540047	0.000505823	0.822245	0.806906	74.0051	-5.3441	-5.32898	76.3642	-4.52185	-4.52207	0.0510937	-0.865905	-0.856228	0.0255923
156001	0.522335	0.539976	0.000506529	0.780442	0.8068	74.1083	-5.30178	-5.32887	76.4679	-4.52134	-4.52207	0.0509808	-0.822243	-0.855722	0.025605
156201	0.523801	0.539988	0.00050505	0.782633	0.806819	73.892	-5.30366	-5.32889	76.2415	-4.52103	-4.52207	0.0509743	-0.806031	-0.856065	0.0255643
156401	0.54909	0.539965	0.000503652	0.820418	0.806784	73.6874	-5.34126	-5.32885	76.0341	-4.52084	-4.52206	0.051128	-1.08472	-0.856254	0.025506
156601	0.532347	0.539963	0.000502361	0.795401	0.806781	73.4985	-5.31645	-5.32884	75.8377	-4.52105	-4.52206	0.051207	-1.0132	-0.857085	0.0256238
156801	0.509551	0.539832	0.000506061	0.761341	0.806585	74.0399	-5.28219	-5.32864	76.4001	-4.52085	-4.52206	0.051322	-1.06805	-0.85724	0.0255832
157001	0.509137	0.539681	0.000511014	0.760723	0.806359	74.7646	-5.28163	-5.32841	77.1527	-4.5209	-4.52205	0.0514773	-1.04729	-0.857755	0.0255732
157201	0.504464	0.539573	0.000512897	0.75374	0.806198	75.0401	-5.27488	-5.32825	77.4417	-4.52114	-4.52205	0.0515351	-0.915024	-0.858151	0.0255341
157401	0.560687	0.539534	0.000512225	0.837745	0.80614	74.9416	-5.35915	-5.32819	77.3411	-4.52141	-4.52204	0.0514839	-1.08874	-0.85858	0.0255132
157601	0.498286	0.539527	0.000511623	0.74451	0.806129	74.8536	-5.26578	-5.32817	77.2463	-4.52127	-4.52204	0.0514104	-0.738209	-0.858931	0.0254952
157801	0.542888	0.539471	0.000511478	0.81115	0.806045	74.8324	-5.33236	-5.32808	77.2258	-4.52121	-4.52204	0.0513814	-1.01909	-0.85907	0.0254423
158001	0.53115	0.539453	0.000510519	0.793613	0.806018	74.6921	-5.31468	-5.32805	77.0811	-4.52106	-4.52204	0.0514126	-1.06844	-0.859653	0.0254649
158201	0.502843	0.539401	0.000510097	0.751318	0.80594	74.6303	-5.27236	-5.32797	77.0211	-4.52104	-4.52203	0.0514417	-0.898139	-0.860243	0.0254935
158401	0.532095	0.539356	0.000509174	0.795025	0.805874	74.4954	-5.31602	-5.3279	76.8873	-4.52099	-4.52203	0.0515183	-1.05188	-0.860984	0.0255813
158601	0.538827	0.539337	0.000507675	0.805084	0.805846	74.2761	-5.32622	-5.32787	76.6635	-4.52114	-4.52203	0.0515359	-0.984017	-0.861308	0.0255302
158801	0.51344	0.539322	0.00050661	0.767152	0.805823	74.1202	-5.28814	-5.32785	76.503	-4.52099	-4.52202	0.051579	-0.85769	-0.861746	0.0255226
159001	0.562891	0.539289	0.000506047	0.841038	0.805774	74.0378	-5.36214	-5.32779	76.419	-4.5211	-4.52202	0.0516051	-1.17954	-0.86217	0.025521
159201	0.534741	0.539296	0.000506311	0.798979	0.805783	74.0765	-5.32013	-5.3278	76.4489	-4.52115	-4.52202	0.0516231	-1.02167	-0.862791	0.0256086
159401	0.546787	0.539227	0.000506615	0.816977	0.805681	74.1209	-5.33813	-5.3277	76.4965	-4.52116	-4.52201	0.0515988	-1.18514	-0.863121	0.0255896
159601	0.504852	0.539192	0.000506289	0.754321	0.805629	74.0732	-5.27543	-5.32764	76.4472	-4.52111	-4.52201	0.0516059	-0.995743	-0.864016	0.0257653
159801	0.52595	0.539076	0.000508839	0.785843	0.805456	74.4464	-5.30661	-5.32746	76.8361	-4.52077	-4.52201	0.0516768	-0.992467	-0.864187	0.0256928
160001	0.52775	0.53905	0.000508913	0.788533	0.805416	74.4571	-5.30938	-5.32742	76.846	-4.52085	-4.522	0.0518582	-1.14584	-0.865012	0.0258802
160201	0.528162	0.538997	0.000508716	0.789148	0.805338	74.4283	-5.31072	-5.32734	76.8188	-4.52157	-4.522	0.0518394	-0.798802	-0.865505	0.0258974
160401	0.534525	0.538958	0.000507979	0.798655	0.80528	74.3206	-5.32086	-5.32728	76.7046	-4.5222	-4.522	0.0516766	-0.661422	-0.864814	0.0259644
160601	0.536277	0.538896	0.000508385	0.801273	0.805187	74.3799	-5.3232	-5.32719	76.754	-4.52193	-4.522	0.0515122	-0.821683	-0.86405	0.0260884
160801	0.524863	0.538862	0.000507215	0.784219	0.805136	74.2087	-5.30553	-5.32714	76.5775	-4.52131	-4.522	0.051379	-0.849004	-0.863995	0.0260073
161001	0.53787	0.538828	0.000506526	0.803653	0.805085	74.1079	-5.32432	-5.32708	76.4751	-4.52067	-4.522	0.0514598	-1.14929	-0.864303	0.0260091
161201	0.526272	0.53877	0.000506121	0.786325	0.804999	74.0486	-5.30692	-5.32699	76.4235	-4.52059	-4.52199	0.0516807	-1.13933	-0.865084	0.0261169
161401	0.514281	0.538658	0.000508813	0.768408	0.804831	74.4426	-5.2887	-5.32682	76.8438	-4.5203	-4.52199	0.0520081	-1.02795	-0.865562	0.0261197
161601	0.463118	0.538548	0.000511523	0.691963	0.804667	74.839	-5.2117	-5.32665	77.2771	-4.51974	-4.52198	0.0526966	-0.9219	-0.866233	0.0261869
161801	0.481146	0.538379	0.000519162	0.7189	0.804414	75.9567	-5.23861	-5.32639	78.463	-4.51971	-4.52197	0.0536152	-1.13243	-0.867049	0.0263356
162001	0.533408	0.538243	0.000524206	0.796987	0.804211	76.6947	-5.31688	-5.32618	79.2525	-4.51989	-4.52197	0.0544547	-1.30677	-0.867959	0.0265298
162201	0.523224	0.538206	0.000523857	0.781771	0.804155	76.6435	-5.30224	-5.32611	79.208	-4.52047	-4.52196	0.0549787	-1.17187	-0.869119	0.02688
162401	0.515042	0.538096	0.00052647	0.769545	0.803991	77.0258	-5.2906	-5.32595	79.6067	-4.52105	-4.52196	0.0551021	-0.999804	-0.869624	0.0269057
162601	0.493738	0.537996	0.000528186	0.737714	0.803841	77.277	-5.25913	-5.3258	79.8626	-4.52141	-4.52195	0.0550252	-0.782222	-0.869785	0.0268431
162801	0.521684	0.537929	0.000528469	0.77947	0.803741	77.3183	-5.30076	-5.32569	79.9028	-4.52129	-4.52195	0.0549129	-0.960296	-0.869835	0.0267768
163001	0.502371	0.537839	0.000529608	0.750613	0.803607	77.485	-5.27161	-5.32556	80.0766	-4.52099	-4.52195	0.0548876	-0.802873	-0.869915	0.0267118
163201	0.528896	0.537766	0.000529811	0.790245	0.803498	77.5147	-5.31116	-5.32544	80.1131	-4.52091	-4.52195	0.0549373	-1.10314	-0.870094	0.0266525
163401	0.523713	0.537734	0.000528562	0.782501	0.80345	77.332	-5.30374	-5.32539	79.9278	-4.52124	-4.52194	0.0549234	-1.00458	-0.87076	0.0267145
163601	0.521395	0.537727	0.000527195	0.779038	0.80344	77.132	-5.30063	-5.32538	79.7203	-4.52159	-4.52194	0.0548164	-0.94886	-0.871323	0.0267395
163801	0.525816	0.537644	0.000528213	0.785643	0.803316	77.2808	-5.30748	-5.32526	79.8642	-4.52184	-4.52194	0.0546525	-0.868563	-0.871179	0.0266713
164001	0.563795	0.537724	0.000529492	0.842388	0.803435	77.468	-5.36453	-5.32538	80.0446	-4.52214	-4.52194	0.0544842	-0.857083	-0.87157	0.0266702
164201	0.530302	0.537718	0.000528758	0.792345	0.803426	77.3606	-5.31459	-5.32537	79.9291	-4.52225	-4.52194	0.0543276	-0.819232	-0.87128	0.0266608
164401	0.534794	0.53766	0.000528943	0.799057	0.803339	77.3877	-5.32108	-5.32528	79.945	-4.52202	-4.52194	0.054172	-0.888691	-0.870907	0.0266506
164601	0.522615	0.537682	0.000528045	0.78086	0.803373	77.2563	-5.30252	-5.32532	79.805	-4.52166	-4.52194	0.0540084	-0.89741	-0.871331	0.0266496
164801	0.548369	0.537653	0.000526893	0.81934	0.80333	77.0878	-5.34091	-5.32527	79.6309	-4.52157	-4.52194	0.0538709	-1.12329	-0.87166	0.0266082
165001	0.534809	0.537673	0.000526316	0.799079	0.803359	77.0034	-5.32085	-5.3253	79.5372	-4.52177	-4.52194	0.0537223	-0.997052	-0.872154	0.0266453
165201	0.517894	0.537625	0.000525571	0.773807	0.803288	76.8943	-5.29585	-5.32523	79.4202	-4.52204	-4.52194	0.0535589	-0.833471	-0.872266	0.0265727
165401	0.522532	0.537579	0.000524936	0.780736	0.803218	76.8015	-5.30263	-5.32516	79.3191	-4.5219	-4.52194	0.0533959	-0.920501	-0.872293	0.0265046
165601	0.532396	0.537505	0.000525402	0.795475	0.803108	76.8695	-5.31718	-5.32505	79.3814	-4.5217	-4.52194	0.0532375	-0.997412	-0.872208	0.0264429
165801	0.516559	0.53741	0.000527243	0.771812	0.802966	77.139	-5.29307	-5.3249	79.6522	-4.52125	-4.52194	0.0531176	-1.04124	-0.872389	0.0263785
166001	0.500987	0.537344	0.000527589	0.748545	0.802867	77.1896	-5.26932	-5.3248	79.7078	-4.52078	-4.52194	0.0531261	-0.91262	-0.872817	0.0263782
166201	0.554877	0.537301	0.000527297	0.829064	0.802804	77.1468	-5.34932	-5.32474	79.6686	-4.52025	-4.52193	0.0533692	-1.28711	-0.873435	0.0264583
166401	0.512701	0.537213	0.000529244	0.766047	0.802672	77.4317	-5.28606	-5.3246	79.9787	-4.52002	-4.52193	0.0538701	-1.0478	-0.873928	0.0264852
166601	0.510148	0.537163	0.00052919	0.762234	0.802597	77.4238	-5.28235	-5.32452	79.9816	-4.52012	-4.52192	0.0543719	-1.06881	-0.87462	0.026582
166801	0.515912	0.537141	0.000527932	0.770845	0.802564	77.2398	-5.29085	-5.32448	79.7987	-4.52001	-4.52192	0.0548844	-1.04062	-0.875489	0.0267616
167001	0.515902	0.537076	0.000528075	0.77083	0.802467	77.2607	-5.29096	-5.32438	79.8363	-4.52013	-4.52191	0.0553968	-0.911222	-0.875632	0.0266984
167201	0.509396	0.537043	0.000527089	0.76111	0.802418	77.1164	-5.28194	-5.32432	79.6943	-4.52083	-4.52191	0.0556497	-0.944024	-0.876127	0.026716
167401	0.513572	0.536983	0.000527017	0.767349	0.802329	77.1058	-5.2888	-5.32423	79.6852	-4.52145	-4.5219	0.0556027	-0.943472	-0.876405	0.0266694
167601	0.532094	0.53692	0.000526926	0.795023	0.802234	77.0926	-5.31661	-5.32414	79.6681	-4.52158	-4.5219	0.0554568	-0.923362	-0.876332	0.0266044
167801	0.530979	0.536922	0.000525996	0.793357	0.802237	76.9565	-5.31485	-5.32414	79.5244	-4.52149	-4.5219	0.0553224	-0.999643	-0.876754	0.0266009
168001	0.489953	0.536887	0.000525397	0.732059	0.802184	76.8689	-5.25359	-5.32408	79.4321	-4.52153	-4.5219	0.0551948	-0.676416	-0.87684	0.0265551
168201	0.548123	0.536856	0.000524798	0.818973	0.802138	76.7813	-5.34065	-5.32404	79.339	-4.52168	-4.5219	0.0550484	-0.96797	-0.876751	0.0264945
168401	0.536998	0.536905	0.000525283	0.802351	0.802212	76.8522	-5.32422	-5.32411	79.4014	-4.52187	-4.5219	0.0548898	-0.797181	-0.876926	0.0264828
168601	0.553068	0.5369	0.000524721	0.826362	0.802204	76.7699	-5.34799	-5.3241	79.3118	-4.52163	-4.5219	0.0547356	-1.16179	-0.87715	0.0264807
168801	0.512035	0.536867	0.000524582	0.765053	0.802155	76.7496	-5.28617	-5.32405	79.2888	-4.52112	-4.5219	0.0546288	-1.00398	-0.877564	0.0264829
169001	0.507325	0.53681	0.000524773	0.758016	0.802069	76.7775	-5.27884	-5.32396	79.3209	-4.52083	-4.52189	0.0546532	-1.12662	-0.878234	0.026573
169201	0.505727	0.536742	0.000524961	0.755628	0.801968	76.8051	-5.27639	-5.32386	79.3555	-4.52076	-4.52189	0.0547128	-1.08054	-0.878974	0.0266877
169401	0.532922	0.536666	0.000526136	0.796261	0.801854	76.9769	-5.31742	-5.32374	79.5358	-4.52116	-4.52189	0.0547401	-1.06286	-0.87939	0.0266753
169601	0.54805	0.536641	0.000524922	0.818864	0.801818	76.7993	-5.34044	-5.3237	79.3534	-4.52158	-4.52189	0.0546392	-1.09214	-0.879756	0.0266496
169801	0.553072	0.536648	0.000524051	0.826367	0.801827	76.672	-5.34808	-5.32371	79.2182	-4.52172	-4.52189	0.054488	-0.980373	-0.880021	0.0266332
170001	0.552225	0.536664	0.000522949	0.825102	0.801851	76.5107	-5.34674	-5.32374	79.0489	-4.52163	-4.52189	0.0543462	-1.00065	-0.880234	0.0265801
170201	0.549127	0.53671	0.000522442	0.820473	0.80192	76.4366	-5.34198	-5.3238	78.965	-4.52151	-4.52188	0.0542087	-0.952073	-0.880538	0.0265427
170401	0.532797	0.536717	0.000521458	0.796074	0.80193	76.2925	-5.31707	-5.32381	78.8124	-4.521	-4.52188	0.0541298	-0.941207	-0.88066	0.0264941
170601	0.507819	0.536637	0.000522446	0.758753	0.801811	76.4371	-5.27902	-5.32369	78.9699	-4.52027	-4.52188	0.0542766	-0.977718	-0.880629	0.0264315
170801	0.501579	0.53656	0.000523336	0.749429	0.801696	76.5673	-5.26946	-5.32357	79.1203	-4.52003	-4.52187	0.0547007	-1.08864	-0.88118	0.0264686
171001	0.52285	0.536488	0.000523727	0.781211	0.801589	76.6246	-5.30128	-5.32346	79.1971	-4.52007	-4.52187	0.0551921	-1.25087	-0.88206	0.0266723
171201	0.52648	0.536481	0.000522449	0.786635	0.801578	76.4375	-5.30724	-5.32344	79.0057	-4.5206	-4.52186	0.0554667	-1.09718	-0.883069	0.0269674
171401	0.535383	0.536472	0.000521137	0.799938	0.801565	76.2456	-5.32152	-5.32343	78.808	-4.52158	-4.52186	0.0554368	-1.00842	-0.883572	0.0269889
171601	0.561609	0.536459	0.000520981	0.839124	0.801545	76.2228	-5.36097	-5.32341	78.7781	-4.52184	-4.52186	0.0552839	-1.0282	-0.883547	0.0269654
171801	0.542505	0.536472	0.000519832	0.810579	0.801565	76.0546	-5.3325	-5.32343	78.6029	-4.52192	-4.52186	0.0551302	-0.947127	-0.883645	0.0269022
172001	0.547456	0.536496	0.000518827	0.817977	0.801601	75.9077	-5.33959	-5.32346	78.4487	-4.52161	-4.52186	0.0549793	-1.03374	-0.883992	0.0268796
172201	0.527446	0.536467	0.000518666	0.788079	0.801557	75.8841	-5.3091	-5.32342	78.4212	-4.52102	-4.52186	0.0548949	-0.978107	-0.884093	0.0268384
172401	0.523086	0.536458	0.000517774	0.781563	0.801544	75.7536	-5.30316	-5.3234	78.2843	-4.52159	-4.52186	0.0548149	-0.851704	-0.884333	0.026808
172601	0.534357	0.536398	0.000518254	0.798405	0.801455	75.8237	-5.32032	-5.32331	78.3477	-4.52192	-4.52186	0.0546658	-0.923908	-0.884202	0.0267529
172801	0.521334	0.536393	0.000517153	0.778946	0.801447	75.6627	-5.30052	-5.32331	78.1802	-4.52157	-4.52186	0.0545181	-0.776815	-0.884187	0.0266922
173001	0.510211	0.536341	0.000517153	0.762327	0.801369	75.6628	-5.28313	-5.32323	78.1816	-4.5208	-4.52186	0.0544635	-0.947921	-0.884147	0.0266278
173201	0.544544	0.536268	0.000518853	0.813625	0.801259	75.9114	-5.33401	-5.32311	78.4425	-4.52038	-4.52185	0.0546304	-1.27295	-0.884457	0.0266383
173401	0.519704	0.53622	0.000519269	0.776511	0.801187	75.9723	-5.29693	-5.32304	78.5108	-4.52042	-4.52185	0.054869	-1.05386	-0.885078	0.0267318
173601	0.553664	0.536183	0.000519777	0.827252	0.801133	76.0466	-5.34814	-5.32298	78.5884	-4.52089	-4.52185	0.0549711	-1.1904	-0.885524	0.0267693
173801	0.534119	0.536165	0.000518698	0.798049	0.801106	75.8888	-5.31928	-5.32295	78.4262	-4.52123	-4.52184	0.0549282	-1.03758	-0.88595	0.0267727
174001	0.551975	0.536177	0.000517649	0.824728	0.801124	75.7353	-5.34621	-5.32297	78.2647	-4.52148	-4.52184	0.0548147	-1.01265	-0.886326	0.026769
174201	0.542274	0.536191	0.000516484	0.810234	0.801144	75.5649	-5.33149	-5.32299	78.0865	-4.52126	-4.52184	0.0547057	-1.07972	-0.886566	0.0267225
174401	0.531671	0.536218	0.000515757	0.794392	0.801185	75.4585	-5.31555	-5.32302	77.9698	-4.52116	-4.52184	0.0546368	-1.10806	-0.887375	0.026909
174601	0.567689	0.536232	0.000515324	0.848208	0.801206	75.3951	-5.36941	-5.32304	77.8981	-4.5212	-4.52184	0.0545731	-1.22648	-0.88787	0.0269593
174801	0.543133	0.536237	0.000515129	0.811517	0.801214	75.3666	-5.33289	-5.32305	77.8625	-4.52137	-4.52184	0.0544878	-1.08565	-0.888387	0.0270151
175001	0.533079	0.536254	0.00051397	0.796495	0.801239	75.1971	-5.31794	-5.32307	77.6851	-4.52145	-4.52184	0.0543694	-0.928134	-0.88879	0.0270152
175201	0.548595	0.536274	0.000512921	0.819678	0.801269	75.0435	-5.34106	-5.3231	77.5232	-4.52138	-4.52183	0.0542564	-0.903936	-0.888987	0.0269623
175401	0.544085	0.536289	0.000511937	0.812939	0.801291	74.8996	-5.33426	-5.32312	77.3713	-4.52133	-4.52183	0.0541523	-1.05078	-0.889019	0.0269199
175601	0.557286	0.536291	0.000511369	0.832664	0.801295	74.8164	-5.35408	-5.32313	77.2817	-4.52142	-4.52183	0.0540526	-1.16126	-0.889471	0.0269426
175801	0.523279	0.536284	0.000511151	0.781853	0.801284	74.7846	-5.30372	-5.32312	77.2424	-4.52187	-4.52183	0.053921	-0.841259	-0.889687	0.0269451
176001	0.524243	0.536273	0.000510411	0.783293	0.801267	74.6764	-5.30541	-5.3231	77.1276	-4.52212	-4.52183	0.0537893	-0.687701	-0.889529	0.0269056
176201	0.529388	0.536268	0.000509571	0.790981	0.80126	74.5535	-5.31283	-5.32309	76.9984	-4.52185	-4.52183	0.0536539	-0.935002	-0.889396	0.0268498
176401	0.525865	0.53626	0.000509025	0.785716	0.801248	74.4735	-5.30713	-5.32308	76.9133	-4.52142	-4.52183	0.053527	-0.947416	-0.889691	0.026835
176601	0.51115	0.536233	0.000508424	0.763729	0.801208	74.3856	-5.28538	-5.32304	76.8208	-4.52165	-4.52183	0.0534041	-0.954813	-0.889911	0.0267966
176801	0.514414	0.536206	0.000507668	0.768607	0.801167	74.275	-5.28974	-5.323	76.7061	-4.52114	-4.52183	0.0532925	-1.03685	-0.890431	0.0268428
177001	0.520763	0.536154	0.000508325	0.778093	0.801089	74.3711	-5.29917	-5.32292	76.804	-4.52108	-4.52183	0.053257	-0.945313	-0.890629	0.0268358
177201	0.540865	0.536124	0.000507455	0.808128	0.801044	74.2438	-5.32969	-5.32287	76.6735	-4.52156	-4.52183	0.0531682	-1.02096	-0.89091	0.0267975
177401	0.532537	0.53613	0.000506231	0.795685	0.801053	74.0648	-5.31783	-5.32288	76.4882	-4.52215	-4.52183	0.0530366	-0.840305	-0.890885	0.0267398
177601	0.539433	0.536134	0.000505481	0.805989	0.80106	73.955	-5.32842	-5.32289	76.3733	-4.52243	-4.52183	0.0529451	-0.840999	-0.890782	0.0266853
177801	0.528246	0.536137	0.000504291	0.789274	0.801065	73.7809	-5.31166	-5.32289	76.1933	-4.52239	-4.52183	0.0528599	-0.714631	-0.890544	0.0266451
178001	0.544158	0.536126	0.000503276	0.813048	0.801047	73.6324	-5.33535	-5.32288	76.0373	-4.5223	-4.52183	0.0527768	-0.788614	-0.890112	0.0266548
178201	0.520901	0.536126	0.000502339	0.7783	0.801048	73.4954	-5.3002	-5.32288	75.8939	-4.5219	-4.52183	0.0526566	-0.859957	-0.889937	0.02662
178401	0.497751	0.536069	0.000502624	0.74371	0.800962	73.537	-5.26547	-5.32279	75.9295	-4.52176	-4.52183	0.0525225	-0.805655	-0.889982	0.0265674
178601	0.512823	0.536043	0.000502094	0.76623	0.800924	73.4594	-5.28746	-5.32275	75.8471	-4.52123	-4.52183	0.0524112	-0.946565	-0.890231	0.0265443
178801	0.496337	0.535982	0.000502624	0.741597	0.800832	73.537	-5.26247	-5.32266	75.9284	-4.52087	-4.52183	0.0523767	-1.00302	-0.890465	0.0264997
179001	0.537339	0.535934	0.000502643	0.80286	0.800761	73.5398	-5.32377	-5.32259	75.9346	-4.52091	-4.52183	0.0524038	-1.17715	-0.890996	0.0265556
179201	0.50731	0.535875	0.00050338	0.757993	0.800672	73.6477	-5.27981	-5.3225	76.04	-4.52182	-4.52182	0.0523223	-0.726235	-0.891035	0.026569
179401	0.514981	0.535811	0.00050406	0.769454	0.800577	73.7472	-5.29126	-5.3224	76.1325	-4.5218	-4.52182	0.0521915	-0.641714	-0.890427	0.0266648
179601	0.506756	0.535793	0.000503507	0.757164	0.80055	73.6662	-5.27874	-5.32237	76.046	-4.52157	-4.52182	0.0520633	-0.823758	-0.890234	0.0266423
179801	0.528236	0.535805	0.000503149	0.789259	0.800568	73.6139	-5.31081	-5.32239	75.9869	-4.52155	-4.52182	0.0519462	-0.966677	-0.890599	0.0266565
180001	0.539207	0.535761	0.000503199	0.80565	0.800502	73.6211	-5.32734	-5.32232	75.991	-4.52169	-4.52182	0.0518296	-0.944874	-0.890544	0.0266001
180201	0.538111	0.535758	0.00050222	0.804013	0.800497	73.4779	-5.32583	-5.32232	75.8417	-4.52181	-4.52182	0.0517008	-1.04543	-0.890698	0.0265489
180401	0.514775	0.535713	0.00050206	0.769146	0.800431	73.4546	-5.2907	-5.32225	75.8143	-4.52156	-4.52182	0.0515785	-0.899717	-0.89088	0.0265015
180601	0.549158	0.535721	0.000501298	0.82052	0.800442	73.343	-5.34219	-5.32226	75.6964	-4.52167	-4.52182	0.0514648	-1.03535	-0.891207	0.0264935
180801	0.557511	0.535748	0.000500817	0.833	0.800483	73.2727	-5.35535	-5.32231	75.6205	-4.52235	-4.52182	0.0513527	-0.768252	-0.891064	0.0264988
181001	0.540489	0.535782	0.000500324	0.807567	0.800534	73.2006	-5.33018	-5.32236	75.547	-4.52262	-4.52182	0.0512986	-0.717006	-0.890714	0.0264883
181201	0.548208	0.535807	0.000499959	0.8191	0.800571	73.1472	-5.34177	-5.3224	75.4919	-4.52267	-4.52183	0.0512919	-0.700125	-0.890252	0.0265348
181401	0.526516	0.535827	0.000498972	0.786689	0.8006	73.0028	-5.30904	-5.32243	75.3446	-4.52235	-4.52183	0.0512442	-0.827437	-0.889982	0.0265068
181601	0.487808	0.535822	0.000498477	0.728853	0.800593	72.9304	-5.25075	-5.32242	75.2662	-4.5219	-4.52183	0.051136	-0.519181	-0.889878	0.0264757
181801	0.563862	0.535823	0.000498277	0.842488	0.800595	72.901	-5.36401	-5.32242	75.2301	-4.52153	-4.52183	0.0510166	-0.932052	-0.889537	0.0264872
182001	0.554157	0.535835	0.0004976	0.827988	0.800613	72.8021	-5.34963	-5.32244	75.1249	-4.52164	-4.52183	0.0509018	-0.965585	-0.889393	0.0264497
182201	0.553201	0.535895	0.000498184	0.82656	0.800703	72.8875	-5.34838	-5.32253	75.2031	-4.52182	-4.52183	0.0507811	-0.956443	-0.889698	0.0264336
182401	0.529851	0.535899	0.000497164	0.791671	0.800709	72.7382	-5.3135	-5.32254	75.0483	-4.52183	-4.52183	0.0506581	-0.81847	-0.889608	0.0263794
182601	0.537811	0.535903	0.000496205	0.803565	0.800714	72.5978	-5.32507	-5.32254	74.9019	-4.5215	-4.52183	0.0505408	-0.894372	-0.889564	0.0263249
182801	0.52117	0.535896	0.000495292	0.778701	0.800704	72.4644	-5.30005	-5.32253	74.7634	-4.52135	-4.52183	0.0504396	-0.877198	-0.889585	0.0262685
183001	0.549685	0.535932	0.000494956	0.821307	0.800758	72.4151	-5.34295	-5.32258	74.7055	-4.52165	-4.52183	0.0503459	-0.844855	-0.88977	0.0262392
183201	0.562752	0.535955	0.000494377	0.840831	0.800792	72.3304	-5.36329	-5.32262	74.6173	-4.52246	-4.52183	0.0502394	-0.922589	-0.889615	0.0262018
183401	0.564113	0.535948	0.000495003	0.842865	0.800782	72.4221	-5.36626	-5.32261	74.7016	-4.5234	-4.52183	0.0503393	-0.734758	-0.889127	0.0262912
183601	0.548768	0.535999	0.000495004	0.819937	0.800858	72.4222	-5.34389	-5.32269	74.7149	-4.52396	-4.52183	0.0507662	-0.53381	-0.888453	0.0264312
183801	0.559481	0.53609	0.000497817	0.835944	0.800994	72.8338	-5.36012	-5.32283	75.1636	-4.52418	-4.52184	0.0515005	-0.564499	-0.887871	0.0265246
184001	0.583981	0.536168	0.000499592	0.87255	0.80111	73.0934	-5.39564	-5.32295	75.4445	-4.52309	-4.52184	0.0519241	-0.93879	-0.887424	0.0265931
184201	0.548743	0.536193	0.000499221	0.819899	0.801148	73.0392	-5.3419	-5.32299	75.3889	-4.522	-4.52184	0.0518818	-0.853036	-0.887231	0.026557
184401	0.534344	0.536213	0.000498259	0.798385	0.801178	72.8985	-5.31993	-5.32302	75.2423	-4.52154	-4.52184	0.0517631	-0.923815	-0.88723	0.0264957
184601	0.502949	0.536195	0.000497563	0.751477	0.801151	72.7966	-5.27275	-5.32299	75.1365	-4.52127	-4.52184	0.0516762	-0.810093	-0.88734	0.026447
184801	0.543923	0.536186	0.00049782	0.812697	0.801137	72.8342	-5.33387	-5.32298	75.1695	-4.52118	-4.52184	0.0516101	-1.13378	-0.887715	0.0265136
185001	0.529069	0.53618	0.000496759	0.790504	0.801129	72.6789	-5.31135	-5.32297	75.01	-4.52084	-4.52184	0.0515973	-1.04173	-0.888091	0.0265163
185201	0.535097	0.536168	0.000496025	0.799511	0.80111	72.5716	-5.32028	-5.32295	74.9003	-4.52077	-4.52184	0.0516642	-1.14975	-0.888569	0.0265626
185401	0.530055	0.536133	0.000495796	0.791977	0.801059	72.5381	-5.31315	-5.32289	74.8668	-4.52118	-4.52184	0.0516636	-0.930592	-0.888815	0.0265631
185601	0.531103	0.536124	0.000495084	0.793543	0.801044	72.4339	-5.31508	-5.32288	74.758	-4.52154	-4.52183	0.0515829	-0.909799	-0.888884	0.0265151
185801	0.547444	0.536166	0.000495881	0.817958	0.801107	72.5506	-5.33962	-5.32294	74.8678	-4.52166	-4.52183	0.0514697	-0.995877	-0.889237	0.0265391
186001	0.509645	0.536161	0.000495386	0.761481	0.8011	72.4781	-5.28342	-5.32293	74.79	-4.52194	-4.52183	0.0513515	-0.694704	-0.88928	0.0264991
186201	0.539761	0.536181	0.000495408	0.806479	0.80113	72.4813	-5.32912	-5.32296	74.7914	-4.52264	-4.52183	0.0512742	-0.585954	-0.888904	0.0265077
186401	0.565545	0.536205	0.000494766	0.845004	0.801165	72.3873	-5.36761	-5.323	74.6961	-4.5226	-4.52184	0.0512644	-0.705164	-0.888259	0.0266324
186601	0.563698	0.536281	0.000496643	0.842244	0.801279	72.662	-5.36477	-5.32312	74.9759	-4.52253	-4.52184	0.051219	-0.840438	-0.888058	0.0265972
186801	0.509528	0.536297	0.000496251	0.761307	0.801303	72.6046	-5.28358	-5.32314	74.9157	-4.52227	-4.52184	0.0511586	-0.507784	-0.887635	0.0266403
187001	0.549416	0.536304	0.000495578	0.820905	0.801314	72.5062	-5.34276	-5.32315	74.812	-4.52186	-4.52184	0.0510513	-0.963152	-0.887414	0.0266394
187201	0.538303	0.536333	0.000495104	0.804301	0.801357	72.4368	-5.3257	-5.3232	74.7366	-4.52139	-4.52184	0.0509459	-0.903834	-0.887619	0.0266072
187401	0.579892	0.536379	0.000495744	0.86644	0.801425	72.5304	-5.38823	-5.32326	74.823	-4.52179	-4.52184	0.0508492	-1.08646	-0.887846	0.0265883
187601	0.582658	0.536421	0.000495878	0.870574	0.801488	72.5501	-5.39342	-5.32333	74.8419	-4.52285	-4.52184	0.0507846	-0.991974	-0.887831	0.0265458
187801	0.570309	0.536465	0.00049665	0.852122	0.801554	72.663	-5.37564	-5.3234	74.9625	-4.52352	-4.52184	0.0509587	-0.79297	-0.887644	0.0265224
188001	0.594381	0.536534	0.000498143	0.888088	0.801657	72.8815	-5.41159	-5.3235	75.1988	-4.5235	-4.52185	0.0512641	-0.937938	-0.887356	0.0265222
188201	0.548608	0.536613	0.000500222	0.819697	0.801776	73.1856	-5.34305	-5.32363	75.5233	-4.52336	-4.52185	0.0515309	-0.523721	-0.886985	0.0265602
188401	0.523099	0.536675	0.000501801	0.781583	0.801867	73.4166	-5.3041	-5.32372	75.7644	-4.52252	-4.52185	0.0516168	-0.528919	-0.886427	0.0266544
188601	0.553133	0.5367	0.000501145	0.826458	0.801905	73.3207	-5.34794	-5.32376	75.6633	-4.52148	-4.52185	0.0515154	-1.04115	-0.88635	0.0266347
188801	0.531724	0.536673	0.000500628	0.79447	0.801864	73.245	-5.31581	-5.32372	75.5851	-4.52134	-4.52185	0.051437	-0.943998	-0.886472	0.0265858
189001	0.546415	0.53667	0.000499777	0.81642	0.801861	73.1204	-5.33835	-5.32371	75.4551	-4.52193	-4.52185	0.0513334	-0.920886	-0.886473	0.026536
189201	0.5614	0.536657	0.000499749	0.83881	0.801841	73.1163	-5.3609	-5.32369	75.4452	-4.52209	-4.52185	0.051226	-1.04893	-0.886333	0.0265265
189401	0.552254	0.536688	0.000499085	0.825145	0.801887	73.0192	-5.34683	-5.32374	75.3433	-4.52168	-4.52185	0.0511145	-1.0192	-0.886585	0.0264966
189601	0.495373	0.536694	0.000498499	0.740157	0.801897	72.9335	-5.26141	-5.32375	75.2526	-4.52126	-4.52185	0.0510256	-0.82928	-0.886785	0.026461
189801	0.5227	0.53665	0.000499779	0.780987	0.801831	73.1208	-5.30197	-5.32368	75.4413	-4.52099	-4.52185	0.0509947	-1.15319	-0.887209	0.0265316
190001	0.528576	0.536586	0.000500943	0.789766	0.801735	73.2911	-5.31062	-5.32358	75.6188	-4.52085	-4.52185	0.0510135	-1.19621	-0.88763	0.026564
190201	0.545033	0.536593	0.000500089	0.814355	0.801745	73.1661	-5.33571	-5.32359	75.4882	-4.52135	-4.52185	0.0509948	-1.05526	-0.88821	0.0266597
190401	0.533245	0.53656	0.000499905	0.796742	0.801697	73.1392	-5.31824	-5.32354	75.4584	-4.52149	-4.52184	0.0509022	-0.959927	-0.888178	0.026619
190601	0.53194	0.536532	0.000499539	0.794793	0.801654	73.0856	-5.31594	-5.3235	75.4031	-4.52115	-4.52184	0.0508313	-1.07194	-0.888385	0.0265847
190801	0.527715	0.536513	0.000498622	0.78848	0.801626	72.9515	-5.3095	-5.32347	75.2666	-4.52102	-4.52184	0.0508036	-1.10662	-0.888801	0.0266061
191001	0.53284	0.536492	0.000497784	0.796139	0.801595	72.829	-5.31744	-5.32344	75.1422	-4.5213	-4.52184	0.0507658	-1.11668	-0.889376	0.026701
191201	0.510427	0.536457	0.000497898	0.76265	0.801542	72.8456	-5.28421	-5.32338	75.1566	-4.52156	-4.52184	0.0506757	-0.879615	-0.889463	0.0266684
191401	0.513331	0.536406	0.000498278	0.766989	0.801465	72.9012	-5.28808	-5.3233	75.2114	-4.5211	-4.52184	0.0505985	-1.09609	-0.889718	0.0266649
191601	0.503152	0.536362	0.000498164	0.75178	0.8014	72.8844	-5.27261	-5.32324	75.198	-4.52083	-4.52184	0.0506194	-0.95258	-0.890118	0.0266866
191801	0.517828	0.53632	0.000497917	0.773707	0.801338	72.8483	-5.29499	-5.32317	75.1632	-4.52128	-4.52183	0.0505972	-0.943527	-0.890325	0.0266498
192001	0.547486	0.536291	0.000497498	0.818021	0.801294	72.787	-5.33946	-5.32313	75.0996	-4.52144	-4.52183	0.0505181	-1.04158	-0.890345	0.0266019
192201	0.565073	0.536289	0.000497127	0.844299	0.801291	72.7329	-5.36591	-5.32312	75.0409	-4.52161	-4.52183	0.0504219	-1.11209	-0.890608	0.0265884
192401	0.511833	0.536287	0.000496497	0.76475	0.801289	72.6407	-5.28601	-5.32312	74.9439	-4.52126	-4.52183	0.0503322	-0.768384	-0.890653	0.0265466
192601	0.553011	0.536259	0.000496447	0.826276	0.801246	72.6333	-5.34789	-5.32308	74.935	-4.52162	-4.52183	0.0502557	-1.06288	-0.890616	0.0265224
192801	0.560923	0.536275	0.000496051	0.838098	0.80127	72.5753	-5.36054	-5.3231	74.8726	-4.52245	-4.52183	0.0501613	-0.899308	-0.89071	0.0264889
193001	0.55259	0.536315	0.000495863	0.825648	0.80133	72.5479	-5.34863	-5.32316	74.848	-4.52298	-4.52183	0.0501822	-0.635095	-0.890399	0.0264838
193201	0.532839	0.536352	0.000495633	0.796136	0.801385	72.5143	-5.319	-5.32322	74.8177	-4.52286	-4.52184	0.0502491	-0.558365	-0.889812	0.02659
193401	0.554403	0.536376	0.000495085	0.828356	0.801421	72.4341	-5.35111	-5.32326	74.737	-4.52275	-4.52184	0.0502627	-0.786791	-0.889471	0.0266074
193601	0.545425	0.536396	0.000494285	0.814942	0.801451	72.317	-5.33788	-5.32329	74.6192	-4.52294	-4.52184	0.0503072	-0.608391	-0.889032	0.0266483
193801	0.551521	0.536422	0.000493578	0.82405	0.801489	72.2135	-5.34694	-5.32333	74.5162	-4.52289	-4.52184	0.0503581	-0.818814	-0.888685	0.0266594
194001	0.56826	0.536445	0.000493278	0.84906	0.801524	72.1697	-5.37172	-5.32337	74.4719	-4.52266	-4.52184	0.050374	-0.87837	-0.888491	0.0266302
194201	0.551713	0.536452	0.000492641	0.824337	0.801535	72.0765	-5.3468	-5.32338	74.375	-4.52246	-4.52185	0.0503245	-0.841202	-0.888149	0.0266438
194401	0.548043	0.536506	0.000493172	0.818854	0.801615	72.1541	-5.3419	-5.32346	74.4572	-4.52305	-4.52185	0.0503289	-0.637333	-0.888013	0.0266096
194601	0.578233	0.536559	0.000493619	0.863961	0.801695	72.2195	-5.3875	-5.32355	74.5342	-4.52354	-4.52185	0.0505438	-0.777321	-0.887571	0.0266493
194801	0.554212	0.53659	0.000493363	0.828071	0.801742	72.182	-5.35121	-5.3236	74.502	-4.52314	-4.52185	0.0507747	-0.784731	-0.887081	0.0267182
195001	0.557086	0.536625	0.000493019	0.832365	0.801794	72.1318	-5.35443	-5.32365	74.4513	-4.52207	-4.52186	0.0507545	-0.913656	-0.887029	0.0266677
195201	0.522692	0.536666	0.000493012	0.780975	0.801854	72.1308	-5.30255	-5.32371	74.4446	-4.52158	-4.52186	0.0506528	-0.775323	-0.887139	0.026624
195401	0.557817	0.536658	0.000492391	0.833457	0.801842	72.0398	-5.35515	-5.3237	74.3495	-4.52169	-4.52186	0.0505585	-1.02991	-0.887128	0.0265892
195601	0.551603	0.536682	0.000492201	0.824173	0.801878	72.0121	-5.34634	-5.32373	74.3168	-4.52217	-4.52186	0.0504566	-0.765401	-0.887043	0.0265732
195801	0.572919	0.536698	0.000491648	0.856021	0.801903	71.9311	-5.3782	-5.32376	74.2322	-4.52217	-4.52186	0.0503677	-0.94995	-0.886767	0.0265707
196001	0.529656	0.536728	0.000492801	0.791381	0.801947	72.0998	-5.31335	-5.3238	74.3979	-4.52197	-4.52186	0.0502702	-0.693284	-0.886605	0.0265854
196201	0.528899	0.536767	0.000493001	0.790249	0.802005	72.1291	-5.31172	-5.32386	74.4213	-4.52147	-4.52186	0.0501721	-0.744152	-0.886573	0.0265474
196401	0.522995	0.536773	0.000492547	0.781428	0.802015	72.0627	-5.30244	-5.32387	74.3501	-4.52101	-4.52185	0.0501217	-0.853528	-0.886483	0.0265035
196601	0.541535	0.536766	0.000491767	0.809129	0.802003	71.9486	-5.32999	-5.32386	74.2329	-4.52086	-4.52185	0.0501539	-1.19361	-0.886864	0.0265306
196801	0.517401	0.536737	0.000491316	0.77307	0.80196	71.8826	-5.29439	-5.32381	74.1663	-4.52132	-4.52185	0.0501364	-0.982698	-0.887285	0.0265713
197001	0.540795	0.53672	0.000491739	0.808024	0.801935	71.9444	-5.33027	-5.32379	74.2263	-4.52225	-4.52185	0.0500457	-0.845348	-0.88732	0.0265313
197201	0.533131	0.536732	0.000491258	0.796573	0.801953	71.8741	-5.31974	-5.32381	74.1548	-4.52317	-4.52185	0.0500711	-0.660116	-0.887111	0.0265079
197401	0.59081	0.536791	0.00049286	0.882754	0.802041	72.1085	-5.40605	-5.3239	74.4014	-4.5233	-4.52186	0.0502384	-0.844962	-0.886888	0.0264934
197601	0.567168	0.53682	0.000492756	0.847429	0.802085	72.0932	-5.3703	-5.32394	74.3891	-4.52287	-4.52186	0.0503476	-0.776873	-0.886401	0.0265687
197801	0.519026	0.536807	0.00049257	0.775497	0.802066	72.066	-5.29758	-5.32393	74.3566	-4.52209	-4.52186	0.0503058	-0.842351	-0.886128	0.026565
198001	0.535927	0.536789	0.000491948	0.800751	0.802038	71.9751	-5.32219	-5.3239	74.2614	-4.52144	-4.52186	0.0502117	-0.969211	-0.886244	0.0265262
198201	0.551268	0.536789	0.00049128	0.823672	0.802039	71.8773	-5.34518	-5.3239	74.1589	-4.52151	-4.52186	0.0501345	-1.02214	-0.886363	0.0264894
198401	0.552896	0.536804	0.000490474	0.826105	0.802061	71.7594	-5.34775	-5.32392	74.0354	-4.52164	-4.52186	0.0500443	-1.10462	-0.886703	0.0264931
198601	0.492691	0.536777	0.000490442	0.736149	0.80202	71.7548	-5.2578	-5.32388	74.0267	-4.52165	-4.52186	0.0499448	-0.68836	-0.88668	0.0264686
198801	0.538555	0.536746	0.000490447	0.804676	0.801974	71.7555	-5.32554	-5.32383	74.0251	-4.52087	-4.52186	0.0499007	-1.09691	-0.886744	0.026457
199001	0.51963	0.536767	0.000489889	0.7764	0.802006	71.6738	-5.29708	-5.32386	73.9343	-4.52068	-4.52185	0.0499731	-1.08415	-0.887354	0.0265924
199201	0.497685	0.536713	0.000490766	0.743612	0.801924	71.8022	-5.26467	-5.32378	74.0683	-4.52106	-4.52185	0.0500028	-0.813928	-0.887524	0.0265787
199401	0.538862	0.536701	0.000490085	0.805135	0.801907	71.7024	-5.3271	-5.32376	73.9656	-4.52196	-4.52185	0.0499331	-0.859127	-0.887484	0.0265321
199601	0.558537	0.536738	0.00048998	0.834533	0.801962	71.6872	-5.35717	-5.32381	73.9492	-4.52264	-4.52185	0.0498685	-0.672464	-0.887296	0.0265239
199801	0.572385	0.536771	0.000489682	0.855224	0.802011	71.6436	-5.37821	-5.32387	73.9078	-4.52299	-4.52185	0.0499039	-0.76228	-0.886808	0.0265937
