timestep            	T              	T_{ave}             	T_{var}           	K/N            	K_{ave}/N           	K_{var}           	U/N            	U_{ave}/N           	U_{var}           	E/N            	E_{ave}/N           	E_{var}           	P              	P_{ave}             	P_{var}
100001	0.59114	0.59114	0	0.883247	0.883247	0	-5.25414	-5.25414	0	-4.37089	-4.37089	0	-0.924356	-0.924356	0
100201	0.543064	0.556979	0.000661912	0.811414	0.832204	96.8419	-5.18225	-5.20301	96.9082	-4.37084	-4.37081	5.20714e-05	-0.72517	-0.760671	0.0139059
100401	0.551629	0.558156	0.000407731	0.824211	0.833964	59.6537	-5.19496	-5.20477	59.6666	-4.37075	-4.37081	6.13551e-05	-0.770114	-0.778139	0.00861374
100601	0.54037	0.559474	0.00031097	0.807388	0.835933	45.4968	-5.1782	-5.20674	45.5138	-4.37081	-4.3708	8.05981e-05	-0.729225	-0.787549	0.00664212
100801	0.567845	0.558016	0.00035587	0.848441	0.833755	52.066	-5.21897	-5.20453	52.0353	-4.37053	-4.37077	0.000365966	-0.886303	-0.786885	0.00870016
101001	0.547526	0.557212	0.00029916	0.818081	0.832553	43.7689	-5.18808	-5.20323	43.8037	-4.37	-4.37068	0.00287563	-0.911052	-0.80322	0.00858576
101201	0.563211	0.557832	0.00026874	0.841516	0.83348	39.3183	-5.21066	-5.20397	39.1748	-4.36915	-4.37049	0.014471	-1.24568	-0.853428	0.0221989
101401	0.541871	0.556513	0.000249693	0.809632	0.831508	36.5316	-5.17802	-5.20175	36.8562	-4.36839	-4.37025	0.0370669	-1.15469	-0.903032	0.0339935
101601	0.553673	0.556839	0.000224362	0.827265	0.831996	32.8255	-5.19595	-5.20202	33.0313	-4.36868	-4.37002	0.0559675	-1.08019	-0.942342	0.0410073
101801	0.547159	0.555887	0.000214385	0.817533	0.830574	31.3658	-5.18641	-5.20046	31.7673	-4.36887	-4.36988	0.0597926	-1.08822	-0.952684	0.0378431
102001	0.559721	0.554592	0.000212399	0.836302	0.828639	31.0752	-5.20548	-5.19843	31.6444	-4.36918	-4.3698	0.0582925	-1.07542	-0.958712	0.0345657
102201	0.55347	0.553708	0.000213682	0.826962	0.827318	31.263	-5.19636	-5.19707	31.8434	-4.3694	-4.36975	0.0542093	-1.00619	-0.956644	0.0321583
102401	0.547678	0.554282	0.000201892	0.818307	0.828176	29.538	-5.18757	-5.1979	30.0327	-4.36927	-4.36972	0.0504631	-1.10642	-0.96922	0.0313114
102601	0.561189	0.55487	0.000200301	0.838496	0.829053	29.3053	-5.20809	-5.19875	29.7369	-4.36959	-4.36969	0.0472228	-1.00905	-0.98009	0.0304281
102801	0.578662	0.556079	0.000209815	0.864602	0.830861	30.6972	-5.23442	-5.20056	31.1191	-4.36982	-4.3697	0.043897	-1.02606	-0.982571	0.0284137
103001	0.594672	0.556927	0.000223388	0.888523	0.832128	32.6831	-5.25865	-5.20184	33.1306	-4.37013	-4.36972	0.041278	-0.973375	-0.977895	0.027145
103201	0.549258	0.557257	0.000222975	0.820669	0.832621	32.6226	-5.19115	-5.20237	33.0654	-4.37048	-4.36975	0.0402071	-0.623263	-0.96164	0.030117
103401	0.57306	0.558861	0.00026303	0.856233	0.835016	38.4829	-5.22642	-5.20481	39.083	-4.37019	-4.36979	0.0392857	-0.649325	-0.951784	0.0302888
103601	0.563054	0.559578	0.000262265	0.841282	0.836089	38.371	-5.21103	-5.20589	38.958	-4.36975	-4.3698	0.0372443	-0.791095	-0.939626	0.0314182
103801	0.53586	0.558974	0.000261502	0.80065	0.835186	38.2594	-5.17022	-5.20498	38.8405	-4.36957	-4.36979	0.0353989	-0.833253	-0.93334	0.0305336
104001	0.543953	0.55832	0.000263952	0.812742	0.834209	38.6178	-5.18221	-5.20398	39.202	-4.36947	-4.36977	0.0339034	-0.800986	-0.930258	0.0292546
104201	0.529918	0.558331	0.00026256	0.791771	0.834225	38.4141	-5.16134	-5.20399	38.9754	-4.36957	-4.36977	0.0324164	-0.87876	-0.931716	0.0286004
104401	0.52466	0.55662	0.00031272	0.783915	0.831669	45.7528	-5.15304	-5.20142	46.4259	-4.36913	-4.36975	0.0314928	-0.950779	-0.926728	0.0279199
104601	0.549314	0.555899	0.000324481	0.820752	0.830592	47.4735	-5.1894	-5.2003	48.2172	-4.36865	-4.36971	0.0320879	-1.26952	-0.937364	0.0301422
104801	0.51502	0.554204	0.000396343	0.769512	0.828059	57.9874	-5.13778	-5.19772	59.1264	-4.36827	-4.36966	0.0350487	-1.16144	-0.944082	0.0303173
105001	0.519181	0.553266	0.000406575	0.775729	0.826657	59.4845	-5.14395	-5.19625	60.844	-4.36822	-4.3696	0.0392111	-1.11641	-0.957343	0.0336915
105201	0.550561	0.552242	0.000425302	0.822616	0.825128	62.2243	-5.19122	-5.19468	63.7791	-4.3686	-4.36955	0.041287	-1.20167	-0.962975	0.0333179
105401	0.55861	0.552023	0.00041383	0.834643	0.8248	60.5459	-5.20372	-5.19433	62.076	-4.36908	-4.36952	0.0409274	-1.30417	-0.97265	0.0346592
105601	0.550612	0.552408	0.000403582	0.822692	0.825376	59.0466	-5.19221	-5.19489	60.5032	-4.36952	-4.36952	0.0396665	-1.06406	-0.981927	0.0358609
105801	0.579264	0.552859	0.000403494	0.865502	0.826049	59.0337	-5.23547	-5.19557	60.4757	-4.36996	-4.36952	0.0385141	-1.0235	-0.982659	0.0347134
106001	0.554504	0.553515	0.000417135	0.828506	0.827029	61.0295	-5.19874	-5.19657	62.486	-4.37023	-4.36954	0.0379503	-0.85236	-0.98274	0.0341448
106201	0.538061	0.553743	0.000410844	0.803939	0.82737	60.109	-5.17379	-5.19693	61.5372	-4.36985	-4.36956	0.0373268	-0.887782	-0.982585	0.0333676
106401	0.539808	0.553489	0.000411264	0.806549	0.82699	60.1705	-5.17629	-5.19656	61.5442	-4.36974	-4.36957	0.0362566	-0.731687	-0.978182	0.0334574
106601	0.578008	0.553675	0.000407572	0.863626	0.827268	59.6303	-5.23316	-5.19684	60.9612	-4.36953	-4.36957	0.0351919	-1.08528	-0.976012	0.033033
106801	0.571749	0.553479	0.000404908	0.854274	0.826976	59.2405	-5.22377	-5.19654	60.5393	-4.36949	-4.36957	0.0341843	-0.939668	-0.972864	0.0327568
107001	0.571414	0.553801	0.000399925	0.853772	0.827456	58.5116	-5.22372	-5.19703	59.7798	-4.36995	-4.36957	0.0332891	-1.13353	-0.975238	0.0320816
107201	0.50963	0.554408	0.00042763	0.761459	0.828364	62.565	-5.13161	-5.19795	63.847	-4.37015	-4.36959	0.0327451	-0.520024	-0.977492	0.0329944
107401	0.590435	0.554307	0.00044591	0.882193	0.828213	65.2394	-5.25267	-5.19782	66.4891	-4.37048	-4.36961	0.0328598	-1.04334	-0.972843	0.0342635
107601	0.574899	0.554989	0.000452052	0.858981	0.829232	66.1381	-5.22988	-5.19887	67.4898	-4.3709	-4.36963	0.0338314	-0.911797	-0.972153	0.0334119
107801	0.582644	0.555111	0.000445227	0.870552	0.829413	65.1395	-5.24176	-5.19908	66.4944	-4.37121	-4.36967	0.0364587	-0.910852	-0.967826	0.0333963
108001	0.550743	0.555239	0.00043802	0.822887	0.829605	64.0851	-5.19394	-5.19931	65.4481	-4.37106	-4.36971	0.0390807	-0.810116	-0.962929	0.0336219
108201	0.601523	0.555807	0.000445339	0.898761	0.830453	65.1559	-5.26984	-5.20019	66.6299	-4.37108	-4.36974	0.0407793	-0.986298	-0.963199	0.032921
108401	0.597864	0.556142	0.000446213	0.893293	0.830955	65.2837	-5.26465	-5.20073	66.8217	-4.37135	-4.36978	0.0432029	-0.7465	-0.956743	0.0341332
108601	0.571534	0.556908	0.000464841	0.853953	0.832098	68.0091	-5.22567	-5.20191	69.7702	-4.37172	-4.36982	0.046765	-0.592689	-0.950611	0.0350281
108801	0.580503	0.557385	0.000475348	0.867353	0.832811	69.5464	-5.23904	-5.20267	71.4562	-4.37168	-4.36986	0.0514362	-0.694287	-0.943993	0.0365233
109001	0.535028	0.557673	0.000479847	0.799407	0.833242	70.2046	-5.17072	-5.20314	72.1632	-4.37132	-4.3699	0.0537783	-0.420683	-0.936771	0.0383486
109201	0.58149	0.558216	0.000490273	0.868828	0.834053	71.73	-5.24041	-5.20398	73.8123	-4.37158	-4.36993	0.0559163	-0.755464	-0.933193	0.0384879
109401	0.577802	0.559108	0.000519699	0.863317	0.835386	76.0352	-5.23492	-5.20535	78.3711	-4.37161	-4.36997	0.0587473	-0.773518	-0.931674	0.0378455
109601	0.595338	0.559103	0.000510864	0.889518	0.835379	74.7426	-5.26038	-5.20537	77.0299	-4.37086	-4.36999	0.0597556	-1.05997	-0.928266	0.0377635
109801	0.543279	0.559661	0.000523615	0.811736	0.836213	76.6082	-5.18255	-5.20622	78.9389	-4.37082	-4.37001	0.0594318	-0.767131	-0.929755	0.0373798
110001	0.53938	0.559671	0.00051939	0.80591	0.836227	75.99	-5.1767	-5.20625	78.2759	-4.37079	-4.37002	0.0590289	-0.70559	-0.928442	0.0369512
110201	0.547214	0.559365	0.000515612	0.817615	0.83577	75.4373	-5.18829	-5.20581	77.6384	-4.37067	-4.37004	0.0584874	-0.800684	-0.924288	0.037133
110401	0.563541	0.559265	0.000509571	0.842009	0.835621	74.5534	-5.21236	-5.20567	76.6986	-4.37035	-4.37005	0.0576898	-1.04046	-0.924773	0.0366421
110601	0.552578	0.559377	0.000504629	0.825629	0.835787	73.8303	-5.19545	-5.20584	75.9342	-4.36982	-4.37005	0.0566367	-0.954493	-0.92689	0.0362764
110801	0.537834	0.559579	0.00050028	0.803599	0.836089	73.194	-5.17314	-5.20613	75.2432	-4.36954	-4.37004	0.0557697	-0.829123	-0.928978	0.0359179
111001	0.540367	0.55964	0.000499326	0.807384	0.836182	73.0545	-5.1768	-5.20621	75.057	-4.36942	-4.37003	0.0552337	-0.760348	-0.929093	0.0355211
111201	0.553706	0.559373	0.000498192	0.827315	0.835782	72.8886	-5.19697	-5.2058	74.8798	-4.36966	-4.37002	0.0544798	-0.777152	-0.925943	0.0355123
111401	0.570572	0.559408	0.000490917	0.852514	0.835835	71.8242	-5.22203	-5.20585	73.7772	-4.36951	-4.37002	0.0537046	-1.03066	-0.925666	0.0350928
111601	0.542158	0.559299	0.000487385	0.810061	0.835672	71.3075	-5.17927	-5.20568	73.2398	-4.36921	-4.37	0.0532652	-1.12327	-0.927748	0.0349895
111801	0.502176	0.558888	0.00049152	0.750322	0.835057	71.9125	-5.11931	-5.20505	73.886	-4.36899	-4.36999	0.0532747	-0.910516	-0.931204	0.0351865
112001	0.551206	0.558682	0.000492039	0.823579	0.83475	71.9884	-5.19259	-5.20472	73.9699	-4.36901	-4.36997	0.0534403	-1.08545	-0.934504	0.0354113
112201	0.563738	0.558717	0.000486503	0.842304	0.834802	71.1784	-5.21149	-5.20476	73.1216	-4.36918	-4.36996	0.0534206	-1.1962	-0.937367	0.0353693
112401	0.538606	0.558721	0.000482527	0.804753	0.834807	70.5968	-5.17451	-5.20476	72.5063	-4.36976	-4.36995	0.0529208	-0.902921	-0.940394	0.0355527
112601	0.590806	0.558768	0.000478285	0.882747	0.834878	69.976	-5.25313	-5.20483	71.8635	-4.37038	-4.36995	0.0521408	-1.05766	-0.941378	0.0351057
112801	0.58401	0.559047	0.000476788	0.872593	0.835294	69.757	-5.24347	-5.20526	71.6515	-4.37088	-4.36996	0.0518148	-0.79904	-0.939863	0.0348377
113001	0.601351	0.559395	0.000479078	0.898504	0.835815	70.0921	-5.26968	-5.20579	72.0298	-4.37118	-4.36998	0.0521706	-0.794186	-0.936667	0.035036
113201	0.55542	0.559504	0.000481471	0.829876	0.835977	70.4422	-5.20109	-5.20597	72.3777	-4.37121	-4.37	0.0528983	-0.609314	-0.931964	0.0361417
113401	0.553075	0.5594	0.000476693	0.826372	0.835822	69.7432	-5.19749	-5.20584	71.6276	-4.37112	-4.37001	0.0535056	-0.625112	-0.92732	0.0370491
113601	0.55937	0.559354	0.000471421	0.835778	0.835754	68.9719	-5.20653	-5.20578	70.8181	-4.37076	-4.37003	0.053604	-0.726314	-0.923684	0.0374809
113801	0.582388	0.559352	0.00046531	0.87017	0.83575	68.0778	-5.24058	-5.20579	69.8962	-4.37041	-4.37004	0.053129	-0.998914	-0.922009	0.0372125
114001	0.546639	0.559882	0.000486005	0.816756	0.836542	71.1055	-5.18697	-5.20658	72.9184	-4.37021	-4.37004	0.0524088	-0.664459	-0.923435	0.0372468
114201	0.577552	0.560009	0.000483028	0.862944	0.836733	70.6701	-5.23322	-5.20678	72.4632	-4.37028	-4.37004	0.0517104	-1.00607	-0.922653	0.0369655
114401	0.561202	0.559896	0.000478396	0.838515	0.836564	69.9923	-5.20875	-5.20661	71.7551	-4.37023	-4.37005	0.0510447	-0.967343	-0.922447	0.0364838
114601	0.550952	0.559926	0.00047951	0.823199	0.836608	70.1553	-5.19293	-5.20665	71.8886	-4.36973	-4.37005	0.0503646	-0.95388	-0.923785	0.0363501
114801	0.565365	0.559814	0.000475346	0.844734	0.836441	69.5461	-5.21378	-5.20648	71.2675	-4.36904	-4.37004	0.0501258	-1.18843	-0.92461	0.0360593
115001	0.505534	0.559585	0.00047578	0.755339	0.836098	69.6096	-5.12395	-5.20612	71.3667	-4.36861	-4.37002	0.0508127	-0.990361	-0.927883	0.0364368
115201	0.527832	0.559099	0.00048828	0.788656	0.835373	71.4385	-5.15712	-5.20537	73.3104	-4.36846	-4.37	0.0519493	-1.01266	-0.929285	0.0361279
115401	0.543677	0.558831	0.00048843	0.81233	0.834972	71.4604	-5.1807	-5.20495	73.3924	-4.36837	-4.36998	0.0533948	-1.24432	-0.931724	0.0361734
115601	0.536609	0.558607	0.000492126	0.801769	0.834638	72.0011	-5.17026	-5.2046	73.9776	-4.36849	-4.36996	0.0548724	-1.25416	-0.936466	0.0375894
115801	0.553393	0.558414	0.000489199	0.826847	0.834349	71.5729	-5.19552	-5.20429	73.5788	-4.36868	-4.36994	0.0557943	-1.27546	-0.940245	0.0382363
116001	0.543249	0.558343	0.000485446	0.811691	0.834243	71.0237	-5.18068	-5.20417	73.0185	-4.36899	-4.36993	0.0560719	-0.957365	-0.943005	0.0386273
116201	0.566583	0.558538	0.000486718	0.846555	0.834534	71.21	-5.2161	-5.20445	73.1586	-4.36954	-4.36992	0.0558001	-1.06147	-0.944921	0.0385678
116401	0.548082	0.558643	0.000485496	0.818912	0.834691	71.0311	-5.18887	-5.20461	72.951	-4.36996	-4.36992	0.0551394	-0.852672	-0.945241	0.0382791
116601	0.533127	0.558326	0.000489356	0.796566	0.834218	71.5958	-5.16627	-5.20414	73.5	-4.36971	-4.36992	0.054487	-0.807832	-0.943218	0.038185
116801	0.579506	0.558299	0.000484718	0.865863	0.834177	70.9173	-5.23552	-5.20409	72.7999	-4.36965	-4.36991	0.053879	-1.15828	-0.943762	0.0378075
117001	0.54966	0.558451	0.000483536	0.821269	0.834404	70.7444	-5.19094	-5.20432	72.5958	-4.36967	-4.36991	0.0533151	-0.932615	-0.945319	0.0376751
117201	0.557539	0.55847	0.000478399	0.833042	0.834433	69.9928	-5.20302	-5.20434	71.8227	-4.36998	-4.36991	0.0527065	-0.979233	-0.945534	0.0372589
117401	0.557832	0.558496	0.000474923	0.833479	0.834471	69.4841	-5.20372	-5.20438	71.293	-4.37024	-4.36991	0.0521457	-0.764995	-0.944435	0.0371528
117601	0.576219	0.558632	0.000471898	0.860952	0.834674	69.0416	-5.23096	-5.20459	70.8354	-4.37	-4.36992	0.0515884	-1.09113	-0.944688	0.0368145
117801	0.545467	0.558617	0.00046803	0.815004	0.834652	68.4757	-5.18478	-5.20457	70.2507	-4.36978	-4.36991	0.051012	-0.883697	-0.944959	0.0364832
118001	0.553491	0.55851	0.000464478	0.826993	0.834493	67.956	-5.19646	-5.2044	69.7168	-4.36947	-4.36991	0.0505259	-1.04309	-0.945238	0.0361396
118201	0.53243	0.558419	0.000461618	0.795525	0.834356	67.5377	-5.16476	-5.20426	69.2898	-4.36924	-4.36991	0.0501752	-0.845052	-0.945754	0.0358422
118401	0.565908	0.558328	0.000461541	0.845546	0.834221	67.5263	-5.21452	-5.20412	69.2717	-4.36897	-4.3699	0.0500678	-1.13294	-0.946199	0.0356617
118601	0.54074	0.558207	0.000460487	0.807942	0.83404	67.3721	-5.17658	-5.20392	69.1257	-4.36864	-4.36988	0.0503912	-1.2318	-0.948141	0.035778
118801	0.520001	0.557918	0.000463542	0.776954	0.833608	67.8191	-5.14554	-5.20348	69.6276	-4.36859	-4.36987	0.0510094	-1.14526	-0.95096	0.0361415
119001	0.525479	0.557547	0.000472676	0.78514	0.833054	69.1554	-5.1538	-5.20291	71.0341	-4.36866	-4.36986	0.0515108	-1.18609	-0.953141	0.0362344
119201	0.530415	0.557361	0.000471843	0.792514	0.832776	69.0336	-5.16135	-5.20262	70.9353	-4.36884	-4.36985	0.0518561	-0.987582	-0.955358	0.0363582
119401	0.557319	0.55721	0.000470086	0.832713	0.83255	68.7765	-5.20221	-5.20239	70.6796	-4.36949	-4.36984	0.0516815	-0.940755	-0.955271	0.0360278
119601	0.564078	0.557398	0.000469682	0.842812	0.832831	68.7174	-5.21277	-5.20267	70.5982	-4.36995	-4.36984	0.0511683	-0.920594	-0.955697	0.0357094
119801	0.583201	0.557711	0.000476551	0.871385	0.833299	69.7224	-5.24153	-5.20314	71.6011	-4.37014	-4.36984	0.050701	-1.01111	-0.956808	0.0355376
120001	0.574001	0.557852	0.000474255	0.857638	0.83351	69.3865	-5.22779	-5.20335	71.2554	-4.37015	-4.36984	0.050262	-0.964219	-0.95668	0.0351972
120201	0.554738	0.557704	0.000474783	0.828856	0.833289	69.4637	-5.1991	-5.20314	71.3052	-4.37025	-4.36985	0.0498246	-0.819051	-0.954741	0.0353449
120401	0.589387	0.557777	0.000473627	0.880627	0.833397	69.2946	-5.25113	-5.20325	71.1251	-4.3705	-4.36985	0.0494811	-1.04572	-0.954344	0.0350839
120601	0.573717	0.557931	0.000473667	0.857213	0.833627	69.3005	-5.22826	-5.20349	71.1388	-4.37104	-4.36986	0.049586	-0.907154	-0.954056	0.0348476
120801	0.576751	0.55826	0.000483559	0.861747	0.834118	70.7477	-5.23316	-5.20399	72.6542	-4.37141	-4.36987	0.0502664	-0.679325	-0.953842	0.0347578
121001	0.586966	0.558585	0.00049042	0.87701	0.834604	71.7515	-5.24858	-5.20449	73.7443	-4.37157	-4.36989	0.0514172	-0.527647	-0.950808	0.0354092
121201	0.569193	0.558853	0.000495844	0.850455	0.835005	72.545	-5.22214	-5.20491	74.6133	-4.37168	-4.36991	0.0528339	-0.602593	-0.947895	0.0361366
121401	0.574405	0.559027	0.000496664	0.858243	0.835265	72.6651	-5.22995	-5.20519	74.776	-4.37171	-4.36992	0.0542346	-0.633642	-0.945043	0.0367243
121601	0.586034	0.559224	0.000498536	0.875618	0.83556	72.939	-5.24697	-5.2055	75.0933	-4.37135	-4.36994	0.0553561	-0.697084	-0.942196	0.0373019
121801	0.587404	0.559398	0.000499822	0.877664	0.83582	73.127	-5.24837	-5.20577	75.3016	-4.37071	-4.36995	0.0555597	-0.938502	-0.940719	0.0372538
122001	0.519779	0.559418	0.000501787	0.776622	0.835849	73.4145	-5.14726	-5.2058	75.5726	-4.37064	-4.36995	0.0553578	-0.631526	-0.939817	0.0371736
122201	0.597391	0.559508	0.000502489	0.892586	0.835984	73.5172	-5.26325	-5.20594	75.6681	-4.37066	-4.36996	0.0551196	-1.07969	-0.939758	0.0369932
122401	0.572575	0.559601	0.000500234	0.855508	0.836122	73.1874	-5.22648	-5.20609	75.3337	-4.37097	-4.36997	0.0550614	-0.663215	-0.938671	0.0369738
122601	0.572192	0.559846	0.000506666	0.854935	0.836488	74.1285	-5.22591	-5.20647	76.3063	-4.37097	-4.36998	0.0551945	-0.63165	-0.93646	0.0373006
122801	0.590832	0.56026	0.000524301	0.882787	0.837107	76.7085	-5.25363	-5.20709	78.9439	-4.37084	-4.36999	0.0552182	-0.919796	-0.93644	0.037083
123001	0.608391	0.560598	0.000533498	0.909022	0.837612	78.0541	-5.27975	-5.2076	80.3238	-4.37073	-4.36999	0.0551134	-0.990405	-0.936252	0.0367976
123201	0.563114	0.560764	0.000536285	0.841372	0.837861	78.4619	-5.21147	-5.20786	80.7328	-4.3701	-4.37	0.0547661	-0.840262	-0.935785	0.0365838
123401	0.535326	0.560735	0.00053431	0.799853	0.837817	78.1728	-5.16897	-5.20781	80.4336	-4.36912	-4.36999	0.0544459	-1.06663	-0.936175	0.0363199
123601	0.512036	0.560665	0.000532365	0.765054	0.837713	77.8883	-5.13389	-5.2077	80.1444	-4.36884	-4.36998	0.0546259	-1.12302	-0.939194	0.0371824
123801	0.506011	0.560367	0.000540776	0.756051	0.837267	79.1189	-5.12467	-5.20724	81.4293	-4.36861	-4.36997	0.0550292	-1.13345	-0.941412	0.0375148
124001	0.529085	0.559963	0.000556505	0.790528	0.836663	81.4202	-5.15887	-5.20662	83.8276	-4.36835	-4.36996	0.0557535	-1.33434	-0.943297	0.0376792
124201	0.509119	0.559738	0.000562801	0.760696	0.836327	82.3413	-5.12894	-5.20627	84.8065	-4.36825	-4.36995	0.0569322	-1.05851	-0.94632	0.0387324
124401	0.533979	0.559547	0.000564043	0.79784	0.836041	82.523	-5.16647	-5.20598	85.0264	-4.36863	-4.36993	0.0576582	-1.07733	-0.94778	0.0386943
124601	0.557777	0.559543	0.000562936	0.833397	0.836036	82.3611	-5.2021	-5.20596	84.8465	-4.3687	-4.36992	0.0580107	-1.14675	-0.949704	0.0389179
124801	0.527553	0.559409	0.000561131	0.788239	0.835836	82.0969	-5.15706	-5.20575	84.5938	-4.36882	-4.36991	0.0582976	-0.957777	-0.950327	0.038664
125001	0.555538	0.559294	0.000558646	0.830052	0.835664	81.7334	-5.19901	-5.20557	84.2323	-4.36896	-4.36991	0.0583084	-1.09861	-0.950914	0.0384033
125201	0.568354	0.559269	0.000554659	0.849202	0.835626	81.15	-5.21799	-5.20552	83.635	-4.36879	-4.3699	0.0584242	-1.20473	-0.952193	0.0383166
125401	0.551537	0.55923	0.000556995	0.824074	0.835568	81.4919	-5.1929	-5.20546	83.9663	-4.36882	-4.36989	0.0585939	-1.06424	-0.953302	0.0383857
125601	0.527333	0.55903	0.000557932	0.787909	0.83527	81.629	-5.15708	-5.20515	84.1192	-4.36917	-4.36988	0.058551	-0.965707	-0.95327	0.0380973
125801	0.540598	0.558993	0.000554979	0.80773	0.835214	81.1969	-5.17734	-5.20509	83.6723	-4.36961	-4.36988	0.0582129	-1.01579	-0.954658	0.0380811
126001	0.534995	0.558811	0.000555421	0.799357	0.834942	81.2616	-5.16881	-5.20482	83.7255	-4.36945	-4.36988	0.0577946	-0.791767	-0.95392	0.0378772
126201	0.564684	0.558641	0.000555256	0.843717	0.834689	81.2374	-5.21267	-5.20456	83.7053	-4.36896	-4.36987	0.0576085	-1.17808	-0.953436	0.0376904
126401	0.549843	0.558667	0.000552854	0.821543	0.834727	80.886	-5.19049	-5.20459	83.3313	-4.36895	-4.36986	0.0576676	-0.996095	-0.955042	0.0378257
126601	0.580874	0.558562	0.000555931	0.867907	0.83457	81.3362	-5.23759	-5.20443	83.7822	-4.36968	-4.36986	0.0574279	-1.0129	-0.954437	0.0377088
126801	0.576462	0.558711	0.000555031	0.861316	0.834792	81.2045	-5.23151	-5.20465	83.6371	-4.3702	-4.36986	0.0570185	-0.719576	-0.953898	0.0375042
127001	0.5973	0.558974	0.000561362	0.89245	0.835186	82.1307	-5.2628	-5.20505	84.5688	-4.37035	-4.36986	0.0566912	-0.863362	-0.952931	0.0374135
127201	0.56235	0.559203	0.000565333	0.84023	0.835528	82.7118	-5.21065	-5.2054	85.1537	-4.37042	-4.36987	0.0563869	-0.671695	-0.951955	0.0372955
127401	0.607689	0.559248	0.000564346	0.907973	0.835596	82.5674	-5.27848	-5.20547	84.9971	-4.37051	-4.36987	0.0561274	-0.906581	-0.95006	0.0376072
127601	0.584927	0.559493	0.00057007	0.873963	0.835962	83.4047	-5.24461	-5.20584	85.8517	-4.37065	-4.36988	0.0559688	-0.729013	-0.948701	0.0376512
127801	0.587403	0.559565	0.00056752	0.877662	0.836068	83.0317	-5.24819	-5.20595	85.4716	-4.37053	-4.36988	0.0558418	-0.931997	-0.946913	0.0378957
128001	0.552639	0.559593	0.000565919	0.825721	0.83611	82.7975	-5.19561	-5.206	85.2253	-4.36989	-4.36988	0.0555043	-0.86553	-0.946515	0.0377009
128201	0.525885	0.559515	0.000563653	0.785746	0.835995	82.466	-5.15541	-5.20588	84.8802	-4.36966	-4.36988	0.0551325	-0.780798	-0.946184	0.0374731
128401	0.540336	0.559481	0.000562251	0.807337	0.835943	82.2608	-5.17748	-5.20583	84.6606	-4.37014	-4.36988	0.0547545	-0.757566	-0.945693	0.0372839
128601	0.55867	0.559362	0.000563084	0.834731	0.835766	82.3828	-5.20485	-5.20565	84.7588	-4.37011	-4.36989	0.0544126	-0.894896	-0.944189	0.0374471
128801	0.552437	0.559352	0.000561911	0.825418	0.83575	82.211	-5.19556	-5.20564	84.5701	-4.37014	-4.36989	0.0540595	-0.943351	-0.94422	0.0372724
129001	0.571453	0.5593	0.000559785	0.853832	0.835673	81.9001	-5.22372	-5.20556	84.2405	-4.36989	-4.36989	0.053697	-1.16811	-0.944828	0.037153
129201	0.559545	0.559333	0.000556375	0.836038	0.835722	81.4012	-5.20578	-5.20561	83.7256	-4.36974	-4.36989	0.053331	-0.93881	-0.945412	0.0369911
129401	0.571388	0.559327	0.000553472	0.853734	0.835713	80.9765	-5.22335	-5.2056	83.2855	-4.36962	-4.36989	0.0529945	-1.13992	-0.945675	0.0367893
129601	0.524735	0.5593	0.000551377	0.784028	0.835673	80.6699	-5.15363	-5.20556	82.965	-4.3696	-4.36988	0.0526725	-0.937589	-0.946734	0.036758
129801	0.5596	0.559214	0.000549454	0.83612	0.835544	80.3885	-5.20523	-5.20542	82.6761	-4.36911	-4.36988	0.0524215	-1.14022	-0.94759	0.036643
130001	0.536398	0.559231	0.00054676	0.801455	0.83557	79.9944	-5.17022	-5.20544	82.2633	-4.36877	-4.36987	0.0525189	-0.966497	-0.94887	0.0366719
130201	0.529493	0.55909	0.000546197	0.791137	0.835359	79.912	-5.15994	-5.20523	82.1966	-4.3688	-4.36987	0.0526878	-0.892586	-0.948987	0.0364335
130401	0.541909	0.558855	0.00055122	0.809689	0.835008	80.647	-5.17825	-5.20487	82.9714	-4.36856	-4.36986	0.0529492	-1.06173	-0.948481	0.0362606
130601	0.544313	0.558731	0.000550162	0.813279	0.834823	80.4922	-5.18183	-5.20467	82.8341	-4.36855	-4.36985	0.0533535	-1.11134	-0.949294	0.0361293
130801	0.540274	0.558682	0.000547195	0.807245	0.834749	80.0581	-5.17599	-5.20459	82.3976	-4.36874	-4.36984	0.0536619	-1.14501	-0.951043	0.0363769
131001	0.573875	0.558547	0.000549543	0.857449	0.834547	80.4015	-5.22669	-5.20438	82.7523	-4.36924	-4.36984	0.0536457	-1.20076	-0.951776	0.0362826
131201	0.525639	0.558523	0.000548015	0.785379	0.834512	80.178	-5.15527	-5.20435	82.511	-4.36989	-4.36984	0.0533456	-0.667671	-0.951782	0.0362418
131401	0.540151	0.55843	0.000546587	0.807061	0.834373	79.9692	-5.17693	-5.20421	82.2855	-4.36987	-4.36984	0.0530114	-0.883681	-0.95112	0.0361484
131601	0.558081	0.558476	0.000544675	0.833851	0.834442	79.6893	-5.20365	-5.20428	81.9902	-4.3698	-4.36984	0.0526776	-0.942699	-0.951354	0.0359582
131801	0.539935	0.558431	0.000541659	0.806739	0.834374	79.2481	-5.17673	-5.20421	81.5338	-4.36999	-4.36984	0.0523498	-0.910671	-0.951458	0.0357372
132001	0.560173	0.558398	0.00053936	0.836978	0.834325	78.9118	-5.20692	-5.20416	81.1823	-4.36994	-4.36984	0.0520348	-0.983895	-0.95153	0.035533
132201	0.570015	0.558376	0.000536737	0.851683	0.834293	78.528	-5.22101	-5.20413	80.7842	-4.36933	-4.36984	0.0517434	-1.07222	-0.951822	0.0353471
132401	0.553091	0.558238	0.000537587	0.826396	0.834086	78.6524	-5.19542	-5.20392	80.9138	-4.36903	-4.36983	0.0516188	-1.15904	-0.951791	0.035199
132601	0.520447	0.558125	0.000537168	0.777621	0.833917	78.5911	-5.14673	-5.20374	80.8558	-4.36911	-4.36983	0.0515441	-0.917964	-0.952617	0.0351326
132801	0.598097	0.558094	0.00053643	0.893642	0.833871	78.4831	-5.26322	-5.20369	80.7397	-4.36958	-4.36982	0.0513387	-1.15867	-0.952794	0.0349623
133001	0.580473	0.558156	0.000535924	0.867309	0.833963	78.4091	-5.23728	-5.20379	80.6523	-4.36998	-4.36982	0.0510333	-1.08066	-0.952935	0.0348391
133201	0.561028	0.558178	0.000533279	0.838254	0.833996	78.022	-5.20884	-5.20382	80.2533	-4.37059	-4.36983	0.0508083	-0.846	-0.952815	0.0346622
133401	0.596468	0.5583	0.000532955	0.891207	0.834179	77.9746	-5.26234	-5.20401	80.219	-4.37114	-4.36983	0.0509388	-0.824893	-0.952293	0.0345069
133601	0.603733	0.558546	0.000540438	0.902063	0.834547	79.0695	-5.27432	-5.20439	81.3893	-4.37226	-4.36984	0.0518885	-0.653156	-0.950993	0.0345913
133801	0.584566	0.558697	0.000543246	0.873424	0.834773	79.4802	-5.24658	-5.20463	81.8729	-4.37316	-4.36986	0.0550849	-0.203512	-0.947372	0.036828
134001	0.61676	0.558913	0.000549093	0.921526	0.835094	80.3357	-5.29387	-5.20497	82.842	-4.37235	-4.36988	0.0582021	-0.636488	-0.943805	0.0388527
134201	0.585554	0.559049	0.000550416	0.8749	0.835297	80.5294	-5.24634	-5.20519	83.0761	-4.37144	-4.36989	0.0593868	-0.914449	-0.942614	0.0389811
134401	0.550924	0.559031	0.000548582	0.823158	0.835271	80.261	-5.19358	-5.20517	82.7875	-4.37042	-4.3699	0.0594791	-0.787582	-0.941584	0.0389941
134601	0.603884	0.559071	0.000548735	0.902288	0.83533	80.2834	-5.27194	-5.20523	82.7905	-4.36965	-4.3699	0.0591613	-1.19966	-0.941507	0.0389292
134801	0.552091	0.559142	0.000548645	0.824901	0.835437	80.2702	-5.19406	-5.20533	82.7589	-4.36916	-4.36989	0.058923	-0.82861	-0.94169	0.0388379
135001	0.548574	0.559102	0.000546661	0.819646	0.835377	79.9799	-5.1889	-5.20527	82.4606	-4.36925	-4.36989	0.0588109	-1.07951	-0.941957	0.0387241
135201	0.566806	0.559094	0.000544806	0.846888	0.835365	79.7085	-5.21683	-5.20525	82.1742	-4.36994	-4.36989	0.0585354	-1.03417	-0.942574	0.0386532
135401	0.580859	0.559152	0.000542944	0.867884	0.835452	79.4361	-5.23853	-5.20534	81.8933	-4.37064	-4.36989	0.0583026	-0.877729	-0.94258	0.0384814
135601	0.565466	0.559159	0.000541422	0.844885	0.835462	79.2134	-5.21578	-5.20536	81.6582	-4.3709	-4.36989	0.0582724	-0.782734	-0.941387	0.0385742
135801	0.595637	0.559179	0.000539153	0.889965	0.835492	78.8814	-5.261	-5.20539	81.3175	-4.37104	-4.3699	0.0583873	-0.852293	-0.940122	0.0386617
136001	0.591827	0.559315	0.000539695	0.884273	0.835696	78.9608	-5.25501	-5.2056	81.4106	-4.37074	-4.36991	0.0584432	-0.859806	-0.939377	0.0385574
136201	0.583626	0.559418	0.000538898	0.87202	0.835849	78.8442	-5.24242	-5.20576	81.2941	-4.3704	-4.36991	0.0582867	-1.02509	-0.939017	0.0384009
136401	0.561612	0.559497	0.000537936	0.839127	0.835967	78.7034	-5.20893	-5.20588	81.1447	-4.3698	-4.36991	0.0579892	-1.07059	-0.939682	0.0382785
136601	0.549653	0.559552	0.000537598	0.821259	0.83605	78.6539	-5.19084	-5.20596	81.0783	-4.36958	-4.36991	0.0577007	-0.985043	-0.940852	0.0383894
136801	0.54676	0.559482	0.000535899	0.816936	0.835945	78.4054	-5.1864	-5.20585	80.8219	-4.36946	-4.36991	0.0574429	-0.966339	-0.94087	0.0381916
137001	0.555679	0.559416	0.000534101	0.830262	0.835846	78.1423	-5.1996	-5.20575	80.5518	-4.36933	-4.36991	0.0572131	-1.03984	-0.9412	0.0380126
137201	0.559239	0.559312	0.000534254	0.835582	0.835691	78.1647	-5.20504	-5.20559	80.5728	-4.36946	-4.3699	0.0570135	-1.0843	-0.941349	0.0378403
137401	0.554621	0.559235	0.000533253	0.828682	0.835575	78.0183	-5.19842	-5.20548	80.4168	-4.36974	-4.3699	0.0567374	-1.10983	-0.941745	0.0376852
137601	0.568434	0.559214	0.000531555	0.84932	0.835544	77.7699	-5.21912	-5.20544	80.1559	-4.3698	-4.3699	0.0564415	-1.06849	-0.94249	0.0376398
137801	0.587922	0.559237	0.000529212	0.878438	0.835578	77.4271	-5.2483	-5.20548	79.8003	-4.36987	-4.3699	0.0561455	-1.19307	-0.943168	0.0375375
138001	0.574197	0.559284	0.000527814	0.857931	0.835649	77.2224	-5.2278	-5.20555	79.583	-4.36987	-4.3699	0.0558501	-1.03759	-0.943439	0.0374209
138201	0.554509	0.559348	0.000527278	0.828515	0.835745	77.144	-5.19887	-5.20565	79.4918	-4.37035	-4.3699	0.0555723	-0.990361	-0.944221	0.0373722
138401	0.557763	0.559372	0.000524776	0.833377	0.835781	76.7781	-5.20449	-5.20569	79.1178	-4.37112	-4.3699	0.0555464	-0.780953	-0.944069	0.0372118
138601	0.547488	0.559361	0.000522368	0.818024	0.835764	76.4257	-5.18923	-5.20568	78.7507	-4.37121	-4.36991	0.0558912	-0.709582	-0.943114	0.0372036
138801	0.562001	0.559312	0.000520594	0.839709	0.83569	76.1662	-5.21058	-5.20561	78.4694	-4.37087	-4.36992	0.0560036	-0.772191	-0.941824	0.0373448
139001	0.581295	0.559377	0.000518875	0.868537	0.835787	75.9147	-5.23919	-5.20571	78.2174	-4.37066	-4.36992	0.0559695	-0.894114	-0.941237	0.0372233
139201	0.557746	0.559416	0.000517892	0.83335	0.835846	75.7709	-5.20399	-5.20577	78.0677	-4.37064	-4.36993	0.0558581	-0.903154	-0.940831	0.0371309
139401	0.567443	0.559528	0.000518935	0.84784	0.836013	75.9235	-5.21871	-5.20594	78.2269	-4.37087	-4.36993	0.0557876	-0.842015	-0.941191	0.0370052
139601	0.582038	0.559668	0.000522693	0.869647	0.836223	76.4732	-5.24149	-5.20616	78.8074	-4.37184	-4.36994	0.0561632	-0.687038	-0.940665	0.0369145
139801	0.637857	0.559818	0.000526653	0.953049	0.836447	77.0527	-5.32576	-5.2064	79.4504	-4.37271	-4.36995	0.0577997	-0.804708	-0.939229	0.037167
140001	0.617145	0.559979	0.000531355	0.922101	0.836688	77.7406	-5.2951	-5.20665	80.2216	-4.373	-4.36996	0.0603795	-0.603936	-0.936965	0.0380868
140201	0.589183	0.560157	0.000535813	0.880322	0.836954	78.3928	-5.25303	-5.20693	80.9643	-4.37271	-4.36998	0.0627759	-0.625031	-0.935157	0.0385807
140401	0.580936	0.560312	0.000541396	0.868001	0.837185	79.2096	-5.24028	-5.20718	81.8506	-4.37227	-4.36999	0.0645902	-0.671914	-0.93397	0.0387577
140601	0.558129	0.560435	0.000543325	0.833923	0.837369	79.4918	-5.20557	-5.20737	82.1721	-4.37164	-4.37	0.0655856	-0.764021	-0.933301	0.0386738
140801	0.532964	0.56039	0.000541913	0.796323	0.837302	79.2852	-5.16718	-5.20731	81.945	-4.37085	-4.37001	0.0657439	-0.741691	-0.932638	0.0385866
141001	0.546365	0.560325	0.000540976	0.816347	0.837204	79.1482	-5.18676	-5.20721	81.7868	-4.37041	-4.37001	0.0655387	-0.984186	-0.932632	0.0384589
141201	0.554064	0.560236	0.000540231	0.82785	0.837071	79.0391	-5.19813	-5.20708	81.6595	-4.37028	-4.37001	0.0652498	-1.04188	-0.932771	0.0382856
141401	0.567257	0.560206	0.000538014	0.847562	0.837026	78.7148	-5.2179	-5.20704	81.3207	-4.37034	-4.37001	0.0649649	-1.09313	-0.933425	0.0381919
141601	0.577309	0.560196	0.00053745	0.862581	0.837011	78.6323	-5.23323	-5.20703	81.2257	-4.37064	-4.37001	0.0647223	-1.0344	-0.933346	0.0380995
141801	0.572237	0.560225	0.000535166	0.855002	0.837056	78.2981	-5.22564	-5.20707	80.8829	-4.37064	-4.37002	0.0645425	-1.10648	-0.933828	0.037972
142001	0.576421	0.560241	0.000532948	0.861254	0.837079	77.9737	-5.2322	-5.2071	80.5484	-4.37095	-4.37002	0.064435	-0.948585	-0.933898	0.0378331
142201	0.577758	0.56033	0.000532996	0.863251	0.837211	77.9807	-5.23399	-5.20724	80.5583	-4.37074	-4.37003	0.0643435	-0.917812	-0.933902	0.0376844
142401	0.605403	0.560395	0.000531959	0.904557	0.837309	77.829	-5.27557	-5.20734	80.4052	-4.37101	-4.37003	0.0642338	-1.01509	-0.933691	0.037526
142601	0.591917	0.560513	0.000533346	0.884407	0.837485	78.0318	-5.25586	-5.20752	80.6231	-4.37145	-4.37003	0.0643762	-0.828302	-0.933304	0.0374253
142801	0.600724	0.560668	0.000536325	0.897566	0.837716	78.4677	-5.26913	-5.20776	81.0959	-4.37157	-4.37004	0.0648413	-0.890033	-0.932724	0.0373301
143001	0.605149	0.560871	0.000545098	0.904178	0.83802	79.7512	-5.2753	-5.20807	82.4157	-4.37112	-4.37005	0.0650201	-1.07785	-0.933114	0.0373147
143201	0.591623	0.560991	0.000546457	0.883968	0.8382	79.9501	-5.25532	-5.20825	82.6303	-4.37135	-4.37005	0.0651415	-0.904197	-0.932935	0.0371786
143401	0.582151	0.561049	0.000545388	0.869815	0.838287	79.7937	-5.24116	-5.20835	82.4765	-4.37134	-4.37006	0.0653328	-0.837065	-0.932291	0.0371199
143601	0.574814	0.561073	0.000545231	0.858853	0.838322	79.7707	-5.23032	-5.20839	82.4486	-4.37147	-4.37007	0.0656173	-0.738543	-0.931457	0.0371608
143801	0.59366	0.561086	0.000544105	0.887011	0.838342	79.6059	-5.25828	-5.20841	82.275	-4.37127	-4.37007	0.0658279	-0.56572	-0.929546	0.0378173
144001	0.591673	0.561201	0.000545104	0.884042	0.838513	79.7521	-5.25522	-5.20859	82.4349	-4.37117	-4.37008	0.0659054	-0.849108	-0.928171	0.0380936
144201	0.556338	0.561297	0.000545798	0.831247	0.838657	79.8536	-5.20221	-5.20874	82.5454	-4.37096	-4.37008	0.0659503	-0.637951	-0.927574	0.03803
144401	0.585822	0.561381	0.000545651	0.875301	0.838783	79.8321	-5.24561	-5.20887	82.5207	-4.37031	-4.37008	0.0657578	-1.02589	-0.927265	0.0379312
144601	0.55727	0.561446	0.000544919	0.83264	0.83888	79.725	-5.20247	-5.20896	82.4013	-4.36983	-4.37008	0.0654692	-1.05317	-0.928013	0.0379024
144801	0.538129	0.561376	0.000543964	0.80404	0.838774	79.5853	-5.17353	-5.20886	82.2563	-4.36949	-4.37008	0.0652378	-1.03398	-0.928465	0.0377839
145001	0.545249	0.561296	0.00054365	0.814679	0.838656	79.5394	-5.18423	-5.20873	82.2075	-4.36955	-4.37008	0.0650438	-1.03388	-0.92897	0.0376916
145201	0.541408	0.561262	0.000541932	0.808939	0.838604	79.288	-5.17826	-5.20868	81.9491	-4.36933	-4.37008	0.0648717	-1.03901	-0.929682	0.0376493
145401	0.560527	0.561221	0.000540337	0.837506	0.838543	79.0547	-5.20654	-5.20862	81.711	-4.36903	-4.37007	0.0648288	-1.17884	-0.930505	0.0376526
145601	0.534304	0.561095	0.000541951	0.798326	0.838354	79.2908	-5.16717	-5.20842	81.9637	-4.36884	-4.37007	0.064903	-1.00299	-0.930781	0.0375218
145801	0.529961	0.561005	0.000541725	0.791836	0.83822	79.2577	-5.16071	-5.20828	81.941	-4.36888	-4.37006	0.0650598	-1.02188	-0.931353	0.0374407
146001	0.555756	0.560924	0.000541043	0.830378	0.838099	79.158	-5.19943	-5.20816	81.8474	-4.36905	-4.37006	0.0651195	-1.04137	-0.931924	0.037358
146201	0.532888	0.560854	0.000540022	0.79621	0.837995	79.0086	-5.16548	-5.20805	81.6986	-4.36927	-4.37005	0.0650685	-0.834155	-0.931902	0.0372111
146401	0.539602	0.56076	0.000540145	0.806241	0.837854	79.0266	-5.17581	-5.20791	81.7172	-4.36957	-4.37005	0.0648968	-0.974255	-0.931846	0.0370768
146601	0.547653	0.560705	0.000538786	0.81827	0.837772	78.8278	-5.1879	-5.20782	81.5119	-4.36963	-4.37005	0.0646765	-0.971689	-0.932136	0.0369399
146801	0.553089	0.560598	0.000539888	0.826393	0.837612	78.9889	-5.1956	-5.20766	81.6725	-4.36921	-4.37005	0.0644943	-1.11291	-0.9323	0.0368344
147001	0.544832	0.560538	0.000538476	0.814056	0.837522	78.7825	-5.18244	-5.20756	81.4701	-4.36838	-4.37004	0.0646801	-1.04236	-0.932869	0.0367547
147201	0.546757	0.56042	0.000539639	0.816931	0.837347	78.9525	-5.18493	-5.20738	81.6741	-4.368	-4.37003	0.0654338	-1.04752	-0.932827	0.0366182
147401	0.508605	0.560355	0.000539444	0.759927	0.837249	78.924	-5.12802	-5.20727	81.6605	-4.36809	-4.37002	0.0662383	-0.977642	-0.933554	0.0366211
147601	0.504986	0.560227	0.000541692	0.754521	0.837058	79.253	-5.12269	-5.20707	82.0262	-4.36817	-4.37002	0.0669386	-0.904457	-0.934127	0.0365687
147801	0.529969	0.560088	0.000544404	0.791849	0.83685	79.6497	-5.15995	-5.20686	82.4631	-4.36811	-4.37001	0.0676105	-1.10403	-0.93462	0.036484
148001	0.552886	0.560015	0.00054363	0.826089	0.836741	79.5364	-5.19429	-5.20674	82.3658	-4.3682	-4.37	0.0682926	-1.23998	-0.935687	0.0366113
148201	0.542412	0.559879	0.000546403	0.810439	0.836538	79.9422	-5.17883	-5.20653	82.8066	-4.36839	-4.36999	0.0688171	-1.19304	-0.936421	0.0366048
148401	0.508803	0.559741	0.000549225	0.760223	0.836331	80.3551	-5.12881	-5.20632	83.2491	-4.36858	-4.36999	0.0691527	-0.875975	-0.936888	0.0365333
148601	0.575097	0.559713	0.000549669	0.859276	0.836289	80.4201	-5.22859	-5.20627	83.3124	-4.36931	-4.36998	0.0691844	-1.2492	-0.93765	0.0366176
148801	0.575845	0.55975	0.000547896	0.860394	0.836346	80.1606	-5.23047	-5.20633	83.0397	-4.37008	-4.36998	0.0689305	-0.999203	-0.938212	0.0365611
149001	0.594787	0.55981	0.00054704	0.888696	0.836435	80.0354	-5.25959	-5.20642	82.9082	-4.37089	-4.36998	0.0687259	-0.834596	-0.937774	0.0365139
149201	0.613538	0.559896	0.000547534	0.916713	0.836563	80.1076	-5.28795	-5.20655	82.988	-4.37124	-4.36999	0.0687807	-0.735079	-0.936524	0.0367895
149401	0.614863	0.56002	0.000552032	0.918691	0.836748	80.7658	-5.29006	-5.20674	83.6672	-4.37137	-4.36999	0.0689623	-0.919046	-0.935537	0.037004
149601	0.595912	0.560122	0.000552681	0.890376	0.836901	80.8607	-5.26207	-5.2069	83.7814	-4.37169	-4.37	0.0692894	-0.83794	-0.935008	0.0369291
149801	0.613807	0.560256	0.000559005	0.917114	0.837101	81.7859	-5.2891	-5.20711	84.7444	-4.37198	-4.37001	0.0698726	-0.809394	-0.934411	0.0369564
150001	0.586695	0.560341	0.000559513	0.876604	0.837228	81.8603	-5.24872	-5.20724	84.8419	-4.37211	-4.37002	0.0706913	-0.570319	-0.933041	0.0373065
150201	0.622227	0.560541	0.000567918	0.929695	0.837528	83.09	-5.30153	-5.20755	86.139	-4.37183	-4.37002	0.0714619	-0.658369	-0.931599	0.0377028
150401	0.578905	0.560727	0.00057611	0.864966	0.837805	84.2884	-5.23622	-5.20783	87.3801	-4.37126	-4.37003	0.071752	-0.780871	-0.931038	0.0377072
150601	0.578533	0.560832	0.000576885	0.864409	0.837962	84.4019	-5.23578	-5.208	87.508	-4.37137	-4.37003	0.071898	-0.823663	-0.93078	0.0375804
150801	0.586736	0.560873	0.00057616	0.876665	0.838024	84.2958	-5.24825	-5.20806	87.4012	-4.37158	-4.37004	0.0721507	-0.911892	-0.930248	0.0375309
151001	0.551186	0.56092	0.000575418	0.82355	0.838093	84.1873	-5.19466	-5.20814	87.295	-4.37111	-4.37005	0.0723556	-0.726235	-0.929948	0.0374344
151201	0.570914	0.560909	0.00057372	0.853026	0.838077	83.9388	-5.22354	-5.20813	87.0331	-4.37052	-4.37005	0.0722267	-1.00361	-0.929509	0.0373595
151401	0.557353	0.560946	0.000572733	0.832763	0.838132	83.7944	-5.20279	-5.20818	86.8792	-4.37003	-4.37005	0.0719661	-1.02293	-0.930122	0.0373381
151601	0.542	0.560985	0.000571471	0.809824	0.83819	83.6098	-5.17919	-5.20824	86.6808	-4.36937	-4.37005	0.0717385	-1.06461	-0.930902	0.0373553
151801	0.574345	0.560993	0.000569625	0.858152	0.838203	83.3397	-5.22762	-5.20825	86.3979	-4.36947	-4.37005	0.0715725	-1.41607	-0.932393	0.0378218
152001	0.555134	0.560983	0.000567891	0.829449	0.838188	83.086	-5.19942	-5.20823	86.1327	-4.36997	-4.37004	0.0713344	-0.916254	-0.933196	0.0379416
152201	0.56091	0.560978	0.000565829	0.838079	0.83818	82.7844	-5.20858	-5.20822	85.8192	-4.37051	-4.37004	0.0710758	-0.835528	-0.932851	0.0378292
152401	0.580613	0.560992	0.000563985	0.867517	0.838201	82.5145	-5.23828	-5.20825	85.54	-4.37076	-4.37005	0.0708957	-0.810682	-0.932397	0.0377405
152601	0.570354	0.561049	0.000563116	0.852189	0.838286	82.3874	-5.22299	-5.20834	85.4095	-4.3708	-4.37005	0.0707578	-0.839781	-0.932034	0.0376535
152801	0.582039	0.561063	0.000561382	0.869649	0.838307	82.1337	-5.24067	-5.20836	85.1475	-4.37102	-4.37005	0.0707023	-0.834345	-0.931399	0.0376237
153001	0.57464	0.561091	0.00056006	0.858593	0.838348	81.9403	-5.22933	-5.2084	84.948	-4.37074	-4.37006	0.070613	-0.841248	-0.93084	0.0375751
153201	0.566077	0.561143	0.00055967	0.845798	0.838427	81.8832	-5.21631	-5.20849	84.8855	-4.37051	-4.37006	0.0704142	-0.863897	-0.930677	0.0374608
153401	0.563567	0.561187	0.000558492	0.842048	0.838492	81.7108	-5.2127	-5.20855	84.7064	-4.37065	-4.37006	0.0702162	-0.756262	-0.930511	0.0373466
153601	0.571923	0.561242	0.000557703	0.854533	0.838575	81.5954	-5.22567	-5.20864	84.5881	-4.37114	-4.37006	0.0701183	-0.577235	-0.929679	0.0374413
153801	0.567688	0.561264	0.000555871	0.848205	0.838607	81.3274	-5.21954	-5.20867	84.3144	-4.37133	-4.37007	0.0702148	-0.62916	-0.928345	0.0377812
154001	0.607363	0.561327	0.000556259	0.907486	0.838701	81.3841	-5.27875	-5.20877	84.3755	-4.37126	-4.37007	0.0703226	-0.892586	-0.927643	0.0378105
154201	0.56395	0.56143	0.000557623	0.842621	0.838855	81.5837	-5.21359	-5.20893	84.5867	-4.37097	-4.37008	0.0703464	-0.772532	-0.927286	0.0377094
154401	0.546237	0.561468	0.00055685	0.816154	0.838912	81.4707	-5.18713	-5.20899	84.4693	-4.37097	-4.37008	0.0702755	-0.591122	-0.92677	0.037691
154601	0.572521	0.561554	0.000557826	0.855427	0.839041	81.6134	-5.22616	-5.20912	84.614	-4.37073	-4.37008	0.070164	-0.85075	-0.926611	0.0376124
154801	0.558234	0.561519	0.000558004	0.83408	0.838989	81.6395	-5.20439	-5.20907	84.6246	-4.37031	-4.37008	0.0699599	-0.953937	-0.926126	0.0376535
155001	0.588486	0.561544	0.000556798	0.879281	0.839025	81.463	-5.24946	-5.20911	84.4376	-4.37018	-4.37008	0.0697094	-1.12929	-0.926499	0.0375778
155201	0.556264	0.561572	0.000555786	0.831136	0.839067	81.3149	-5.20159	-5.20915	84.2796	-4.37045	-4.37009	0.0694648	-0.846449	-0.926619	0.0374721
155401	0.57565	0.561588	0.00055509	0.860102	0.839092	81.2131	-5.23095	-5.20918	84.1691	-4.37085	-4.37009	0.0692867	-0.859498	-0.926389	0.0373832
155601	0.597987	0.561651	0.000554402	0.893476	0.839185	81.1124	-5.265	-5.20928	84.0725	-4.37152	-4.37009	0.0693361	-0.849708	-0.925962	0.0373026
155801	0.587585	0.561764	0.000556317	0.877934	0.839355	81.3926	-5.25016	-5.20945	84.3811	-4.37223	-4.3701	0.0698481	-0.521805	-0.925162	0.03741
156001	0.584383	0.561847	0.000556476	0.87315	0.839479	81.416	-5.2456	-5.20958	84.4323	-4.37245	-4.37011	0.0708458	-0.375166	-0.923241	0.0383323
156201	0.583359	0.561938	0.000556969	0.871621	0.839614	81.488	-5.2435	-5.20973	84.5326	-4.37188	-4.37011	0.0716545	-0.709756	-0.922013	0.0386479
156401	0.581063	0.562009	0.000556585	0.86819	0.83972	81.4318	-5.23942	-5.20984	84.4857	-4.37123	-4.37012	0.0718429	-0.839355	-0.92163	0.0385592
156601	0.568682	0.56207	0.000555755	0.849691	0.839812	81.3104	-5.22131	-5.20993	84.3684	-4.37162	-4.37012	0.0719471	-0.568417	-0.920981	0.0385687
156801	0.590568	0.562136	0.000555286	0.882392	0.83991	81.2418	-5.25467	-5.21004	84.314	-4.37228	-4.37013	0.0724996	-0.593436	-0.919901	0.0387691
157001	0.588011	0.562181	0.00055445	0.878571	0.839977	81.1195	-5.25082	-5.21011	84.2011	-4.37225	-4.37014	0.0733222	-0.700325	-0.918646	0.0391022
157201	0.60768	0.562238	0.000554274	0.907959	0.840063	81.0937	-5.2794	-5.21021	84.183	-4.37144	-4.37014	0.0738129	-0.950618	-0.918052	0.0391146
157401	0.565665	0.56228	0.000553504	0.845183	0.840125	80.9811	-5.21584	-5.21027	84.0686	-4.37065	-4.37015	0.0737342	-0.74812	-0.917487	0.0390904
157601	0.547402	0.562218	0.000553393	0.817895	0.840033	80.9649	-5.18812	-5.21018	84.0391	-4.37023	-4.37015	0.073499	-0.883562	-0.91707	0.0390145
157801	0.541073	0.562201	0.000551851	0.808439	0.840007	80.7392	-5.17869	-5.21015	83.8028	-4.37025	-4.37015	0.0732451	-0.960283	-0.917338	0.0389144
158001	0.576554	0.562117	0.000553566	0.861453	0.839882	80.9902	-5.23174	-5.21003	84.0405	-4.37029	-4.37015	0.0729984	-1.12075	-0.917308	0.0388281
158201	0.575362	0.562149	0.000552243	0.859672	0.839929	80.7966	-5.23003	-5.21008	83.8375	-4.37036	-4.37015	0.0727528	-0.999238	-0.917692	0.0387424
158401	0.583109	0.562201	0.000551516	0.871247	0.840008	80.6903	-5.24189	-5.21016	83.7248	-4.37064	-4.37015	0.0725322	-1.09879	-0.918095	0.0386763
158601	0.536755	0.562238	0.000551534	0.801988	0.840062	80.6929	-5.17326	-5.21021	83.7204	-4.37127	-4.37015	0.0724414	-0.710524	-0.918202	0.0386307
158801	0.579633	0.562234	0.000550724	0.866054	0.840057	80.5744	-5.23739	-5.21021	83.5914	-4.37134	-4.37016	0.0725068	-0.845027	-0.917854	0.0385535
159001	0.590105	0.562269	0.000549906	0.881699	0.840109	80.4547	-5.25296	-5.21027	83.4695	-4.37126	-4.37016	0.0725629	-0.872112	-0.917426	0.0384919
159201	0.55922	0.562295	0.000549057	0.835554	0.840148	80.3305	-5.2065	-5.21031	83.3411	-4.37095	-4.37016	0.0725137	-0.734219	-0.916927	0.038456
159401	0.573182	0.562299	0.000547476	0.856415	0.840154	80.0992	-5.22719	-5.21032	83.1004	-4.37078	-4.37017	0.0723904	-0.860197	-0.916616	0.0383646
159601	0.576332	0.562383	0.000548079	0.86112	0.840279	80.1874	-5.23187	-5.21045	83.1872	-4.37075	-4.37017	0.0722069	-0.873522	-0.916675	0.0382458
159801	0.596648	0.562486	0.000549677	0.891477	0.840433	80.4212	-5.2625	-5.2106	83.4267	-4.37103	-4.37017	0.0720979	-0.846656	-0.916635	0.0381315
160001	0.549491	0.562541	0.000549419	0.821017	0.840515	80.3835	-5.19181	-5.21069	83.3883	-4.37079	-4.37017	0.0719963	-0.637771	-0.916058	0.0381174
160201	0.583737	0.562535	0.000548624	0.872185	0.840506	80.2671	-5.24266	-5.21068	83.2607	-4.37048	-4.37017	0.0718002	-0.978572	-0.915628	0.0381018
160401	0.580841	0.562563	0.000549801	0.867858	0.840548	80.4393	-5.23789	-5.21072	83.4252	-4.37003	-4.37017	0.0715681	-0.972291	-0.915491	0.0380741
160601	0.581291	0.562579	0.000549169	0.86853	0.840572	80.3468	-5.23827	-5.21075	83.3224	-4.36974	-4.37017	0.0713459	-1.06872	-0.915694	0.0379851
160801	0.565519	0.562576	0.000548048	0.844965	0.840567	80.1828	-5.21454	-5.21074	83.1493	-4.36958	-4.37017	0.0711837	-0.966245	-0.915823	0.0378842
161001	0.581556	0.562648	0.000548423	0.868926	0.840676	80.2377	-5.23877	-5.21085	83.1885	-4.36985	-4.37017	0.0709909	-0.97023	-0.916193	0.0378186
161201	0.562642	0.562621	0.000547559	0.840667	0.840635	80.1112	-5.2104	-5.2108	83.055	-4.36974	-4.37017	0.0707964	-0.922107	-0.916019	0.0377194
161401	0.545679	0.562611	0.000546582	0.815321	0.84062	79.9683	-5.18524	-5.21079	82.9028	-4.36992	-4.37017	0.0705936	-0.992424	-0.91617	0.037608
161601	0.556296	0.562611	0.000545114	0.831184	0.84062	79.7536	-5.2012	-5.21079	82.6785	-4.37001	-4.37017	0.0703728	-1.01078	-0.916681	0.0375734
161801	0.569849	0.562574	0.000544562	0.851434	0.840565	79.6729	-5.22146	-5.21073	82.5891	-4.37002	-4.37017	0.0701479	-1.12141	-0.916827	0.0374928
162001	0.553034	0.562527	0.000543723	0.82631	0.840494	79.5501	-5.19628	-5.21066	82.4585	-4.36997	-4.37017	0.0699277	-1.18695	-0.917439	0.0374904
162201	0.532783	0.562458	0.000544708	0.796053	0.840392	79.6941	-5.16556	-5.21056	82.6	-4.3695	-4.37016	0.0697386	-1.03361	-0.917986	0.0375019
162401	0.534361	0.562364	0.000545853	0.798411	0.840251	79.8618	-5.16742	-5.21041	82.776	-4.36901	-4.37016	0.0697056	-1.1191	-0.918437	0.0374523
162601	0.543985	0.562306	0.00054522	0.81279	0.840165	79.7691	-5.18168	-5.21032	82.6885	-4.36889	-4.37016	0.0698168	-1.25531	-0.919426	0.0376478
162801	0.543473	0.562188	0.000548193	0.812024	0.839988	80.2041	-5.18123	-5.21014	83.1391	-4.36921	-4.37015	0.0698396	-1.12988	-0.920008	0.0376509
163001	0.570159	0.562149	0.000547119	0.851898	0.839929	80.047	-5.22159	-5.21008	82.9785	-4.36969	-4.37015	0.0697346	-1.14467	-0.92055	0.0376347
163201	0.585326	0.562147	0.000545768	0.874559	0.839926	79.8493	-5.24441	-5.21008	82.7714	-4.36985	-4.37015	0.0695311	-1.48198	-0.921456	0.0378119
163401	0.535223	0.562135	0.000545036	0.799699	0.839908	79.7422	-5.16931	-5.21006	82.657	-4.36961	-4.37015	0.0693603	-1.07219	-0.922555	0.0381448
163601	0.573	0.562109	0.000544719	0.856142	0.839869	79.6958	-5.22608	-5.21002	82.6047	-4.36993	-4.37015	0.0691776	-1.22311	-0.923313	0.0382336
163801	0.569921	0.562114	0.000543431	0.851543	0.839878	79.5074	-5.22199	-5.21003	82.4081	-4.37045	-4.37015	0.0689661	-0.947538	-0.923663	0.0381612
164001	0.551286	0.562085	0.000542231	0.823698	0.839834	79.3317	-5.19471	-5.20998	82.2205	-4.37101	-4.37015	0.0688225	-0.747996	-0.923188	0.0381198
164201	0.568756	0.562099	0.000541585	0.849801	0.839855	79.2373	-5.22113	-5.21001	82.1199	-4.37133	-4.37015	0.0688385	-0.87747	-0.922873	0.0380547
164401	0.573427	0.562162	0.000541461	0.856781	0.839949	79.2191	-5.22744	-5.2101	82.1036	-4.37066	-4.37016	0.0687935	-1.09924	-0.923308	0.0380189
164601	0.554894	0.56216	0.000539862	0.829089	0.839947	78.9852	-5.19936	-5.2101	81.8608	-4.37027	-4.37016	0.0685933	-1.09313	-0.923891	0.0380157
164801	0.572677	0.562186	0.000538649	0.85566	0.839985	78.8078	-5.22632	-5.21014	81.6765	-4.37066	-4.37016	0.0684014	-1.05877	-0.924424	0.0379927
165001	0.563213	0.562149	0.000537764	0.841519	0.83993	78.6783	-5.21226	-5.21009	81.534	-4.37075	-4.37016	0.0682571	-0.938807	-0.924302	0.0378954
165201	0.553891	0.562183	0.000538218	0.827592	0.839981	78.7447	-5.19815	-5.21014	81.5954	-4.37056	-4.37016	0.0680921	-0.747157	-0.9243	0.0378634
165401	0.568646	0.562212	0.000537042	0.849637	0.840023	78.5725	-5.22003	-5.21019	81.4163	-4.37039	-4.37016	0.0679054	-0.830956	-0.924107	0.0377681
165601	0.576575	0.562251	0.000536364	0.861484	0.840082	78.4734	-5.23205	-5.21025	81.3103	-4.37057	-4.37016	0.0677114	-0.913317	-0.924082	0.0376698
165801	0.588819	0.562306	0.000535981	0.879778	0.840165	78.4173	-5.25063	-5.21033	81.2514	-4.37085	-4.37016	0.0675679	-0.782978	-0.923723	0.037626
166001	0.555785	0.562357	0.000535346	0.830421	0.840241	78.3245	-5.20117	-5.21041	81.1572	-4.37075	-4.37017	0.0674611	-0.793252	-0.923465	0.0375408
166201	0.550565	0.562339	0.000534041	0.822622	0.840214	78.1336	-5.19303	-5.21038	80.9564	-4.37041	-4.37017	0.0672857	-0.779658	-0.92301	0.0374992
166401	0.556152	0.562315	0.000532885	0.830969	0.840178	77.9644	-5.20128	-5.21035	80.7781	-4.37031	-4.37017	0.0670873	-0.754512	-0.922578	0.0374626
166601	0.570285	0.562364	0.000532369	0.852086	0.84025	77.8889	-5.22257	-5.21042	80.6966	-4.37048	-4.37017	0.0668985	-0.973016	-0.92267	0.037369
166801	0.562009	0.562408	0.000532029	0.83972	0.840317	77.8391	-5.21067	-5.21049	80.6444	-4.37095	-4.37017	0.0667651	-0.651092	-0.922527	0.0372747
167001	0.601925	0.562478	0.000533756	0.899361	0.840422	78.0918	-5.27037	-5.21059	80.9005	-4.37101	-4.37017	0.0667049	-0.898493	-0.922142	0.0372722
167201	0.590378	0.562561	0.000534695	0.882107	0.840545	78.2292	-5.25358	-5.21072	81.0462	-4.37147	-4.37018	0.0667212	-0.792777	-0.921781	0.0372139
167401	0.573376	0.562587	0.000533661	0.856705	0.840584	78.0779	-5.22847	-5.21076	80.8941	-4.37176	-4.37018	0.0669522	-0.608039	-0.920967	0.037349
167601	0.581412	0.56262	0.000532687	0.868711	0.840633	77.9354	-5.24006	-5.21082	80.7523	-4.37135	-4.37018	0.0671331	-0.853497	-0.920417	0.0373728
167801	0.562259	0.562613	0.000531295	0.840095	0.840623	77.7318	-5.21123	-5.21081	80.5393	-4.37113	-4.37019	0.0671555	-0.771633	-0.919872	0.0373679
168001	0.584281	0.562647	0.000530809	0.872998	0.840673	77.6607	-5.24413	-5.21086	80.466	-4.37113	-4.37019	0.067113	-0.777039	-0.919438	0.0373376
168201	0.570968	0.562696	0.000530197	0.853106	0.840747	77.5711	-5.22448	-5.21094	80.3785	-4.37137	-4.37019	0.0671235	-0.750666	-0.91891	0.0373282
168401	0.557512	0.562683	0.000529114	0.833001	0.840727	77.4127	-5.20449	-5.21092	80.2089	-4.37149	-4.3702	0.0672545	-0.627745	-0.918232	0.0373913
168601	0.554987	0.562719	0.000528347	0.829228	0.840781	77.3004	-5.20036	-5.21098	80.0964	-4.37113	-4.3702	0.0672963	-0.761423	-0.917846	0.0373543
168801	0.558661	0.562742	0.000527429	0.834718	0.840815	77.1662	-5.20567	-5.21102	79.9578	-4.37095	-4.3702	0.0672322	-0.860532	-0.917751	0.0372643
169001	0.553706	0.562782	0.00052678	0.827314	0.840875	77.0713	-5.19815	-5.21108	79.8605	-4.37083	-4.37021	0.0671323	-0.820402	-0.917841	0.0371706
169201	0.571596	0.562814	0.000525856	0.854045	0.840923	76.936	-5.22432	-5.21113	79.7186	-4.37028	-4.37021	0.0669658	-0.876975	-0.91783	0.0370686
169401	0.561429	0.562812	0.000524694	0.838854	0.840921	76.766	-5.20923	-5.21113	79.5406	-4.37037	-4.37021	0.0667737	-0.8381	-0.917693	0.0369759
169601	0.58668	0.562854	0.000524659	0.876582	0.840983	76.7609	-5.24776	-5.21119	79.5329	-4.37118	-4.37021	0.0666383	-0.959462	-0.917689	0.0368953
169801	0.562697	0.56287	0.000524289	0.840748	0.841007	76.7068	-5.21254	-5.21122	79.4738	-4.37179	-4.37021	0.0668122	-0.524019	-0.917055	0.0370415
170001	0.576646	0.5629	0.000523384	0.861591	0.841052	76.5743	-5.23304	-5.21127	79.3419	-4.37145	-4.37022	0.0670159	-0.63164	-0.916114	0.0372577
170201	0.522579	0.562907	0.000523709	0.780807	0.841062	76.6219	-5.15189	-5.21128	79.3846	-4.37108	-4.37022	0.0670366	-0.432914	-0.915099	0.0375429
170401	0.566569	0.562914	0.000523867	0.846533	0.841072	76.6451	-5.21682	-5.21129	79.4019	-4.37028	-4.37022	0.0669079	-0.963737	-0.914817	0.0375121
170601	0.564778	0.562943	0.000522794	0.843858	0.841116	76.4881	-5.21356	-5.21134	79.2361	-4.3697	-4.37022	0.0667375	-1.18403	-0.915427	0.0375426
170801	0.538749	0.562954	0.000521604	0.804966	0.841133	76.3139	-5.1746	-5.21135	79.0531	-4.36963	-4.37022	0.0666011	-0.891187	-0.916097	0.037621
171001	0.557186	0.562952	0.000520629	0.832514	0.841129	76.1713	-5.20203	-5.21135	78.903	-4.36951	-4.37022	0.0664969	-1.03463	-0.916359	0.0375535
171201	0.555875	0.562941	0.00052051	0.830555	0.841113	76.1538	-5.20039	-5.21133	78.8786	-4.36984	-4.37021	0.0663749	-1.03917	-0.916748	0.0375384
171401	0.563308	0.563004	0.000520986	0.841662	0.841207	76.2235	-5.21201	-5.21142	78.9392	-4.37035	-4.37021	0.0661954	-0.968945	-0.917396	0.0376013
171601	0.574331	0.563033	0.000519993	0.858131	0.841251	76.0782	-5.22894	-5.21147	78.7883	-4.37081	-4.37022	0.0660371	-0.927734	-0.91752	0.0375057
171801	0.567528	0.563045	0.000519621	0.847967	0.841268	76.0238	-5.21926	-5.21149	78.7293	-4.37129	-4.37022	0.0659766	-0.760627	-0.917287	0.0374386
172001	0.577875	0.563087	0.000518963	0.863427	0.841331	75.9275	-5.23491	-5.21155	78.6361	-4.37149	-4.37022	0.0660726	-0.808016	-0.916936	0.0373815
172201	0.578446	0.563074	0.000518229	0.864279	0.841312	75.8201	-5.23545	-5.21154	78.5183	-4.37117	-4.37022	0.0661294	-0.891521	-0.916465	0.0373778
172401	0.558758	0.563088	0.000516984	0.834862	0.841333	75.638	-5.20572	-5.21156	78.331	-4.37086	-4.37023	0.0660541	-0.777568	-0.916334	0.0372841
172601	0.565294	0.563088	0.00051751	0.844628	0.841333	75.7149	-5.21486	-5.21156	78.3986	-4.37023	-4.37023	0.0659013	-1.05688	-0.916324	0.037316
172801	0.560729	0.563079	0.000516466	0.837808	0.841319	75.5622	-5.20801	-5.21155	78.2387	-4.37021	-4.37023	0.0657217	-1.01421	-0.916516	0.0372415
173001	0.549287	0.563063	0.000515797	0.820713	0.841296	75.4644	-5.19142	-5.21152	78.1329	-4.3707	-4.37023	0.0655524	-0.686475	-0.916411	0.037183
173201	0.558514	0.563049	0.000514982	0.834499	0.841274	75.345	-5.20557	-5.2115	78.0051	-4.37107	-4.37023	0.0654576	-0.666022	-0.915781	0.0372374
173401	0.579401	0.563078	0.000514448	0.865707	0.841318	75.2669	-5.23698	-5.21155	77.926	-4.37127	-4.37023	0.0654554	-0.651704	-0.915173	0.0372798
173601	0.564499	0.563098	0.000513235	0.843441	0.841347	75.0896	-5.21446	-5.21158	77.745	-4.37102	-4.37023	0.0654309	-0.763061	-0.914528	0.0373419
173801	0.589774	0.56316	0.000513844	0.881206	0.84144	75.1786	-5.25209	-5.21168	77.8358	-4.37089	-4.37024	0.0653538	-0.986267	-0.914642	0.0372783
174001	0.588346	0.563178	0.000513176	0.879071	0.841468	75.0809	-5.24992	-5.21171	77.7333	-4.37085	-4.37024	0.0652383	-0.900124	-0.914388	0.0372234
174201	0.574828	0.563187	0.000512027	0.858873	0.841481	74.9127	-5.22988	-5.21172	77.5593	-4.37101	-4.37024	0.0651459	-0.743732	-0.913898	0.0372192
174401	0.581677	0.563247	0.000512313	0.869107	0.84157	74.9546	-5.24032	-5.21181	77.6047	-4.37122	-4.37024	0.0651171	-0.86813	-0.913729	0.0371386
174601	0.581751	0.563316	0.000513439	0.869218	0.841673	75.1194	-5.23979	-5.21192	77.771	-4.37058	-4.37024	0.0650314	-0.974886	-0.913991	0.0371027
174801	0.55333	0.563339	0.000512685	0.826753	0.841708	75.009	-5.19684	-5.21195	77.654	-4.37009	-4.37024	0.0648623	-0.830392	-0.914058	0.0370177
175001	0.577885	0.563337	0.000511997	0.863442	0.841704	74.9084	-5.2335	-5.21195	77.5464	-4.37006	-4.37024	0.0646993	-1.06458	-0.914136	0.0369585
175201	0.549095	0.563314	0.000512155	0.820425	0.841671	74.9315	-5.19058	-5.21191	77.5624	-4.37015	-4.37024	0.0645286	-0.986213	-0.914199	0.0368918
175401	0.584336	0.56334	0.000511375	0.87308	0.841709	74.8174	-5.24294	-5.21195	77.4403	-4.36986	-4.37024	0.0643696	-1.16729	-0.914791	0.0369393
175601	0.562351	0.563346	0.000510744	0.840231	0.841718	74.7251	-5.20975	-5.21196	77.3409	-4.36952	-4.37024	0.0642511	-0.998777	-0.915128	0.0369129
175801	0.540453	0.563348	0.000509589	0.807513	0.841721	74.5561	-5.17728	-5.21196	77.1648	-4.36976	-4.37024	0.0641515	-0.82641	-0.91538	0.036848
176001	0.585016	0.563337	0.000508749	0.874097	0.841705	74.4332	-5.24407	-5.21194	77.0362	-4.36997	-4.37024	0.064001	-0.8821	-0.91503	0.0368001
176201	0.576258	0.563365	0.000507943	0.861011	0.841747	74.3153	-5.23081	-5.21199	76.9096	-4.3698	-4.37024	0.0638596	-1.02566	-0.915055	0.0367092
176401	0.578737	0.563368	0.000507437	0.864714	0.841751	74.2412	-5.23477	-5.21199	76.8284	-4.37006	-4.37024	0.0637157	-0.934316	-0.914982	0.0366539
176601	0.630012	0.5634	0.000507344	0.941327	0.841799	74.2276	-5.31176	-5.21204	76.8086	-4.37043	-4.37024	0.0635524	-0.970181	-0.914751	0.0366011
176801	0.592723	0.563505	0.000511367	0.885612	0.841956	74.8162	-5.25648	-5.21219	77.3983	-4.37087	-4.37024	0.0634179	-0.758221	-0.914471	0.0365681
177001	0.551907	0.563597	0.000514089	0.824626	0.842093	75.2144	-5.19545	-5.21233	77.8021	-4.37083	-4.37024	0.0633288	-0.568299	-0.914064	0.0365499
177201	0.583441	0.563596	0.000513003	0.871742	0.842091	75.0555	-5.24222	-5.21233	77.6362	-4.37047	-4.37024	0.063197	-0.947244	-0.91359	0.0365688
177401	0.604623	0.563636	0.000512881	0.903391	0.842151	75.0377	-5.27369	-5.21239	77.6129	-4.37029	-4.37024	0.063038	-1.10558	-0.913578	0.0364997
177601	0.596506	0.563647	0.000513223	0.891264	0.842167	75.0878	-5.26119	-5.21241	77.6563	-4.36993	-4.37024	0.0628793	-1.10586	-0.913592	0.0364596
177801	0.551183	0.563706	0.000513669	0.823544	0.842256	75.153	-5.19302	-5.2125	77.7093	-4.36948	-4.37024	0.0627715	-0.940881	-0.914044	0.0364535
178001	0.55055	0.563706	0.000512816	0.822599	0.842256	75.0282	-5.1921	-5.21249	77.5778	-4.3695	-4.37024	0.0627217	-1.03581	-0.914498	0.0364617
178201	0.525882	0.563691	0.00051182	0.785741	0.842233	74.8825	-5.15568	-5.21247	77.4268	-4.36994	-4.37024	0.0626044	-0.765578	-0.91471	0.0364024
178401	0.590697	0.563717	0.000512194	0.882585	0.842272	74.9372	-5.25261	-5.21251	77.474	-4.37002	-4.37024	0.0624538	-0.981409	-0.914798	0.0363349
178601	0.576766	0.563693	0.000511576	0.861769	0.842237	74.8468	-5.23204	-5.21247	77.3775	-4.37027	-4.37024	0.0622971	-0.93771	-0.914549	0.0362785
178801	0.565479	0.563745	0.000512768	0.844905	0.842315	75.0211	-5.21535	-5.21255	77.5473	-4.37045	-4.37024	0.0621427	-0.884448	-0.914679	0.0362275
179001	0.534405	0.563715	0.000512498	0.798477	0.84227	74.9816	-5.16859	-5.21251	77.5016	-4.37011	-4.37024	0.0619883	-0.623102	-0.914316	0.0362211
179201	0.551129	0.56373	0.000511904	0.823464	0.842292	74.8948	-5.19295	-5.21253	77.4072	-4.36949	-4.37024	0.0618667	-0.812421	-0.914123	0.0361616
179401	0.541975	0.563682	0.000511801	0.809786	0.84222	74.8797	-5.17888	-5.21245	77.3955	-4.3691	-4.37023	0.0618752	-0.847383	-0.913845	0.0361062
179601	0.553302	0.563644	0.000511456	0.826711	0.842163	74.8293	-5.19556	-5.21239	77.3483	-4.36884	-4.37023	0.0619683	-1.20807	-0.914239	0.0360996
179801	0.541302	0.563599	0.000511193	0.808781	0.842096	74.7908	-5.17762	-5.21232	77.3168	-4.36884	-4.37023	0.0621677	-1.06191	-0.914834	0.0361562
180001	0.539804	0.563535	0.000511838	0.806543	0.842001	74.8851	-5.17572	-5.21222	77.4201	-4.36918	-4.37022	0.0622385	-0.912141	-0.914833	0.0360758
180201	0.556367	0.563531	0.000510887	0.831291	0.841995	74.746	-5.2004	-5.21222	77.2756	-4.36911	-4.37022	0.0622768	-1.06556	-0.915162	0.0360391
180401	0.549615	0.563528	0.000509832	0.821201	0.84199	74.5916	-5.1908	-5.21221	77.1152	-4.3696	-4.37022	0.0622661	-0.882693	-0.915455	0.0360051
180601	0.561895	0.563515	0.000509221	0.83955	0.841971	74.5022	-5.20961	-5.21219	77.0209	-4.37006	-4.37022	0.0621297	-0.826689	-0.915363	0.0359272
180801	0.57149	0.563494	0.000508943	0.853887	0.841939	74.4615	-5.22354	-5.21216	76.9744	-4.36965	-4.37022	0.0619952	-0.922169	-0.915099	0.0359012
181001	0.560661	0.563503	0.000508081	0.837707	0.841953	74.3355	-5.20689	-5.21217	76.8404	-4.36919	-4.37021	0.0619614	-1.04186	-0.9152	0.0358412
181201	0.541128	0.563443	0.000508736	0.808521	0.841863	74.4313	-5.17725	-5.21207	76.9449	-4.36873	-4.37021	0.0620684	-1.14424	-0.915542	0.0358232
181401	0.569164	0.563406	0.000508571	0.850411	0.841808	74.4072	-5.21899	-5.21202	76.9266	-4.36857	-4.37021	0.0623225	-1.30224	-0.916273	0.0359641
181601	0.540088	0.563372	0.000508076	0.806967	0.841756	74.3347	-5.17607	-5.21196	76.8573	-4.3691	-4.3702	0.0624966	-0.968295	-0.916804	0.0360162
181801	0.574839	0.563384	0.000508102	0.85889	0.841775	74.3384	-5.22881	-5.21198	76.8553	-4.36992	-4.3702	0.0624311	-1.05194	-0.917123	0.0359943
182001	0.585129	0.563404	0.000507391	0.874265	0.841805	74.2344	-5.24514	-5.21201	76.747	-4.37087	-4.3702	0.0622986	-0.895031	-0.917131	0.0359148
182201	0.576969	0.56342	0.000506352	0.862073	0.841829	74.0825	-5.23379	-5.21203	76.5925	-4.37171	-4.37021	0.0623648	-0.558592	-0.91642	0.0360675
182401	0.59242	0.563486	0.000507018	0.885158	0.841927	74.1799	-5.25726	-5.21214	76.7065	-4.3721	-4.37021	0.0626761	-0.58454	-0.915793	0.0361477
182601	0.576727	0.563523	0.000506999	0.861711	0.841983	74.1772	-5.23409	-5.2122	76.7134	-4.37238	-4.37021	0.063189	-0.496589	-0.91481	0.0364774
182801	0.583323	0.563553	0.000507535	0.871566	0.842028	74.2555	-5.24444	-5.21225	76.8013	-4.37287	-4.37022	0.063932	-0.337595	-0.913537	0.0370863
183001	0.636469	0.563632	0.000509333	0.950975	0.842145	74.5186	-5.32365	-5.21237	77.0991	-4.37268	-4.37023	0.0648532	-0.747913	-0.912436	0.0375288
183201	0.591873	0.563716	0.000512033	0.884341	0.842271	74.9137	-5.25619	-5.2125	77.5244	-4.37184	-4.37023	0.0653998	-0.59684	-0.91163	0.0377319
183401	0.583815	0.563782	0.000512757	0.872301	0.84237	75.0196	-5.24335	-5.2126	77.64	-4.37105	-4.37023	0.0654663	-0.858808	-0.911222	0.0377206
183601	0.563161	0.563795	0.000512532	0.841441	0.842389	74.9866	-5.21212	-5.21263	77.603	-4.37068	-4.37024	0.0653694	-0.869584	-0.91104	0.0376616
183801	0.549259	0.563806	0.000511523	0.82067	0.842406	74.839	-5.19125	-5.21264	77.4501	-4.37058	-4.37024	0.0652383	-0.970154	-0.911207	0.037591
184001	0.541638	0.563774	0.000511394	0.809283	0.842357	74.8202	-5.17947	-5.21259	77.4248	-4.37019	-4.37024	0.0650894	-0.911607	-0.911331	0.0375307
184201	0.571531	0.563773	0.000510452	0.853948	0.842357	74.6823	-5.22388	-5.21259	77.2806	-4.36993	-4.37024	0.0649425	-1.17366	-0.911799	0.0375449
184401	0.538259	0.563744	0.00051013	0.804235	0.842313	74.6352	-5.1744	-5.21255	77.2287	-4.37017	-4.37024	0.0647987	-0.884149	-0.912007	0.037492
184601	0.562643	0.563712	0.000509872	0.840667	0.842264	74.5975	-5.21119	-5.2125	77.1838	-4.37052	-4.37024	0.064651	-0.880266	-0.911792	0.0374511
184801	0.58691	0.56371	0.000508901	0.876926	0.842261	74.4554	-5.24776	-5.2125	77.0356	-4.37084	-4.37024	0.0645267	-1.00516	-0.911696	0.037375
185001	0.58287	0.563714	0.000508289	0.87089	0.842269	74.3659	-5.24198	-5.21251	76.9407	-4.37109	-4.37024	0.0644614	-0.924959	-0.911609	0.0373058
185201	0.543843	0.563705	0.000507515	0.812578	0.842255	74.2527	-5.18336	-5.2125	76.8205	-4.37078	-4.37024	0.064395	-0.621039	-0.911205	0.0373049
185401	0.558265	0.563707	0.00050677	0.834126	0.842258	74.1437	-5.2049	-5.2125	76.7056	-4.37077	-4.37024	0.0642804	-0.803222	-0.910887	0.0372744
185601	0.587474	0.56368	0.000507284	0.877769	0.842217	74.2188	-5.24859	-5.21246	76.7716	-4.37082	-4.37024	0.0641824	-1.00157	-0.910612	0.0372576
185801	0.570311	0.563648	0.000507134	0.852125	0.842169	74.1969	-5.22267	-5.21241	76.7417	-4.37054	-4.37024	0.0640634	-1.08763	-0.910576	0.0371811
186001	0.557729	0.563645	0.000506179	0.833326	0.842165	74.0571	-5.20412	-5.21241	76.5957	-4.37079	-4.37025	0.063939	-0.837452	-0.910715	0.037119
186201	0.552279	0.563652	0.000505221	0.825182	0.842175	73.917	-5.19602	-5.21242	76.4507	-4.37084	-4.37025	0.0638582	-0.611987	-0.910414	0.0370859
186401	0.598939	0.563666	0.000504497	0.8949	0.842197	73.8111	-5.26541	-5.21244	76.3397	-4.37051	-4.37025	0.0637346	-1.06905	-0.910129	0.037071
186601	0.551633	0.563675	0.000503807	0.824217	0.842209	73.71	-5.19465	-5.21246	76.2334	-4.37043	-4.37025	0.0635947	-0.848821	-0.910185	0.0369987
186801	0.541778	0.563657	0.000502941	0.809492	0.842183	73.5835	-5.1803	-5.21243	76.0998	-4.37081	-4.37025	0.0634667	-0.871986	-0.910175	0.0369197
187001	0.554874	0.563647	0.000502008	0.829059	0.842168	73.4469	-5.20036	-5.21242	75.9564	-4.3713	-4.37025	0.0634262	-0.758895	-0.910115	0.0368422
187201	0.59514	0.563658	0.00050119	0.889223	0.842184	73.3272	-5.26065	-5.21244	75.8335	-4.37143	-4.37025	0.0634684	-0.814351	-0.909637	0.0368637
187401	0.536545	0.563683	0.000500794	0.801673	0.842221	73.2693	-5.17338	-5.21248	75.7762	-4.37171	-4.37026	0.0635957	-0.387904	-0.909072	0.0369498
187601	0.591047	0.563655	0.00050034	0.883107	0.84218	73.2029	-5.25463	-5.21244	75.6965	-4.37152	-4.37026	0.0637506	-0.825348	-0.908135	0.037283
187801	0.578543	0.563713	0.000501321	0.864425	0.842266	73.3464	-5.23565	-5.21253	75.847	-4.37122	-4.37026	0.0637785	-0.800009	-0.908026	0.0372163
188001	0.581106	0.563743	0.000501212	0.868254	0.842311	73.3305	-5.23956	-5.21258	75.8313	-4.37131	-4.37026	0.0637791	-0.747177	-0.907759	0.0371844
188201	0.594282	0.563808	0.000502285	0.88794	0.842409	73.4874	-5.25995	-5.21268	75.9999	-4.37201	-4.37027	0.0639159	-0.646782	-0.907245	0.0372335
188401	0.586569	0.563887	0.000504002	0.876417	0.842526	73.7387	-5.24878	-5.2128	76.2765	-4.37236	-4.37027	0.0643576	-0.64066	-0.906747	0.0372627
188601	0.61207	0.563934	0.000504182	0.914518	0.842596	73.765	-5.28734	-5.21287	76.3194	-4.37282	-4.37028	0.0649893	-0.679526	-0.906028	0.0374119
188801	0.604486	0.564008	0.000505675	0.903187	0.842707	73.9834	-5.2766	-5.21299	76.5752	-4.37342	-4.37028	0.0660466	-0.434031	-0.905117	0.0377029
189001	0.603631	0.564107	0.000509095	0.90191	0.842855	74.4838	-5.27556	-5.21315	77.135	-4.37365	-4.37029	0.0675045	-0.420405	-0.904029	0.0381476
189201	0.586989	0.564244	0.000516963	0.877044	0.84306	75.635	-5.25009	-5.21336	78.3651	-4.37304	-4.3703	0.0687558	-0.30882	-0.903157	0.038421
189401	0.634552	0.564327	0.000519396	0.94811	0.843183	75.9908	-5.32035	-5.21349	78.7525	-4.37224	-4.3703	0.0694371	-0.768016	-0.902111	0.0388727
189601	0.615378	0.564394	0.000521023	0.919461	0.843285	76.2289	-5.29096	-5.21359	79.006	-4.37149	-4.37031	0.0696297	-0.796967	-0.901445	0.0390056
189801	0.605713	0.564465	0.000522394	0.90502	0.84339	76.4296	-5.27616	-5.2137	79.2143	-4.37114	-4.37031	0.0696101	-0.940333	-0.901242	0.0389405
190001	0.557108	0.564522	0.000523757	0.832398	0.843476	76.6289	-5.20375	-5.21379	79.4172	-4.37135	-4.37031	0.0695809	-0.743328	-0.901305	0.0388802
190201	0.6011	0.56456	0.000523752	0.898128	0.843532	76.6281	-5.26932	-5.21385	79.4171	-4.37119	-4.37031	0.0695612	-0.898978	-0.901213	0.0388063
190401	0.55747	0.564583	0.000523418	0.832939	0.843567	76.5794	-5.20418	-5.21388	79.3665	-4.37124	-4.37032	0.0695191	-0.511966	-0.900696	0.0388569
190601	0.566291	0.56459	0.000523255	0.846118	0.843577	76.5555	-5.21762	-5.21389	79.3386	-4.3715	-4.37032	0.0695238	-0.539473	-0.899933	0.0390637
190801	0.601725	0.564674	0.000526215	0.899062	0.843702	76.9886	-5.27068	-5.21402	79.7865	-4.37161	-4.37032	0.0695977	-0.750955	-0.899555	0.0390726
191001	0.574815	0.564726	0.000526894	0.858855	0.843781	77.0879	-5.23027	-5.2141	79.893	-4.37141	-4.37032	0.0696647	-0.459307	-0.898906	0.0392151
191201	0.5856	0.56476	0.000527451	0.874968	0.84383	77.1694	-5.24623	-5.21416	79.9752	-4.37126	-4.37033	0.0696764	-0.713321	-0.89811	0.0394728
191401	0.556057	0.564805	0.00052776	0.830828	0.843898	77.2146	-5.20127	-5.21422	80.02	-4.37045	-4.37033	0.0695775	-0.683778	-0.897945	0.0394158
191601	0.54652	0.564767	0.000527302	0.816578	0.843841	77.1476	-5.18662	-5.21417	79.9479	-4.37004	-4.37033	0.0694304	-0.763651	-0.897435	0.0394577
191801	0.576738	0.564775	0.000526383	0.861728	0.843854	77.0132	-5.23169	-5.21418	79.8069	-4.36997	-4.37033	0.0692933	-0.929325	-0.897394	0.0393778
192001	0.557101	0.564745	0.000525938	0.832387	0.843809	76.948	-5.20218	-5.21413	79.7383	-4.3698	-4.37032	0.0691696	-0.924839	-0.897276	0.0393041
192201	0.552738	0.564712	0.000525433	0.825869	0.843759	76.8742	-5.19556	-5.21408	79.6626	-4.3697	-4.37032	0.069073	-1.05273	-0.897474	0.0392403
192401	0.569375	0.564696	0.000524667	0.850726	0.843735	76.762	-5.22057	-5.21406	79.5465	-4.36984	-4.37032	0.0689747	-1.12719	-0.897923	0.0392546
192601	0.558036	0.564676	0.000523738	0.833784	0.843705	76.6261	-5.2038	-5.21403	79.4061	-4.37002	-4.37032	0.0688467	-0.831008	-0.897965	0.039181
192801	0.555734	0.564667	0.000522951	0.830345	0.843693	76.511	-5.20017	-5.21401	79.2856	-4.36983	-4.37032	0.0687174	-0.871882	-0.897883	0.0391082
193001	0.5728	0.564627	0.000523134	0.855844	0.843632	76.5378	-5.2256	-5.21395	79.3106	-4.36976	-4.37032	0.0686096	-1.08338	-0.897915	0.0390528
193201	0.57512	0.564627	0.000523499	0.85931	0.843632	76.5911	-5.22936	-5.21395	79.3575	-4.37005	-4.37032	0.0684961	-1.05476	-0.898121	0.0390338
193401	0.586479	0.564683	0.000523964	0.876283	0.843715	76.6592	-5.24684	-5.21403	79.4198	-4.37055	-4.37032	0.0683523	-0.982073	-0.898505	0.0390342
193601	0.536392	0.564668	0.000524124	0.801445	0.843693	76.6826	-5.17265	-5.21401	79.434	-4.3712	-4.37032	0.0682517	-0.698859	-0.898325	0.0390027
193801	0.55727	0.564679	0.000523286	0.83264	0.843711	76.5601	-5.20432	-5.21403	79.3088	-4.37168	-4.37032	0.0683105	-0.62484	-0.898142	0.03895
194001	0.604218	0.564738	0.000524134	0.902787	0.843799	76.684	-5.27434	-5.21412	79.4416	-4.37155	-4.37032	0.0683905	-1.0273	-0.898017	0.0388964
194201	0.589511	0.564799	0.000524897	0.880812	0.843889	76.7957	-5.25236	-5.21422	79.5621	-4.37154	-4.37033	0.0684522	-0.840509	-0.898129	0.038838
194401	0.616649	0.564849	0.000525732	0.921361	0.843965	76.9179	-5.29321	-5.21429	79.6928	-4.37185	-4.37033	0.0685644	-1.03369	-0.898048	0.0387878
194601	0.587272	0.564916	0.000526836	0.877467	0.844064	77.0794	-5.2495	-5.2144	79.8696	-4.37203	-4.37033	0.0687721	-0.783984	-0.89801	0.0387123
194801	0.60227	0.564947	0.000526562	0.899876	0.844111	77.0393	-5.27222	-5.21445	79.8356	-4.37234	-4.37034	0.0691004	-0.681029	-0.897506	0.0387578
195001	0.585524	0.565001	0.000526929	0.874855	0.844191	77.0931	-5.24713	-5.21453	79.9051	-4.37227	-4.37034	0.0695114	-0.615801	-0.896869	0.0388737
195201	0.578666	0.565033	0.000526932	0.864609	0.844239	77.0934	-5.23649	-5.21458	79.9116	-4.37188	-4.37035	0.0698086	-0.708638	-0.896297	0.0389643
195401	0.563877	0.565047	0.000526226	0.842511	0.84426	76.9901	-5.21409	-5.21461	79.8064	-4.37157	-4.37035	0.0699084	-0.608804	-0.895862	0.0389855
195601	0.588511	0.56508	0.000525888	0.879319	0.844309	76.9408	-5.25087	-5.21466	79.7587	-4.37155	-4.37035	0.069951	-0.878486	-0.89565	0.0389459
195801	0.557869	0.565102	0.000525394	0.833535	0.844343	76.8684	-5.20528	-5.2147	79.6865	-4.37175	-4.37035	0.0700536	-0.788162	-0.895558	0.038876
196001	0.540663	0.565098	0.000524412	0.807827	0.844335	76.7248	-5.17932	-5.21469	79.5361	-4.3715	-4.37036	0.0701296	-0.67835	-0.89542	0.0388079
196201	0.567377	0.565101	0.000523929	0.847741	0.844341	76.654	-5.21917	-5.2147	79.4605	-4.37143	-4.37036	0.0701543	-0.830366	-0.895189	0.0387649
196401	0.579193	0.565132	0.000523382	0.865395	0.844387	76.574	-5.23676	-5.21475	79.3808	-4.37136	-4.37036	0.0701449	-0.903983	-0.89523	0.038688
196601	0.577631	0.565152	0.000522807	0.863061	0.844417	76.49	-5.23416	-5.21478	79.2947	-4.3711	-4.37036	0.0701226	-0.80335	-0.895156	0.038618
196801	0.592319	0.565166	0.000522045	0.885009	0.844438	76.3785	-5.25601	-5.2148	79.1791	-4.371	-4.37036	0.0700294	-0.935951	-0.894948	0.0385714
197001	0.605098	0.565198	0.000522133	0.904101	0.844485	76.3913	-5.27577	-5.21485	79.1924	-4.37167	-4.37037	0.0700131	-0.767548	-0.89465	0.0385594
197201	0.583373	0.565253	0.000522868	0.871642	0.844567	76.4989	-5.24381	-5.21494	79.3113	-4.37217	-4.37037	0.0702218	-0.579204	-0.894155	0.0386157
197401	0.614007	0.565308	0.000523521	0.917413	0.84465	76.5944	-5.28968	-5.21502	79.4213	-4.37227	-4.37037	0.0705247	-0.744369	-0.893681	0.0386506
197601	0.593492	0.565379	0.000525036	0.886761	0.844756	76.816	-5.25871	-5.21513	79.6619	-4.37195	-4.37038	0.0707916	-0.741424	-0.893209	0.0386829
197801	0.584385	0.565463	0.000528012	0.873153	0.844881	77.2515	-5.24491	-5.21526	80.1162	-4.37176	-4.37038	0.0709379	-0.799374	-0.893192	0.0386182
198001	0.602699	0.565503	0.000528986	0.900517	0.84494	77.3939	-5.27192	-5.21532	80.263	-4.37141	-4.37038	0.0709881	-0.940301	-0.893018	0.0385873
198201	0.593295	0.565546	0.00052951	0.886466	0.845005	77.4706	-5.25785	-5.21539	80.3424	-4.37138	-4.37038	0.070972	-0.696624	-0.892841	0.0385638
198401	0.598939	0.565581	0.000529123	0.894899	0.845058	77.414	-5.26627	-5.21544	80.2869	-4.37137	-4.37039	0.0709582	-0.777999	-0.892312	0.0386281
198601	0.585844	0.565626	0.000529523	0.875333	0.845125	77.4725	-5.2467	-5.21551	80.348	-4.37137	-4.37039	0.0709309	-0.80059	-0.892111	0.0385791
198801	0.59074	0.565698	0.00053124	0.882648	0.845232	77.7238	-5.25469	-5.21562	80.6115	-4.37204	-4.37039	0.071021	-0.629046	-0.8919	0.0385472
199001	0.586277	0.565752	0.000531842	0.875981	0.845313	77.8118	-5.24863	-5.21571	80.7156	-4.37265	-4.37039	0.0713922	-0.419805	-0.891216	0.0387045
199201	0.599976	0.565814	0.000533202	0.896448	0.845406	78.0107	-5.2698	-5.21581	80.9418	-4.37335	-4.3704	0.0721468	-0.466765	-0.890349	0.0390141
199401	0.593665	0.565896	0.00053565	0.887018	0.845527	78.3689	-5.26056	-5.21593	81.3449	-4.37354	-4.37041	0.073286	-0.377896	-0.889454	0.039343
199601	0.613511	0.565987	0.00053898	0.916672	0.845664	78.8561	-5.28983	-5.21608	81.8804	-4.37316	-4.37041	0.0743188	-0.719663	-0.888835	0.0394892
199801	0.607516	0.566072	0.000541697	0.907715	0.845792	79.2536	-5.28043	-5.21621	82.3143	-4.37272	-4.37042	0.0749947	-0.568119	-0.888387	0.0395136
