timestep            	T              	T_{ave}             	T_{var}           	K/N            	K_{ave}/N           	K_{var}           	U/N            	U_{ave}/N           	U_{var}           	E/N            	E_{ave}/N           	E_{var}           	P              	P_{ave}             	P_{var}
100001	0.618005	0.618005	0	0.923387	0.923387	0	-4.8407	-4.8407	0	-3.91731	-3.91731	0	-0.473413	-0.473413	0
100201	0.660581	0.638374	0.000252405	0.987001	0.95382	36.9285	-4.90408	-4.871	36.8631	-3.91708	-3.91718	0.000376985	-0.889188	-0.712894	0.012431
100401	0.666678	0.654857	0.000505891	0.996111	0.978448	74.0151	-4.91315	-4.89557	73.7809	-3.91704	-3.91712	0.000415879	-0.834958	-0.793428	0.0143892
100601	0.611801	0.650802	0.000457567	0.914117	0.97239	66.9448	-4.83123	-4.88951	66.7954	-3.91712	-3.91711	0.000308099	-0.418649	-0.729875	0.0209393
100801	0.650567	0.651128	0.000448713	0.972039	0.972876	65.6495	-4.88894	-4.88995	65.4614	-3.9169	-3.91707	0.000642925	-0.716186	-0.716368	0.0202555
101001	0.679055	0.654712	0.000462562	1.0146	0.978231	67.6757	-4.93182	-4.8953	67.5229	-3.91721	-3.91707	0.000631557	-0.88778	-0.738869	0.019772
101201	0.66959	0.657712	0.0004424	1.00046	0.982714	64.7259	-4.91766	-4.89981	64.6761	-3.9172	-3.91709	0.000732489	-0.828199	-0.765983	0.0205964
101401	0.658422	0.65882	0.000401856	0.983775	0.98437	58.7941	-4.90115	-4.90149	58.7978	-3.91738	-3.91712	0.000961425	-0.694323	-0.759444	0.0182525
101601	0.654398	0.660494	0.00038301	0.977763	0.986871	56.0367	-4.89515	-4.90403	56.1201	-3.91739	-3.91716	0.00139979	-0.724648	-0.764486	0.0164068
101801	0.679693	0.662697	0.000421921	1.01556	0.990162	61.7297	-4.93288	-4.90734	61.8742	-3.91733	-3.91718	0.00151702	-0.822139	-0.776098	0.0169967
102001	0.680672	0.663625	0.000398486	1.01702	0.991549	58.301	-4.93428	-4.90874	58.4498	-3.91726	-3.91719	0.00141004	-0.829665	-0.772359	0.0157751
102201	0.651088	0.663905	0.000371217	0.972818	0.991968	54.3114	-4.89058	-4.90918	54.4427	-3.91776	-3.91721	0.00187892	-0.668777	-0.775909	0.0147025
102401	0.658311	0.663284	0.000361538	0.983609	0.991039	52.8952	-4.90182	-4.90832	52.9478	-3.91821	-3.91728	0.00516859	-0.517121	-0.758485	0.0170188
102601	0.66423	0.665753	0.00044151	0.992453	0.994729	64.5957	-4.91068	-4.91208	65.0597	-3.91823	-3.91735	0.0087593	-0.594451	-0.755852	0.0167011
102801	0.659831	0.667424	0.000487961	0.98588	0.997226	71.3917	-4.90428	-4.91465	72.1017	-3.9184	-3.91742	0.0120088	-0.514825	-0.749929	0.0172641
103001	0.659452	0.668304	0.0004801	0.985314	0.99854	70.2416	-4.90369	-4.91603	71.0683	-3.91838	-3.91748	0.0151884	-0.670143	-0.747078	0.0169208
103201	0.691308	0.669436	0.000481563	1.03291	1.00023	70.4557	-4.95101	-4.91776	71.3807	-3.91809	-3.91753	0.0165596	-0.908276	-0.753568	0.0170042
103401	0.697965	0.669952	0.000464556	1.04286	1.001	67.9674	-4.96065	-4.91856	68.8747	-3.91779	-3.91755	0.016096	-0.999098	-0.760303	0.0169222
103601	0.685116	0.669759	0.000463827	1.02366	1.00071	67.8608	-4.94155	-4.91829	68.7064	-3.91789	-3.91757	0.0155189	-0.909811	-0.764317	0.0168579
103801	0.667692	0.67034	0.000450269	0.997626	1.00158	65.8771	-4.91565	-4.91917	66.7176	-3.91803	-3.91759	0.0151829	-0.597443	-0.764108	0.0167699
104001	0.702397	0.671181	0.000446856	1.04948	1.00284	65.3778	-4.96759	-4.92046	66.257	-3.91811	-3.91762	0.0152037	-0.779579	-0.761581	0.0161784
104201	0.708541	0.673396	0.00052799	1.05866	1.00615	77.2482	-4.97701	-4.92379	78.3423	-3.91835	-3.91765	0.0156606	-0.731389	-0.763394	0.0156372
104401	0.647254	0.674657	0.00055946	0.967089	1.00803	81.8525	-4.88551	-4.92571	83.0702	-3.91842	-3.91768	0.0165395	-0.39504	-0.76203	0.0157553
104601	0.680977	0.675086	0.000577846	1.01748	1.00867	84.5425	-4.93553	-4.92638	85.7374	-3.91806	-3.9177	0.0167058	-0.517852	-0.754076	0.0175293
104801	0.671787	0.675368	0.000559862	1.00374	1.0091	81.9113	-4.92153	-4.92681	83.0706	-3.91779	-3.91771	0.0161545	-0.60392	-0.744325	0.0190933
105001	0.668267	0.675703	0.000551858	0.998485	1.0096	80.7403	-4.91609	-4.92731	81.8536	-3.91761	-3.91771	0.0155206	-0.833748	-0.74911	0.0192029
105201	0.668494	0.675257	0.000537977	0.998824	1.00893	78.7094	-4.91638	-4.92664	79.7919	-3.91755	-3.91771	0.0149708	-0.783127	-0.751091	0.0186166
105401	0.649187	0.674604	0.000537421	0.969976	1.00795	78.6281	-4.88723	-4.92565	79.7121	-3.91725	-3.9177	0.0146269	-0.784153	-0.751602	0.0180671
105601	0.670001	0.673564	0.000556658	1.00108	1.0064	81.4425	-4.91824	-4.92408	82.5875	-3.91716	-3.91768	0.0146906	-1.06758	-0.753508	0.0180772
105801	0.663932	0.673174	0.000546635	0.992007	1.00582	79.9761	-4.90925	-4.92348	81.1156	-3.91724	-3.91766	0.0146665	-1.04278	-0.763647	0.0204577
106001	0.653452	0.673909	0.000581935	0.976349	1.00691	85.1407	-4.89373	-4.92456	86.1826	-3.91738	-3.91765	0.0145018	-0.858605	-0.777194	0.0265645
106201	0.630694	0.67315	0.000590127	0.942346	1.00578	86.3393	-4.85978	-4.92342	87.3793	-3.91743	-3.91764	0.0141293	-0.606509	-0.776351	0.0262001
106401	0.662239	0.672767	0.000588198	0.989478	1.00521	86.057	-4.90696	-4.92285	87.0788	-3.91748	-3.91764	0.013738	-0.976362	-0.780023	0.0265308
106601	0.625868	0.671798	0.000604279	0.935135	1.00376	88.4098	-4.85253	-4.92139	89.4311	-3.9174	-3.91763	0.0133758	-0.744257	-0.783266	0.0262323
106801	0.650682	0.671517	0.000593821	0.972211	1.00334	86.8797	-4.8894	-4.92096	87.8877	-3.91719	-3.91762	0.0132179	-0.936099	-0.787698	0.0262965
107001	0.6469	0.671216	0.000585957	0.966559	1.00289	85.7292	-4.88369	-4.9205	86.735	-3.91713	-3.91761	0.013217	-1.04941	-0.795521	0.0277845
107201	0.667674	0.670898	0.000580671	0.997598	1.00242	84.9558	-4.9145	-4.92001	85.9647	-3.9169	-3.91759	0.0134474	-1.13465	-0.80414	0.0298084
107401	0.669665	0.67029	0.000580589	1.00057	1.00151	84.9438	-4.9174	-4.91908	86.0128	-3.91682	-3.91757	0.014036	-1.01782	-0.808136	0.0297012
107601	0.684477	0.67029	0.000573481	1.0227	1.00151	83.9039	-4.93997	-4.91906	84.942	-3.91726	-3.91756	0.01431	-0.955586	-0.812939	0.0300532
107801	0.641345	0.669796	0.000573219	0.95826	1.00077	83.8656	-4.87588	-4.91833	84.8774	-3.91762	-3.91756	0.013966	-0.674822	-0.810312	0.0297515
108001	0.664701	0.669349	0.000568318	0.993157	1.0001	83.1485	-4.91081	-4.91766	84.128	-3.91765	-3.91756	0.0136275	-0.745765	-0.807341	0.0294295
108201	0.656888	0.668931	0.00057148	0.981483	0.999477	83.6112	-4.89914	-4.91704	84.5576	-3.91766	-3.91756	0.0133137	-0.85888	-0.806073	0.0289051
108401	0.684712	0.669052	0.000562847	1.02306	0.999657	82.348	-4.94055	-4.91722	83.2729	-3.9175	-3.91756	0.0130025	-0.981505	-0.80978	0.0289076
108601	0.656092	0.668919	0.000567132	0.980293	0.999459	82.975	-4.89772	-4.91702	83.8853	-3.91743	-3.91756	0.012738	-0.875891	-0.811173	0.0286781
108801	0.651818	0.668386	0.000567407	0.973907	0.998662	83.0152	-4.89113	-4.91622	83.9282	-3.91722	-3.91755	0.0125315	-0.876231	-0.811575	0.0280625
109001	0.667626	0.667753	0.000576533	0.997527	0.997717	84.3504	-4.91467	-4.91526	85.2829	-3.91714	-3.91755	0.0124145	-0.942893	-0.811777	0.027536
109201	0.67226	0.668109	0.000571733	1.00445	0.998249	83.6481	-4.92177	-4.91579	84.5325	-3.91732	-3.91754	0.0123611	-0.940482	-0.81704	0.0282808
109401	0.632694	0.667471	0.000599415	0.945334	0.997296	87.6982	-4.86273	-4.91483	88.5814	-3.9174	-3.91753	0.0121277	-0.799829	-0.815484	0.028231
109601	0.683061	0.667669	0.000594487	1.02059	0.997591	86.9772	-4.93785	-4.91512	87.8329	-3.91726	-3.91753	0.0119312	-1.23116	-0.822319	0.0301825
109801	0.66065	0.667872	0.000599233	0.987104	0.997895	87.6716	-4.90425	-4.91542	88.4996	-3.91715	-3.91752	0.0118566	-0.851841	-0.82743	0.0318409
110001	0.68136	0.667944	0.000589868	1.01805	0.998003	86.3014	-4.93527	-4.91552	87.1087	-3.91722	-3.91752	0.0117385	-1.01327	-0.829509	0.0314762
110201	0.654488	0.667892	0.000579435	0.977898	0.997925	84.775	-4.89524	-4.91544	85.5685	-3.91734	-3.91751	0.01159	-0.835856	-0.831433	0.0310847
110401	0.70431	0.667783	0.000574412	1.05234	0.997762	84.0401	-4.96949	-4.91527	84.8216	-3.91715	-3.91751	0.0114383	-1.13342	-0.832091	0.0307137
110601	0.682439	0.668082	0.000571059	1.01966	0.998208	83.5495	-4.93673	-4.91571	84.2944	-3.91707	-3.9175	0.0114096	-0.904397	-0.834514	0.0306412
110801	0.663692	0.668292	0.000564754	0.991649	0.998521	82.6271	-4.9085	-4.91601	83.3369	-3.91685	-3.91749	0.0116012	-0.855206	-0.835791	0.03019
111001	0.65053	0.668303	0.000556366	0.971983	0.998538	81.3998	-4.88879	-4.91602	82.0957	-3.91681	-3.91748	0.0118796	-0.835282	-0.837814	0.0299711
111201	0.697788	0.66825	0.000556148	1.04259	0.99846	81.3679	-4.95923	-4.91592	82.0559	-3.91663	-3.91746	0.0122854	-1.11752	-0.839142	0.02991
111401	0.651709	0.668149	0.00055256	0.973745	0.998309	80.843	-4.89042	-4.91576	81.5359	-3.91667	-3.91745	0.0128901	-0.920793	-0.840656	0.0296538
111601	0.642899	0.667836	0.000551924	0.960582	0.997841	80.7499	-4.87747	-4.91528	81.4704	-3.91689	-3.91744	0.0131971	-0.923507	-0.841917	0.0293095
111801	0.676801	0.667853	0.000545088	1.01124	0.997866	79.7498	-4.92826	-4.9153	80.4567	-3.91702	-3.91743	0.0132063	-1.12937	-0.845923	0.0298107
112001	0.684423	0.668234	0.000546726	1.02262	0.998435	79.9894	-4.93976	-4.91586	80.6553	-3.91713	-3.91742	0.0131525	-0.988869	-0.850951	0.0309964
112201	0.693117	0.668284	0.000544225	1.03561	0.998511	79.6236	-4.95286	-4.91593	80.2773	-3.91725	-3.91742	0.0129786	-0.999904	-0.851313	0.0306851
112401	0.667858	0.668233	0.000543039	0.997874	0.998435	79.45	-4.9151	-4.91585	80.0936	-3.91722	-3.91742	0.0127928	-0.942792	-0.851205	0.0304879
112601	0.689386	0.668325	0.000538957	1.03004	0.998571	78.8528	-4.94733	-4.91599	79.4841	-3.91729	-3.91741	0.0126283	-1.09368	-0.853614	0.0305171
112801	0.67484	0.668478	0.000537964	1.00831	0.998801	78.7075	-4.92573	-4.91621	79.3247	-3.91743	-3.91741	0.0124383	-0.804309	-0.854587	0.0305674
113001	0.717011	0.668542	0.000536428	1.07132	0.998896	78.4828	-4.9888	-4.91631	79.0913	-3.91748	-3.91741	0.012251	-1.02485	-0.853432	0.0303682
113201	0.66895	0.668506	0.000535814	0.999505	0.998842	78.3929	-4.91723	-4.91626	78.9867	-3.91772	-3.91742	0.0121149	-0.821873	-0.852336	0.0301722
113401	0.679141	0.668795	0.00053574	1.01473	0.999274	78.3821	-4.9323	-4.9167	78.9839	-3.91757	-3.91742	0.0120143	-0.802187	-0.852696	0.0298036
113601	0.68908	0.668933	0.00053306	1.02958	0.99948	77.99	-4.947	-4.9169	78.5855	-3.91742	-3.91742	0.0118438	-0.986291	-0.852475	0.0294947
113801	0.648081	0.668953	0.000530313	0.968325	0.999511	77.5881	-4.88573	-4.91693	78.1748	-3.91741	-3.91742	0.0116724	-0.810208	-0.853526	0.0292428
114001	0.658431	0.669027	0.000525451	0.983789	0.999621	76.8768	-4.90124	-4.91704	77.4548	-3.91745	-3.91742	0.0115059	-0.743343	-0.853771	0.0289248
114201	0.677697	0.669143	0.000523457	1.01258	0.999793	76.585	-4.93014	-4.91722	77.1584	-3.91757	-3.91742	0.0113613	-0.79921	-0.853658	0.0286183
114401	0.691504	0.669145	0.000523937	1.0332	0.999796	76.6552	-4.95066	-4.91722	77.2216	-3.91746	-3.91742	0.0112068	-0.880317	-0.851242	0.0289365
114601	0.64512	0.669342	0.000522241	0.9639	1.00009	76.4071	-4.88149	-4.91752	76.9664	-3.91759	-3.91743	0.0110574	-0.741264	-0.852468	0.0287405
114801	0.641875	0.669212	0.000521861	0.959051	0.999897	76.3516	-4.87676	-4.91733	76.8973	-3.91771	-3.91743	0.0109565	-0.58787	-0.850632	0.0288979
115001	0.708792	0.66923	0.000520528	1.05904	0.999923	76.1565	-4.97678	-4.91736	76.696	-3.91774	-3.91743	0.0108962	-1.03028	-0.850104	0.0287365
115201	0.693442	0.669621	0.000528768	1.0361	1.00051	77.3621	-4.95373	-4.91794	77.9129	-3.91763	-3.91744	0.0107987	-0.862318	-0.850772	0.0285322
115401	0.703552	0.669805	0.000528547	1.05121	1.00078	77.3297	-4.96873	-4.91822	77.8787	-3.91752	-3.91744	0.0106864	-0.963557	-0.850402	0.0283023
115601	0.666136	0.66997	0.000525129	0.9953	1.00103	76.8297	-4.91281	-4.91847	77.3735	-3.91751	-3.91744	0.0105521	-0.839507	-0.851297	0.0280605
115801	0.687989	0.669866	0.000520476	1.02795	1.00087	76.1488	-4.94548	-4.91831	76.6847	-3.91752	-3.91744	0.0104218	-0.856346	-0.84959	0.0280097
116001	0.687632	0.67008	0.000518644	1.02742	1.00119	75.8808	-4.94506	-4.91863	76.4163	-3.91764	-3.91744	0.0103156	-0.942848	-0.850104	0.0277007
116201	0.693753	0.670501	0.000528116	1.03656	1.00182	77.2666	-4.95428	-4.91927	77.8141	-3.91772	-3.91744	0.0102287	-0.970169	-0.852628	0.0279085
116401	0.654049	0.670479	0.000525947	0.977241	1.00179	76.9493	-4.89497	-4.91924	77.4886	-3.91773	-3.91745	0.0101737	-0.639471	-0.85131	0.02782
116601	0.711515	0.670788	0.000530499	1.0631	1.00225	77.6154	-4.98104	-4.9197	78.1752	-3.91794	-3.91745	0.0101873	-0.874865	-0.851007	0.0275541
116801	0.703498	0.67087	0.000528884	1.05113	1.00237	77.379	-4.96903	-4.91983	77.9402	-3.9179	-3.91746	0.0102134	-0.830995	-0.848944	0.0277052
117001	0.6935	0.671149	0.000531121	1.03619	1.00279	77.7064	-4.95433	-4.92026	78.2911	-3.91814	-3.91746	0.0103344	-0.743414	-0.848412	0.0274602
117201	0.680689	0.671301	0.000528787	1.01705	1.00302	77.3649	-4.93544	-4.92049	77.966	-3.91839	-3.91747	0.0107296	-0.508225	-0.84526	0.0281803
117401	0.659815	0.671552	0.000530763	0.985857	1.00339	77.654	-4.90453	-4.92088	78.3026	-3.91867	-3.91749	0.0115341	-0.450085	-0.842514	0.0285784
117601	0.664078	0.671744	0.000533705	0.992225	1.00368	78.0844	-4.91048	-4.92118	78.7622	-3.91825	-3.9175	0.0121686	-0.5485	-0.84024	0.0289157
117801	0.649336	0.671777	0.000536596	0.9702	1.00373	78.5074	-4.88795	-4.92123	79.1863	-3.91775	-3.9175	0.0122224	-0.556208	-0.837985	0.0292286
118001	0.678164	0.671873	0.000532204	1.01327	1.00387	77.8648	-4.93063	-4.92138	78.5363	-3.91736	-3.9175	0.0121034	-0.886691	-0.837938	0.0290096
118201	0.676667	0.671784	0.000528091	1.01104	1.00374	77.263	-4.92829	-4.92124	77.9321	-3.91726	-3.9175	0.0120148	-0.842871	-0.837356	0.0287627
118401	0.645845	0.671543	0.000532641	0.964984	1.00338	77.9287	-4.88224	-4.92088	78.6009	-3.91725	-3.9175	0.0119197	-0.722273	-0.836135	0.028689
118601	0.665304	0.671441	0.000529203	0.994058	1.00323	77.4257	-4.9112	-4.92072	78.0958	-3.91715	-3.9175	0.0118544	-0.778249	-0.835725	0.0284181
118801	0.681273	0.67118	0.00053625	1.01792	1.00284	78.4568	-4.93514	-4.92033	79.1372	-3.91722	-3.91749	0.0118087	-0.769894	-0.833464	0.028825
119001	0.659851	0.671117	0.000531369	0.98591	1.00274	77.7427	-4.90327	-4.92023	78.4183	-3.91736	-3.91749	0.0117169	-0.712731	-0.832362	0.0286419
119201	0.644671	0.671081	0.00052814	0.963229	1.00269	77.2701	-4.88059	-4.92018	77.9398	-3.91736	-3.91749	0.0116084	-0.536866	-0.830896	0.0286217
119401	0.704599	0.671115	0.000524788	1.05277	1.00274	76.7798	-4.97021	-4.92023	77.4429	-3.91744	-3.91749	0.0114908	-0.919069	-0.830045	0.0284837
119601	0.675735	0.671218	0.000523099	1.00964	1.00289	76.5327	-4.92704	-4.92038	77.188	-3.9174	-3.91749	0.0113754	-0.926967	-0.830284	0.0282275
119801	0.671716	0.671236	0.000518451	1.00364	1.00292	75.8527	-4.92115	-4.92041	76.5008	-3.91751	-3.91749	0.0112638	-0.780103	-0.830573	0.0280112
120001	0.659984	0.671205	0.000514741	0.98611	1.00288	75.3099	-4.90354	-4.92036	75.9521	-3.91743	-3.91749	0.0111521	-0.752564	-0.830091	0.0277827
120201	0.700029	0.671328	0.000512654	1.04594	1.00306	75.0045	-4.9633	-4.92054	75.6384	-3.91736	-3.91749	0.0110446	-1.05014	-0.831251	0.027719
120401	0.647286	0.671286	0.000509227	0.967137	1.003	74.5032	-4.88425	-4.92048	75.1342	-3.91711	-3.91748	0.0109926	-0.68528	-0.83133	0.0275139
120601	0.689524	0.671514	0.000512848	1.03025	1.00334	75.0328	-4.94729	-4.92082	75.6382	-3.91704	-3.91748	0.011005	-0.991804	-0.832441	0.0274696
120801	0.699743	0.671787	0.000517335	1.04551	1.00374	75.6893	-4.9629	-4.92122	76.2739	-3.91738	-3.91748	0.0109535	-0.860999	-0.834172	0.0276365
121001	0.667342	0.671876	0.000514246	0.997103	1.00388	75.2374	-4.91472	-4.92135	75.8166	-3.91762	-3.91748	0.0108531	-0.367992	-0.831567	0.0282611
121201	0.721411	0.672098	0.00051535	1.07789	1.00421	75.3989	-4.9954	-4.92169	75.9754	-3.91751	-3.91748	0.0107555	-0.731322	-0.828845	0.0288131
121401	0.645306	0.672326	0.000522778	0.964178	1.00455	76.4857	-4.88144	-4.92203	77.0569	-3.91727	-3.91748	0.0106623	-0.514002	-0.82759	0.0287966
121601	0.679321	0.672304	0.000520137	1.015	1.00452	76.0993	-4.93203	-4.92199	76.6673	-3.91703	-3.91747	0.0106406	-0.759625	-0.826078	0.0288401
121801	0.672289	0.672368	0.000516559	1.00449	1.00461	75.5758	-4.92162	-4.92208	76.1337	-3.91713	-3.91747	0.010639	-0.812207	-0.825937	0.0285937
122001	0.671298	0.672332	0.000512658	1.00301	1.00456	75.005	-4.92025	-4.92203	75.5601	-3.91724	-3.91747	0.0105918	-0.928841	-0.826012	0.0283642
122201	0.637127	0.672271	0.000509172	0.951957	1.00447	74.495	-4.86929	-4.92193	75.0473	-3.91734	-3.91747	0.0105145	-0.708344	-0.826668	0.0281757
122401	0.672524	0.67232	0.000508679	1.00485	1.00454	74.4229	-4.92214	-4.92201	74.9692	-3.9173	-3.91747	0.0104308	-0.871897	-0.827234	0.0280412
122601	0.679522	0.672286	0.000507283	1.0153	1.00449	74.2187	-4.93239	-4.92195	74.7618	-3.91708	-3.91746	0.010381	-0.932311	-0.827167	0.0279101
122801	0.637741	0.672157	0.000505769	0.952875	1.0043	73.9972	-4.86986	-4.92176	74.5462	-3.91698	-3.91746	0.0103846	-0.891244	-0.828143	0.0278138
123001	0.672092	0.671952	0.00050762	1.0042	1.00399	74.268	-4.92126	-4.92145	74.8324	-3.91706	-3.91746	0.0104274	-1.06244	-0.829167	0.0277295
123201	0.670588	0.671905	0.000504165	1.00195	1.00392	73.7625	-4.91912	-4.92137	74.3254	-3.91717	-3.91745	0.0104106	-1.10334	-0.830988	0.027895
123401	0.634499	0.671676	0.000507752	0.948031	1.00358	74.2873	-4.86521	-4.92103	74.856	-3.91718	-3.91745	0.0103516	-0.76753	-0.831467	0.0278137
123601	0.675411	0.671532	0.000507149	1.00916	1.00336	74.1991	-4.92625	-4.92081	74.7712	-3.91709	-3.91745	0.0103171	-1.05049	-0.832104	0.0276981
123801	0.67807	0.671605	0.000506	1.01313	1.00347	74.0309	-4.93017	-4.92092	74.5926	-3.91704	-3.91744	0.0103027	-1.04796	-0.834212	0.0280548
124001	0.661309	0.671565	0.0005026	0.988089	1.00341	73.5336	-4.90504	-4.92085	74.0943	-3.91695	-3.91744	0.0103339	-0.951257	-0.835444	0.0280179
124201	0.667396	0.671551	0.000499087	0.997183	1.00339	73.0195	-4.91446	-4.92083	73.5775	-3.91728	-3.91744	0.0103077	-0.856479	-0.836397	0.0279022
124401	0.680449	0.671542	0.00049618	1.01669	1.00338	72.5942	-4.93413	-4.92082	73.1483	-3.91744	-3.91744	0.0102254	-0.960397	-0.836967	0.0277647
124601	0.70263	0.671562	0.000496043	1.04983	1.00341	72.5742	-4.96726	-4.92085	73.1237	-3.91743	-3.91744	0.0101423	-1.00531	-0.837304	0.0276786
124801	0.70073	0.671672	0.000494916	1.04699	1.00357	72.4093	-4.96434	-4.92101	72.9534	-3.91735	-3.91744	0.0100614	-1.07988	-0.83826	0.027622
125001	0.683607	0.671738	0.000493825	1.0214	1.00367	72.2497	-4.93895	-4.92111	72.7893	-3.91755	-3.91744	0.00998468	-0.959976	-0.839166	0.0275706
125201	0.672334	0.671739	0.000491514	1.00456	1.00367	71.9115	-4.92197	-4.92111	72.4477	-3.91741	-3.91744	0.00990894	-0.746744	-0.838904	0.0274679
125401	0.66095	0.671713	0.000488469	0.987552	1.00363	71.4661	-4.90488	-4.92107	71.9987	-3.91733	-3.91744	0.00983496	-0.772525	-0.838285	0.0273137
125601	0.693333	0.671786	0.000485903	1.03594	1.00374	71.0907	-4.95346	-4.92118	71.6194	-3.91752	-3.91744	0.00976053	-0.956365	-0.83869	0.0271365
125801	0.681638	0.67182	0.000483239	1.01846	1.00379	70.7009	-4.93592	-4.92123	71.2263	-3.91745	-3.91744	0.00968852	-0.974097	-0.83931	0.0269963
126001	0.697761	0.671873	0.000483693	1.04255	1.00387	70.7673	-4.9598	-4.92131	71.2864	-3.91725	-3.91744	0.0096217	-1.0562	-0.840024	0.0269732
126201	0.643336	0.671868	0.000483995	0.961235	1.00387	70.8115	-4.87867	-4.9213	71.3253	-3.91744	-3.91744	0.00955548	-0.74741	-0.840128	0.026915
126401	0.674589	0.671882	0.000480928	1.00793	1.00389	70.3628	-4.9254	-4.92132	70.873	-3.91747	-3.91744	0.00948502	-0.893635	-0.840969	0.0268386
126601	0.675254	0.671963	0.000478845	1.00892	1.00401	70.058	-4.92618	-4.92144	70.5638	-3.91725	-3.91744	0.00941887	-0.905112	-0.841638	0.0267096
126801	0.662244	0.671937	0.000476109	0.989485	1.00397	69.6578	-4.90664	-4.9214	70.1613	-3.91716	-3.91743	0.00937559	-0.764778	-0.841714	0.0265528
127001	0.647454	0.671855	0.000476074	0.967388	1.00385	69.6526	-4.88455	-4.92128	70.1574	-3.91716	-3.91743	0.0093461	-0.905169	-0.84179	0.0265124
127201	0.621874	0.671656	0.000478722	0.929167	1.00355	70.04	-4.84631	-4.92098	70.5516	-3.91715	-3.91743	0.0093123	-0.635604	-0.84133	0.0263724
127401	0.669108	0.671609	0.000477173	0.999742	1.00348	69.8133	-4.91702	-4.92091	70.3235	-3.91728	-3.91743	0.00926909	-0.834624	-0.84135	0.0262212
127601	0.630367	0.67152	0.000476051	0.941857	1.00334	69.6493	-4.85923	-4.92077	70.1573	-3.91738	-3.91743	0.00920705	-0.557437	-0.840461	0.0261796
127801	0.705851	0.671572	0.000476012	1.05464	1.00342	69.6435	-4.972	-4.92085	70.1472	-3.91736	-3.91743	0.0091421	-1.09761	-0.840695	0.0261476
128001	0.631593	0.671582	0.000475025	0.943689	1.00344	69.4992	-4.86095	-4.92086	69.9995	-3.91726	-3.91743	0.00908429	-0.605975	-0.84084	0.0260871
128201	0.721627	0.671634	0.000477266	1.07821	1.00352	69.827	-4.99544	-4.92094	70.3215	-3.91722	-3.91742	0.00903857	-1.08886	-0.840707	0.0260661
128401	0.661476	0.671613	0.000476403	0.988339	1.00348	69.7008	-4.90563	-4.92091	70.1916	-3.91729	-3.91742	0.00898538	-0.703409	-0.84027	0.0260202
128601	0.682667	0.671691	0.000474252	1.02	1.0036	69.386	-4.93732	-4.92102	69.8716	-3.91732	-3.91742	0.00893006	-0.762477	-0.839886	0.0258666
128801	0.675795	0.671663	0.000471724	1.00973	1.00356	69.0161	-4.92712	-4.92098	69.4986	-3.91739	-3.91742	0.00887057	-0.646446	-0.838206	0.0261283
129001	0.704208	0.671747	0.000470444	1.05219	1.00368	68.829	-4.96965	-4.92111	69.3082	-3.91747	-3.91742	0.00880969	-0.97594	-0.837991	0.026027
129201	0.636813	0.671813	0.000471202	0.951488	1.00378	68.9397	-4.8691	-4.92121	69.416	-3.91761	-3.91742	0.00875487	-0.461735	-0.837585	0.0260655
129401	0.693999	0.67185	0.00047018	1.03693	1.00384	68.7903	-4.95462	-4.92126	69.2658	-3.91769	-3.91742	0.00873018	-0.813978	-0.836501	0.0261308
129601	0.682898	0.672029	0.00047228	1.02035	1.00411	69.0975	-4.93804	-4.92153	69.5786	-3.9177	-3.91743	0.00869931	-0.829625	-0.836654	0.0259816
129801	0.727432	0.67212	0.000474012	1.08689	1.00424	69.3509	-5.00465	-4.92167	69.8343	-3.91776	-3.91743	0.00867735	-1.08894	-0.83693	0.0259026
130001	0.678249	0.672212	0.000474895	1.0134	1.00438	69.4802	-4.93123	-4.92181	69.9672	-3.91783	-3.91743	0.00867976	-0.719991	-0.836684	0.025831
130201	0.655616	0.672232	0.000474062	0.979583	1.00441	69.3583	-4.89738	-4.92184	69.8434	-3.9178	-3.91743	0.00870408	-0.631847	-0.836105	0.0257734
130401	0.681987	0.672267	0.000473967	1.01898	1.00446	69.3443	-4.93684	-4.9219	69.8292	-3.91785	-3.91744	0.00871042	-0.91747	-0.835854	0.0257461
130601	0.683099	0.672426	0.000475284	1.02065	1.0047	69.5371	-4.93858	-4.92214	70.0329	-3.91793	-3.91744	0.00873911	-0.908901	-0.836962	0.0257805
130801	0.670367	0.672404	0.000473293	1.00162	1.00467	69.2457	-4.91974	-4.92211	69.7358	-3.91812	-3.91744	0.00884301	-0.541234	-0.835881	0.0258579
131001	0.668468	0.672387	0.000472411	0.998785	1.00464	69.1167	-4.91679	-4.92209	69.6011	-3.918	-3.91745	0.0089525	-0.635491	-0.834316	0.0261895
131201	0.693677	0.672473	0.000471733	1.03645	1.00477	69.0174	-4.95412	-4.92222	69.5047	-3.91767	-3.91745	0.00897015	-0.736245	-0.833241	0.0262226
131401	0.663019	0.672616	0.0004731	0.990643	1.00498	69.2175	-4.90829	-4.92243	69.7065	-3.91765	-3.91745	0.00892609	-0.717432	-0.83323	0.0260837
131601	0.627697	0.672518	0.00047395	0.937868	1.00484	69.3419	-4.85549	-4.92229	69.8239	-3.91762	-3.91745	0.00889149	-0.585276	-0.83244	0.0260618
131801	0.689141	0.672529	0.000472343	1.02967	1.00485	69.1067	-4.94736	-4.92231	69.5862	-3.91769	-3.91745	0.00884469	-0.854482	-0.832294	0.0259307
132001	0.676146	0.672649	0.000473056	1.01026	1.00503	69.211	-4.92849	-4.92249	69.6969	-3.91823	-3.91746	0.00889429	-0.720037	-0.832193	0.025809
132201	0.711414	0.672774	0.000474338	1.06295	1.00522	69.3986	-4.9818	-4.92268	69.9119	-3.91885	-3.91746	0.00937547	-0.594733	-0.831144	0.0258468
132401	0.700337	0.672904	0.000474372	1.0464	1.00541	69.4036	-4.96536	-4.92289	69.9535	-3.91895	-3.91747	0.0102664	-0.426844	-0.828521	0.0268139
132601	0.689283	0.672933	0.000472117	1.02989	1.00546	69.0737	-4.94846	-4.92294	69.6277	-3.91857	-3.91748	0.0108265	-0.636987	-0.825984	0.0277515
132801	0.690865	0.673065	0.000473867	1.03225	1.00565	69.3297	-4.95027	-4.92314	69.9044	-3.91802	-3.91749	0.0110501	-0.767241	-0.825465	0.0276749
133001	0.707046	0.67321	0.0004793	1.05643	1.00587	70.1246	-4.97418	-4.92336	70.7077	-3.91775	-3.91749	0.0110395	-0.79626	-0.82517	0.027699
133201	0.686929	0.67329	0.000480737	1.02637	1.00599	70.3348	-4.94414	-4.92348	70.9184	-3.91777	-3.91749	0.0109931	-0.880553	-0.824936	0.0275887
133401	0.675932	0.673233	0.000481238	1.00994	1.00591	70.4082	-4.92803	-4.9234	70.9833	-3.9181	-3.91749	0.0110198	-0.758177	-0.824266	0.0275856
133601	0.689564	0.673292	0.00047951	1.03031	1.00599	70.1553	-4.9485	-4.92349	70.7348	-3.91819	-3.9175	0.0111175	-0.666328	-0.823613	0.0274963
133801	0.660093	0.67324	0.000480016	0.986272	1.00592	70.2293	-4.90421	-4.92341	70.8009	-3.91794	-3.9175	0.0112027	-0.612017	-0.822146	0.0277444
134001	0.693622	0.673295	0.000482838	1.03637	1.006	70.6422	-4.95408	-4.9235	71.2139	-3.91771	-3.9175	0.0111736	-0.776713	-0.821349	0.0278471
134201	0.665582	0.673258	0.000482686	0.994472	1.00594	70.62	-4.91199	-4.92344	71.1881	-3.91751	-3.9175	0.0111133	-0.732902	-0.820549	0.0278378
134401	0.705173	0.673241	0.000481487	1.05363	1.00592	70.4446	-4.97125	-4.92342	71.0092	-3.91763	-3.9175	0.0110498	-0.947651	-0.820277	0.0277252
134601	0.721052	0.673345	0.000482319	1.07735	1.00607	70.5663	-4.9952	-4.92358	71.1323	-3.91785	-3.9175	0.0110039	-1.02365	-0.820405	0.0276342
134801	0.661493	0.673547	0.00049159	0.988364	1.00637	71.9227	-4.90653	-4.92388	72.5034	-3.91817	-3.91751	0.0110464	-0.566841	-0.820723	0.0277388
135001	0.682781	0.673583	0.000489473	1.02017	1.00643	71.6129	-4.93829	-4.92394	72.1949	-3.91812	-3.91751	0.0111422	-0.637747	-0.819824	0.0277363
135201	0.67331	0.673591	0.000487662	1.00602	1.00644	71.348	-4.92358	-4.92395	71.9274	-3.91756	-3.91751	0.0111353	-0.819721	-0.819057	0.0277438
135401	0.695284	0.673553	0.000486625	1.03885	1.00638	71.1963	-4.95597	-4.92389	71.7729	-3.91711	-3.91751	0.0110915	-0.994999	-0.818973	0.0276356
135601	0.65341	0.673481	0.000486071	0.976286	1.00628	71.1152	-4.89323	-4.92378	71.6974	-3.91694	-3.91751	0.0111436	-0.83005	-0.819373	0.0275242
135801	0.665504	0.673412	0.000484856	0.994356	1.00617	70.9375	-4.91141	-4.92368	71.5236	-3.91705	-3.91751	0.0111819	-0.694355	-0.819368	0.027397
136001	0.681181	0.673299	0.000485831	1.01778	1.006	71.0801	-4.93513	-4.92351	71.6703	-3.91735	-3.9175	0.0111511	-0.819786	-0.81799	0.0276598
136201	0.64105	0.673217	0.000486128	0.957819	1.00588	71.1235	-4.87515	-4.92338	71.7136	-3.91733	-3.9175	0.0111017	-0.691617	-0.817608	0.0275645
136401	0.686115	0.673206	0.000484618	1.02515	1.00586	70.9026	-4.94277	-4.92337	71.4905	-3.91761	-3.9175	0.0110434	-0.983265	-0.81813	0.0275147
136601	0.696061	0.673279	0.000485905	1.04001	1.00597	71.0909	-4.95783	-4.92348	71.678	-3.91782	-3.9175	0.0110074	-0.766024	-0.818079	0.0275713
136801	0.671279	0.67339	0.000486557	1.00299	1.00614	71.1864	-4.92077	-4.92364	71.7764	-3.91778	-3.91751	0.0109756	-0.745902	-0.818272	0.0274833
137001	0.649008	0.673329	0.000485392	0.969708	1.00605	71.0159	-4.88767	-4.92356	71.5976	-3.91796	-3.91751	0.0109748	-0.518022	-0.817435	0.027506
137201	0.656712	0.673297	0.000483235	0.98122	1.006	70.7004	-4.89907	-4.92351	71.2766	-3.91785	-3.91751	0.0109607	-0.556729	-0.816141	0.0276719
137401	0.679332	0.67331	0.000481437	1.01502	1.00602	70.4372	-4.93272	-4.92353	71.011	-3.9177	-3.91751	0.0109297	-0.63926	-0.815187	0.0277115
137601	0.677477	0.673227	0.000481002	1.01225	1.0059	70.3736	-4.92974	-4.92341	70.9428	-3.9175	-3.91751	0.0108748	-0.857921	-0.814293	0.0277808
137801	0.649509	0.673231	0.00047896	0.970457	1.0059	70.0748	-4.88783	-4.92341	70.6412	-3.91737	-3.91751	0.0108209	-0.712757	-0.814527	0.0276587
138001	0.666048	0.673226	0.000477037	0.99517	1.00589	69.7935	-4.9123	-4.9234	70.3571	-3.91713	-3.91751	0.0107881	-0.63743	-0.814036	0.0275763
138201	0.722248	0.673317	0.000477063	1.07914	1.00603	69.7972	-4.99657	-4.92354	70.3538	-3.91743	-3.91751	0.010758	-1.04365	-0.814041	0.0274815
138401	0.700514	0.673484	0.000480133	1.04667	1.00628	70.2464	-4.9642	-4.92379	70.7997	-3.91754	-3.91751	0.0107022	-0.86186	-0.814575	0.0274026
138601	0.690163	0.673478	0.000478394	1.0312	1.00627	69.992	-4.94844	-4.92378	70.5425	-3.91724	-3.91751	0.0106532	-0.862815	-0.814157	0.0273141
138801	0.680822	0.673615	0.000481439	1.01724	1.00648	70.4375	-4.93446	-4.92398	70.9779	-3.91721	-3.91751	0.0106235	-0.804497	-0.814782	0.0273086
139001	0.679301	0.67366	0.000481163	1.01497	1.00654	70.3972	-4.9323	-4.92405	70.9321	-3.91733	-3.9175	0.0105929	-0.722668	-0.814634	0.0272341
139201	0.707104	0.673775	0.000482434	1.05651	1.00671	70.5831	-4.97407	-4.92422	71.1143	-3.91755	-3.9175	0.010542	-1.02575	-0.815034	0.0272156
139401	0.668929	0.67383	0.000480968	0.999474	1.0068	70.3686	-4.917	-4.9243	70.8983	-3.91753	-3.9175	0.0104927	-0.699381	-0.815075	0.0271065
139601	0.719438	0.673872	0.000481998	1.07494	1.00686	70.5194	-4.99248	-4.92436	71.0466	-3.91754	-3.91751	0.0104402	-0.955669	-0.814657	0.0271003
139801	0.697072	0.67387	0.000481995	1.04152	1.00686	70.5188	-4.95902	-4.92436	71.0439	-3.9175	-3.9175	0.0103885	-0.892373	-0.814357	0.0270408
140001	0.664299	0.674005	0.000488481	0.992557	1.00706	71.4678	-4.91027	-4.92456	71.9918	-3.91772	-3.91751	0.0103428	-0.702121	-0.814785	0.0270912
140201	0.678691	0.674048	0.000488174	1.01406	1.00712	71.4229	-4.93171	-4.92463	71.9455	-3.91765	-3.91751	0.0102993	-0.633321	-0.814439	0.0270415
140401	0.668075	0.673961	0.000487846	0.998198	1.00699	71.375	-4.91593	-4.9245	71.8916	-3.91773	-3.91751	0.0102618	-0.727508	-0.813171	0.0272605
140601	0.681197	0.674006	0.000486072	1.0178	1.00706	71.1154	-4.93545	-4.92457	71.6311	-3.91765	-3.91751	0.0102227	-0.789902	-0.81325	0.0271341
140801	0.647662	0.673974	0.000484904	0.967698	1.00701	70.9445	-4.8852	-4.92452	71.4573	-3.91751	-3.91751	0.0101775	-0.684474	-0.812634	0.0271024
141001	0.668768	0.674054	0.000486341	0.999233	1.00713	71.1548	-4.91615	-4.92464	71.6592	-3.91692	-3.91751	0.0101649	-0.994153	-0.813869	0.0274229
141201	0.672083	0.674007	0.000485212	1.00419	1.00706	70.9896	-4.921	-4.92457	71.4986	-3.91681	-3.9175	0.0102776	-1.05672	-0.814501	0.0274045
141401	0.661207	0.674001	0.000484835	0.987937	1.00705	70.9344	-4.90487	-4.92455	71.4419	-3.91694	-3.9175	0.0103651	-0.978673	-0.815789	0.0276641
141601	0.669012	0.673947	0.000483752	0.999598	1.00697	70.776	-4.91667	-4.92447	71.2862	-3.91707	-3.9175	0.0103857	-0.958976	-0.816313	0.0276011
141801	0.670231	0.673949	0.000481816	1.00142	1.00697	70.4927	-4.91865	-4.92447	71.0008	-3.91723	-3.9175	0.0103694	-0.892482	-0.81697	0.0275645
142001	0.631213	0.673878	0.000481543	0.943121	1.00687	70.4527	-4.86041	-4.92436	70.9616	-3.91729	-3.9175	0.0103367	-0.579292	-0.816824	0.0274679
142201	0.689039	0.673863	0.00048107	1.02952	1.00685	70.3835	-4.94682	-4.92434	70.8907	-3.9173	-3.91749	0.0103068	-0.996005	-0.817011	0.0274453
142401	0.647331	0.673841	0.000479911	0.967204	1.00681	70.214	-4.88455	-4.92431	70.7192	-3.91734	-3.91749	0.0102655	-0.765779	-0.817256	0.0273582
142601	0.666969	0.673806	0.000478047	0.996546	1.00676	69.9413	-4.91359	-4.92425	70.446	-3.91704	-3.91749	0.0102513	-0.968697	-0.817674	0.0272776
142801	0.652033	0.673761	0.000477256	0.974229	1.00669	69.8256	-4.8913	-4.92418	70.3316	-3.91707	-3.91749	0.0102592	-0.767949	-0.818289	0.0273047
143001	0.65431	0.673689	0.00047648	0.97763	1.00659	69.7121	-4.89488	-4.92407	70.2207	-3.91725	-3.91749	0.0102557	-0.736007	-0.818062	0.0271992
143201	0.676168	0.673709	0.000477986	1.01029	1.00662	69.9323	-4.92742	-4.9241	70.4382	-3.91713	-3.91749	0.0102336	-0.89813	-0.818516	0.0271946
143401	0.65611	0.673618	0.000477895	0.980321	1.00648	69.919	-4.89745	-4.92396	70.4291	-3.91713	-3.91749	0.0102259	-0.798992	-0.81822	0.0270985
143601	0.672509	0.673571	0.000476627	1.00482	1.00641	69.7335	-4.9222	-4.92389	70.2436	-3.91738	-3.91748	0.0102008	-0.919419	-0.81824	0.0269974
143801	0.68994	0.673491	0.000476964	1.03087	1.00629	69.7828	-4.94832	-4.92377	70.2909	-3.91745	-3.91748	0.0101547	-0.96571	-0.81826	0.026895
144001	0.688	0.673419	0.000477839	1.02797	1.00618	69.9108	-4.94539	-4.92367	70.4171	-3.91742	-3.91748	0.0101089	-0.906087	-0.817941	0.0268705
144201	0.668455	0.673344	0.000478563	0.998766	1.00607	70.0167	-4.9161	-4.92355	70.5232	-3.91733	-3.91748	0.0100696	-0.900624	-0.817874	0.0267902
144401	0.610497	0.673209	0.000482178	0.912168	1.00587	70.5456	-4.82936	-4.92335	71.0566	-3.91719	-3.91748	0.0100392	-0.537347	-0.817361	0.0268065
144601	0.627706	0.673096	0.000485706	0.937881	1.0057	71.0618	-4.85514	-4.92318	71.576	-3.91726	-3.91748	0.0100117	-0.706429	-0.817382	0.0267986
144801	0.634747	0.672914	0.000491895	0.948402	1.00543	71.9673	-4.86555	-4.92291	72.4888	-3.91715	-3.91748	0.00998969	-0.761994	-0.817085	0.0267267
145001	0.647932	0.672861	0.000491078	0.968102	1.00535	71.8479	-4.88499	-4.92283	72.3716	-3.91689	-3.91748	0.0100124	-0.857	-0.817722	0.0267316
145201	0.656946	0.672734	0.000493705	0.981569	1.00516	72.2321	-4.89871	-4.92264	72.7671	-3.91714	-3.91748	0.0100481	-0.970683	-0.817891	0.0266755
145401	0.681692	0.67273	0.000492708	1.01854	1.00515	72.0863	-4.93595	-4.92263	72.6199	-3.91741	-3.91747	0.0100126	-0.899506	-0.81851	0.0266531
145601	0.682369	0.672744	0.000491067	1.01955	1.00517	71.8462	-4.93717	-4.92265	72.3773	-3.91762	-3.91748	0.00997016	-0.70059	-0.818386	0.0265884
145801	0.670914	0.672832	0.000491533	1.00244	1.00531	71.9143	-4.92027	-4.92278	72.4467	-3.91783	-3.91748	0.00994388	-0.674693	-0.818083	0.0265056
146001	0.668038	0.672881	0.000491369	0.998143	1.00538	71.8904	-4.91608	-4.92286	72.424	-3.91794	-3.91748	0.00994486	-0.617444	-0.81776	0.0264598
146201	0.69059	0.672966	0.000491613	1.03184	1.00551	71.9261	-4.94983	-4.92299	72.4656	-3.91799	-3.91748	0.00997003	-0.719813	-0.81745	0.0263903
146401	0.646877	0.673018	0.000491203	0.966525	1.00558	71.866	-4.88442	-4.92307	72.4088	-3.91789	-3.91748	0.00999903	-0.28357	-0.816483	0.026591
146601	0.692921	0.673021	0.000490361	1.03532	1.00559	71.7428	-4.95317	-4.92307	72.2835	-3.91785	-3.91748	0.00999895	-0.635208	-0.815117	0.0269924
146801	0.728113	0.67307	0.000489541	1.0879	1.00566	71.623	-5.00601	-4.92315	72.1664	-3.91811	-3.91749	0.0100259	-0.842256	-0.813977	0.027217
147001	0.690083	0.673138	0.000491012	1.03108	1.00576	71.8381	-4.94921	-4.92325	72.3881	-3.91813	-3.91749	0.010102	-0.749546	-0.813482	0.0272105
147201	0.700407	0.67326	0.000492795	1.04651	1.00595	72.0989	-4.96473	-4.92344	72.6632	-3.91823	-3.91749	0.0101895	-0.765196	-0.813487	0.0271035
147401	0.67945	0.673324	0.000491744	1.01519	1.00604	71.9453	-4.93341	-4.92354	72.5166	-3.91822	-3.91749	0.0102984	-0.454926	-0.812517	0.0272373
147601	0.67857	0.673301	0.000490333	1.01388	1.00601	71.7388	-4.93183	-4.9235	72.3055	-3.91795	-3.9175	0.0103487	-0.660956	-0.811093	0.0276344
147801	0.689212	0.673398	0.000491578	1.02978	1.00615	71.9209	-4.94778	-4.92365	72.4944	-3.918	-3.9175	0.0103692	-0.653014	-0.810704	0.0275821
148001	0.702884	0.673495	0.000492444	1.05021	1.0063	72.0477	-4.96823	-4.9238	72.6291	-3.91803	-3.9175	0.0104036	-0.780615	-0.810285	0.0275317
148201	0.673538	0.673534	0.000490917	1.00636	1.00635	71.8242	-4.9243	-4.92386	72.407	-3.91794	-3.9175	0.0104217	-0.829747	-0.810084	0.027434
148401	0.672843	0.673591	0.000491742	1.00532	1.00644	71.9449	-4.92306	-4.92394	72.5299	-3.91774	-3.9175	0.0104096	-0.823803	-0.810589	0.0274558
148601	0.684812	0.673644	0.000491142	1.02321	1.00652	71.8572	-4.94066	-4.92402	72.4407	-3.91745	-3.91751	0.0103712	-0.928598	-0.811018	0.0274075
148801	0.665417	0.67356	0.000492182	0.994226	1.00639	72.0093	-4.91173	-4.9239	72.5919	-3.9175	-3.9175	0.0103304	-0.885976	-0.810859	0.0273415
149001	0.672252	0.673492	0.000492017	1.00444	1.00629	71.9852	-4.92205	-4.9238	72.5645	-3.91761	-3.91751	0.0102898	-0.712469	-0.810642	0.027258
149201	0.701282	0.673521	0.000491225	1.04781	1.00634	71.8692	-4.96542	-4.92384	72.4472	-3.91761	-3.91751	0.0102554	-0.933564	-0.81038	0.0272133
149401	0.632686	0.673519	0.00049029	0.945322	1.00633	71.7325	-4.8627	-4.92384	72.3086	-3.91738	-3.91751	0.0102152	-0.601728	-0.810429	0.0271318
149601	0.655511	0.673514	0.000489098	0.979426	1.00633	71.558	-4.89672	-4.92383	72.1319	-3.9173	-3.91751	0.0101805	-0.774173	-0.810552	0.0270556
149801	0.662862	0.673435	0.000489179	0.990409	1.00621	71.57	-4.90757	-4.92371	72.1457	-3.91717	-3.9175	0.0101577	-0.788877	-0.810257	0.0269838
150001	0.679301	0.673364	0.00048913	1.01497	1.0061	71.5628	-4.932	-4.9236	72.1423	-3.91703	-3.9175	0.010166	-0.938358	-0.810176	0.0268952
150201	0.62787	0.673239	0.000492137	0.938126	1.00591	72.0027	-4.85495	-4.92341	72.5942	-3.91682	-3.9175	0.0102089	-0.860357	-0.810292	0.0268149
150401	0.634159	0.673141	0.000493144	0.947523	1.00577	72.15	-4.86432	-4.92327	72.7526	-3.9168	-3.9175	0.0102962	-0.853898	-0.811014	0.0268613
150601	0.657849	0.673013	0.000496119	0.982919	1.00558	72.5853	-4.8999	-4.92307	73.2017	-3.91698	-3.91749	0.0103552	-1.11997	-0.811437	0.0268522
150801	0.636335	0.672895	0.000498089	0.950775	1.0054	72.8735	-4.86786	-4.92289	73.4979	-3.91708	-3.91749	0.0103672	-0.872473	-0.812203	0.0269117
151001	0.66579	0.672814	0.00049865	0.994784	1.00528	72.9556	-4.91175	-4.92277	73.5848	-3.91697	-3.91749	0.0103856	-0.844056	-0.812393	0.0268201
151201	0.679747	0.672811	0.000497893	1.01564	1.00527	72.8449	-4.93258	-4.92276	73.4717	-3.91694	-3.91749	0.0104242	-1.07063	-0.812885	0.0268546
151401	0.659844	0.672808	0.000496478	0.985899	1.00527	72.6378	-4.90283	-4.92276	73.2625	-3.91693	-3.91749	0.0104531	-0.992928	-0.813654	0.0269164
151601	0.695074	0.672812	0.000495299	1.03854	1.00528	72.4654	-4.95554	-4.92276	73.0872	-3.917	-3.91748	0.0104949	-1.19552	-0.814718	0.0271248
151801	0.655095	0.672815	0.000495325	0.978804	1.00528	72.4692	-4.89596	-4.92276	73.0879	-3.91715	-3.91748	0.0104992	-0.984581	-0.815753	0.027352
152001	0.651872	0.67278	0.000495161	0.973989	1.00523	72.4451	-4.8911	-4.92271	73.0638	-3.91711	-3.91748	0.010488	-0.967041	-0.816598	0.0274669
152201	0.664702	0.672747	0.000494038	0.993158	1.00518	72.2808	-4.91019	-4.92266	72.8998	-3.91703	-3.91748	0.0104875	-0.909973	-0.817136	0.0274704
152401	0.658957	0.672755	0.000492641	0.984574	1.00519	72.0764	-4.90173	-4.92267	72.6927	-3.91716	-3.91748	0.010491	-1.15124	-0.818231	0.0277433
152601	0.632397	0.672742	0.00049257	0.94489	1.00517	72.066	-4.86229	-4.92265	72.68	-3.9174	-3.91748	0.0104596	-0.791077	-0.819313	0.0280461
152801	0.619271	0.672688	0.000493581	0.925278	1.00509	72.214	-4.8428	-4.92257	72.8254	-3.91752	-3.91748	0.0104205	-0.504669	-0.819149	0.0280499
153001	0.684506	0.672777	0.000496824	1.02275	1.00522	72.6885	-4.94011	-4.9227	73.2963	-3.91736	-3.91748	0.0103827	-0.751316	-0.819522	0.0280935
153201	0.692822	0.67283	0.000497372	1.03517	1.0053	72.7686	-4.95259	-4.92278	73.3735	-3.91741	-3.91748	0.0103461	-0.859644	-0.819492	0.0280574
153401	0.632674	0.672859	0.000497576	0.945303	1.00535	72.7985	-4.8627	-4.92282	73.4004	-3.9174	-3.91748	0.0103098	-0.442462	-0.819169	0.0280433
153601	0.715096	0.672888	0.000497805	1.06845	1.00539	72.8319	-4.98587	-4.92287	73.4314	-3.91742	-3.91748	0.0102718	-1.0353	-0.818949	0.0280354
153801	0.646122	0.672893	0.000497634	0.965397	1.0054	72.8069	-4.8828	-4.92287	73.4042	-3.9174	-3.91748	0.0102351	-0.648015	-0.81893	0.0279823
154001	0.665295	0.672832	0.000497406	0.994044	1.00531	72.7735	-4.91112	-4.92278	73.372	-3.91708	-3.91748	0.0102149	-0.784887	-0.818653	0.0279195
154201	0.692256	0.672798	0.000497529	1.03433	1.00525	72.7915	-4.95166	-4.92273	73.3907	-3.91734	-3.91747	0.0102026	-0.99717	-0.818548	0.0278726
154401	0.657978	0.672812	0.000496684	0.983111	1.00528	72.668	-4.90083	-4.92275	73.2639	-3.91772	-3.91748	0.0101713	-0.651382	-0.818682	0.02785
154601	0.670015	0.672808	0.000495024	1.0011	1.00527	72.4251	-4.91882	-4.92275	73.0186	-3.91772	-3.91748	0.0101537	-0.598765	-0.818064	0.0278573
154801	0.684527	0.672825	0.000493733	1.02278	1.0053	72.2362	-4.94053	-4.92277	72.8284	-3.91775	-3.91748	0.01013	-0.877536	-0.817787	0.0277906
155001	0.679363	0.672865	0.000493689	1.01506	1.00536	72.2298	-4.93265	-4.92283	72.8213	-3.91759	-3.91748	0.0101047	-0.695891	-0.817805	0.0277088
155201	0.705146	0.672885	0.000492869	1.05359	1.00539	72.1099	-4.97112	-4.92286	72.6995	-3.91754	-3.91748	0.0100691	-1.05238	-0.817627	0.0276917
155401	0.644346	0.672922	0.000492072	0.962744	1.00544	71.9932	-4.88041	-4.92292	72.5814	-3.91767	-3.91748	0.0100373	-0.542556	-0.817807	0.0276564
155601	0.704303	0.672936	0.000491881	1.05233	1.00546	71.9653	-4.97007	-4.92294	72.5524	-3.91774	-3.91748	0.0100194	-0.838864	-0.817307	0.0276699
155801	0.64872	0.672954	0.000491313	0.969279	1.00549	71.8822	-4.88702	-4.92297	72.4682	-3.91775	-3.91748	0.0099983	-0.437748	-0.816671	0.0277098
156001	0.692794	0.672942	0.000490584	1.03513	1.00547	71.7755	-4.95293	-4.92295	72.3588	-3.9178	-3.91748	0.00998391	-0.750023	-0.815809	0.0278474
156201	0.639922	0.67293	0.000490098	0.956133	1.00545	71.7043	-4.87368	-4.92293	72.286	-3.91754	-3.91748	0.00996044	-0.672649	-0.815584	0.0277774
156401	0.667846	0.672876	0.000489803	0.997856	1.00537	71.6613	-4.91525	-4.92285	72.2411	-3.91739	-3.91748	0.00992572	-0.840079	-0.815394	0.0277089
156601	0.674235	0.672841	0.00048893	1.0074	1.00532	71.5335	-4.9248	-4.9228	72.1116	-3.9174	-3.91748	0.0098916	-0.884488	-0.815372	0.0276235
156801	0.682509	0.672833	0.000487514	1.01976	1.00531	71.3263	-4.93696	-4.92279	71.903	-3.91719	-3.91748	0.00986605	-1.07955	-0.815854	0.0275975
157001	0.637953	0.672765	0.000488258	0.953192	1.00521	71.4352	-4.8704	-4.92269	72.0139	-3.9172	-3.91748	0.00985322	-0.716871	-0.816031	0.027582
157201	0.688631	0.672729	0.000488331	1.02891	1.00515	71.4459	-4.94601	-4.92263	72.0249	-3.9171	-3.91748	0.00984358	-1.21253	-0.816504	0.0276102
157401	0.701924	0.672743	0.000487045	1.04877	1.00517	71.2577	-4.96572	-4.92265	71.8336	-3.91695	-3.91748	0.00985925	-1.25562	-0.817625	0.0278839
157601	0.663803	0.672758	0.000486913	0.991815	1.0052	71.2384	-4.90876	-4.92267	71.8109	-3.91694	-3.91748	0.00989515	-0.964977	-0.818505	0.0280769
157801	0.653617	0.672679	0.000487188	0.976595	1.00508	71.2787	-4.89383	-4.92255	71.8546	-3.91723	-3.91747	0.0098932	-0.917792	-0.818739	0.0279999
158001	0.648432	0.672583	0.000488308	0.968849	1.00493	71.4425	-4.88601	-4.92241	72.0214	-3.91717	-3.91747	0.00987467	-0.920781	-0.818906	0.0279147
158201	0.681488	0.672554	0.000487436	1.01824	1.00489	71.3149	-4.93538	-4.92236	71.8934	-3.91714	-3.91747	0.00985976	-1.07007	-0.819627	0.0279804
158401	0.650664	0.672436	0.000491031	0.972183	1.00471	71.8408	-4.88933	-4.92219	72.426	-3.91715	-3.91747	0.00985607	-0.912261	-0.819532	0.0279415
158601	0.654484	0.672319	0.000493792	0.977891	1.00454	72.2449	-4.89507	-4.92201	72.8362	-3.91718	-3.91747	0.00984985	-0.99651	-0.819739	0.0278712
158801	0.666664	0.672288	0.000492519	0.99609	1.00449	72.0586	-4.91335	-4.92196	72.6492	-3.91726	-3.91747	0.00982619	-0.913257	-0.820473	0.0279395
159001	0.663539	0.672214	0.000493464	0.991421	1.00438	72.1968	-4.90857	-4.92185	72.7888	-3.91715	-3.91747	0.00980707	-0.884879	-0.820241	0.0278911
159201	0.664318	0.672232	0.000492629	0.992585	1.00441	72.0746	-4.90959	-4.92188	72.663	-3.917	-3.91747	0.00980678	-0.728552	-0.820503	0.0278251
159401	0.682186	0.672207	0.000491473	1.01928	1.00437	71.9056	-4.93634	-4.92184	72.4942	-3.91706	-3.91747	0.0098174	-0.811205	-0.819977	0.0278215
159601	0.647643	0.672234	0.000492789	0.967669	1.00441	72.0982	-4.88477	-4.92188	72.6826	-3.9171	-3.91746	0.00981341	-0.532478	-0.81991	0.0278613
159801	0.652135	0.672163	0.000493167	0.974381	1.00431	72.1533	-4.89122	-4.92177	72.7428	-3.91684	-3.91746	0.00983739	-0.775825	-0.819316	0.0278976
160001	0.649249	0.672125	0.000492154	0.97007	1.00425	72.0053	-4.88687	-4.92171	72.5978	-3.9168	-3.91746	0.00989512	-0.891367	-0.819777	0.0278819
160201	0.676223	0.672025	0.000494328	1.01037	1.0041	72.3233	-4.92723	-4.92156	72.9263	-3.91686	-3.91746	0.00994999	-1.0383	-0.819811	0.027817
160401	0.6277	0.671979	0.000494204	0.937872	1.00403	72.3051	-4.85493	-4.92149	72.9101	-3.91706	-3.91746	0.00997302	-0.749506	-0.820267	0.0278241
160601	0.69196	0.671914	0.000494815	1.03389	1.00393	72.3946	-4.95128	-4.92139	73.0005	-3.9174	-3.91746	0.00995095	-0.949182	-0.820116	0.0277646
160801	0.670653	0.671894	0.000493985	1.00205	1.0039	72.2731	-4.91906	-4.92136	72.8788	-3.91701	-3.91746	0.00993477	-0.913617	-0.820218	0.0276877
161001	0.637854	0.671839	0.000493827	0.953043	1.00382	72.25	-4.86994	-4.92128	72.8595	-3.9169	-3.91745	0.00996113	-0.830511	-0.820254	0.0276148
161201	0.662596	0.671837	0.000492948	0.990012	1.00382	72.1214	-4.90687	-4.92127	72.7292	-3.91685	-3.91745	0.00999698	-1.05398	-0.821107	0.0277863
161401	0.659685	0.671813	0.000492024	0.985663	1.00378	71.9862	-4.90272	-4.92123	72.5942	-3.91705	-3.91745	0.010021	-0.922443	-0.821715	0.0278357
161601	0.62782	0.671722	0.000494236	0.938051	1.00365	72.3099	-4.85523	-4.9211	72.9214	-3.91718	-3.91745	0.0100115	-0.704606	-0.821755	0.0277923
161801	0.670854	0.671612	0.000496892	1.00235	1.00348	72.6985	-4.91943	-4.92093	73.3139	-3.91708	-3.91745	0.00999662	-0.76933	-0.821347	0.0277642
162001	0.682001	0.671596	0.00049557	1.01901	1.00346	72.505	-4.93612	-4.92091	73.1196	-3.91711	-3.91745	0.0099886	-0.843456	-0.82108	0.0277024
162201	0.671378	0.671609	0.000494323	1.00313	1.00348	72.3226	-4.92032	-4.92092	72.9343	-3.91718	-3.91745	0.00997503	-0.809557	-0.821224	0.0276293
162401	0.655897	0.671577	0.000493665	0.980002	1.00343	72.2263	-4.8975	-4.92088	72.8366	-3.91749	-3.91745	0.0099495	-0.656523	-0.82085	0.0276106
162601	0.678365	0.671562	0.000492824	1.01357	1.00341	72.1032	-4.93098	-4.92085	72.7112	-3.91741	-3.91745	0.00991817	-0.846704	-0.820619	0.0275697
162801	0.669519	0.671564	0.000491809	1.00036	1.00341	71.9547	-4.91742	-4.92086	72.5607	-3.91706	-3.91744	0.00990056	-1.02275	-0.821047	0.027573
163001	0.653358	0.671579	0.000490813	0.976208	1.00343	71.809	-4.89317	-4.92088	72.412	-3.91697	-3.91744	0.00990877	-0.951938	-0.821869	0.0277097
163201	0.649053	0.671526	0.000490484	0.969776	1.00335	71.7609	-4.88678	-4.9208	72.3661	-3.91701	-3.91744	0.00991304	-0.835802	-0.822051	0.0276546
163401	0.68331	0.671503	0.000489795	1.02096	1.00332	71.6601	-4.93774	-4.92076	72.2657	-3.91678	-3.91744	0.00994688	-1.21434	-0.822654	0.0277238
163601	0.649326	0.671494	0.000489328	0.970185	1.00331	71.5918	-4.88705	-4.92074	72.1966	-3.91687	-3.91744	0.0100038	-0.908714	-0.823601	0.0279755
163801	0.683277	0.671483	0.000488154	1.02091	1.00329	71.4199	-4.93811	-4.92073	72.024	-3.9172	-3.91744	0.0100042	-1.02877	-0.823996	0.027947
164001	0.657184	0.671442	0.000492555	0.981925	1.00323	72.0639	-4.89912	-4.92067	72.6673	-3.9172	-3.91744	0.0099794	-1.02426	-0.824391	0.0281028
164201	0.674135	0.671441	0.000491688	1.00725	1.00323	71.937	-4.92446	-4.92066	72.5387	-3.91721	-3.91744	0.00996195	-0.941458	-0.82498	0.0281553
164401	0.664966	0.671425	0.000490742	0.993552	1.0032	71.7986	-4.91078	-4.92064	72.3991	-3.91723	-3.91744	0.00994009	-0.927502	-0.825225	0.0281095
164601	0.667845	0.671405	0.000489617	0.997855	1.00317	71.634	-4.91514	-4.92061	72.2333	-3.91729	-3.91743	0.0099148	-0.859788	-0.82542	0.0280437
164801	0.684748	0.671424	0.000488853	1.02311	1.0032	71.5222	-4.94047	-4.92064	72.1193	-3.91736	-3.91743	0.00988838	-0.977717	-0.825807	0.0280322
165001	0.676388	0.671442	0.000488089	1.01062	1.00323	71.4104	-4.92804	-4.92066	72.0056	-3.91742	-3.91743	0.00985807	-0.879816	-0.825962	0.0279741
165201	0.687472	0.671479	0.000487092	1.02718	1.00328	71.2645	-4.94454	-4.92072	71.8574	-3.91736	-3.91743	0.00982904	-0.99156	-0.826377	0.0279492
165401	0.666038	0.671441	0.000487891	0.995154	1.00323	71.3815	-4.91253	-4.92066	71.9732	-3.91738	-3.91743	0.00979987	-0.922084	-0.826394	0.0279139
165601	0.636556	0.671434	0.000486769	0.951103	1.00322	71.2173	-4.86857	-4.92065	71.8071	-3.91746	-3.91743	0.00977025	-0.844602	-0.826913	0.0279248
165801	0.655726	0.671401	0.000486985	0.979748	1.00317	71.2489	-4.89712	-4.9206	71.8369	-3.91738	-3.91743	0.0097408	-0.873121	-0.827285	0.0279227
166001	0.670867	0.671389	0.000485868	1.00237	1.00315	71.0856	-4.91962	-4.92058	71.6722	-3.91725	-3.91743	0.00971453	-0.953393	-0.8276	0.0278812
166201	0.684072	0.67136	0.00048527	1.0221	1.00311	70.998	-4.9392	-4.92054	71.5838	-3.9171	-3.91743	0.0096936	-0.943892	-0.827756	0.027827
166401	0.692334	0.671357	0.000484888	1.03444	1.0031	70.9422	-4.95158	-4.92053	71.5269	-3.91713	-3.91743	0.00969519	-0.943575	-0.827725	0.0277855
166601	0.643025	0.671341	0.000484343	0.96077	1.00308	70.8623	-4.87815	-4.92051	71.4455	-3.91738	-3.91743	0.00967176	-0.598702	-0.827543	0.0277444
166801	0.679038	0.671321	0.000484225	1.01458	1.00305	70.8451	-4.93204	-4.92048	71.4265	-3.91746	-3.91743	0.00964312	-0.774407	-0.827168	0.0277459
167001	0.679971	0.671382	0.000484512	1.01597	1.00314	70.8871	-4.93335	-4.92057	71.4665	-3.91738	-3.91743	0.00961461	-0.814104	-0.827404	0.0276986
167201	0.666175	0.671373	0.000483347	0.995359	1.00313	70.7167	-4.91276	-4.92056	71.2944	-3.9174	-3.91743	0.00958615	-0.879077	-0.827303	0.0276238
167401	0.66281	0.671398	0.000482695	0.990331	1.00316	70.6213	-4.90749	-4.92059	71.1969	-3.91716	-3.91743	0.00956286	-0.875775	-0.827777	0.0276395
167601	0.628197	0.671365	0.000482023	0.938615	1.00311	70.523	-4.8556	-4.92054	71.0996	-3.91698	-3.91743	0.00956757	-0.590928	-0.827792	0.0275815
167801	0.66281	0.671271	0.000484561	0.990331	1.00297	70.8944	-4.90722	-4.9204	71.4786	-3.91689	-3.91743	0.00958885	-0.709473	-0.82716	0.0276562
168001	0.64651	0.671227	0.000484402	0.965976	1.00291	70.8711	-4.8829	-4.92033	71.4581	-3.91692	-3.91743	0.00961083	-0.580247	-0.826618	0.0276884
168201	0.637758	0.671158	0.000484958	0.952901	1.0028	70.9524	-4.86964	-4.92023	71.5459	-3.91674	-3.91742	0.00965536	-0.6605	-0.826168	0.0276992
168401	0.672249	0.671137	0.000484725	1.00443	1.00277	70.9183	-4.92145	-4.9202	71.5132	-3.91701	-3.91742	0.00968958	-1.15361	-0.826603	0.0278035
168601	0.657349	0.671108	0.000483722	0.982173	1.00273	70.7715	-4.89941	-4.92015	71.3662	-3.91724	-3.91742	0.009676	-0.992499	-0.82726	0.0278771
168801	0.664806	0.671108	0.000482547	0.993314	1.00273	70.5996	-4.91071	-4.92015	71.1925	-3.91739	-3.91742	0.00964923	-0.731547	-0.827506	0.0278522
169001	0.6629	0.671134	0.000481743	0.990466	1.00277	70.482	-4.90785	-4.92019	71.0729	-3.91739	-3.91742	0.00962159	-0.867651	-0.827636	0.0277901
169201	0.666044	0.67118	0.000482078	0.995163	1.00284	70.531	-4.91242	-4.92026	71.1196	-3.91726	-3.91742	0.00959538	-0.939524	-0.828182	0.0278358
169401	0.680542	0.671191	0.000480999	1.01683	1.00285	70.3731	-4.9341	-4.92027	70.9596	-3.91727	-3.91742	0.0095756	-0.926623	-0.828675	0.0278496
169601	0.647015	0.671192	0.000479865	0.966732	1.00286	70.2073	-4.8841	-4.92028	70.792	-3.91737	-3.91742	0.00954928	-0.637371	-0.828539	0.0277882
169801	0.671	0.671157	0.000479124	1.00257	1.0028	70.0988	-4.92009	-4.92022	70.6821	-3.91752	-3.91742	0.0095224	-0.781945	-0.82826	0.0277419
170001	0.675355	0.671189	0.00047822	1.00908	1.00285	69.9666	-4.92674	-4.92027	70.5495	-3.91766	-3.91742	0.00950354	-0.846048	-0.828375	0.0276708
170201	0.700322	0.671244	0.000478627	1.04638	1.00293	70.0261	-4.96403	-4.92036	70.61	-3.91765	-3.91742	0.0094871	-1.02179	-0.828792	0.0276721
170401	0.661027	0.67126	0.000478304	0.987667	1.00296	69.9788	-4.90541	-4.92038	70.5615	-3.91774	-3.91742	0.00947101	-0.880707	-0.828992	0.0276234
170601	0.674691	0.671261	0.000477015	1.00808	1.00296	69.7902	-4.92585	-4.92038	70.3713	-3.91777	-3.91742	0.00946978	-0.932293	-0.829306	0.0275828
170801	0.672887	0.671255	0.000477786	1.00539	1.00295	69.9031	-4.92302	-4.92037	70.482	-3.91764	-3.91742	0.00945635	-0.909812	-0.829522	0.0275754
171001	0.633594	0.671231	0.000477068	0.946678	1.00291	69.7981	-4.86404	-4.92034	70.3752	-3.91736	-3.91742	0.00943199	-0.898873	-0.829897	0.027567
171201	0.604551	0.67113	0.000483156	0.903284	1.00276	70.6887	-4.82053	-4.92019	71.2671	-3.91725	-3.91742	0.00940827	-0.522273	-0.829853	0.0276892
171401	0.626573	0.671047	0.000485082	0.936189	1.00264	70.9705	-4.85333	-4.92006	71.5516	-3.91714	-3.91742	0.00939521	-0.676791	-0.829533	0.0276692
171601	0.651964	0.670982	0.000486621	0.974125	1.00254	71.1957	-4.89133	-4.91996	71.7783	-3.9172	-3.91742	0.00937886	-0.888634	-0.829504	0.027628
171801	0.65627	0.670958	0.00048626	0.98056	1.00251	71.1429	-4.8977	-4.91993	71.725	-3.91714	-3.91742	0.00936126	-0.92317	-0.82979	0.0276092
172001	0.69433	0.67098	0.000486208	1.03743	1.00254	71.1353	-4.95439	-4.91996	71.7139	-3.91696	-3.91742	0.00936077	-1.12716	-0.830555	0.0277782
172201	0.64645	0.670936	0.000485792	0.965887	1.00247	71.0744	-4.88295	-4.91989	71.6551	-3.91707	-3.91742	0.00937212	-0.80004	-0.830677	0.0277218
172401	0.655284	0.6709	0.000485197	0.979087	1.00242	70.9874	-4.89618	-4.91984	71.5686	-3.91709	-3.91742	0.00936221	-0.924525	-0.830981	0.0276863
172601	0.641805	0.6708	0.000487959	0.958947	1.00227	71.3914	-4.87604	-4.91969	71.9779	-3.91709	-3.91742	0.00935789	-0.976604	-0.831059	0.0276186
172801	0.654908	0.67074	0.000488359	0.978525	1.00218	71.45	-4.89564	-4.9196	72.0387	-3.91711	-3.91742	0.00934982	-1.01748	-0.831615	0.027663
173001	0.676237	0.670719	0.000487484	1.01039	1.00215	71.3219	-4.92751	-4.91957	71.9102	-3.91712	-3.91742	0.00933958	-1.01663	-0.832052	0.0276597
173201	0.677939	0.670698	0.000486958	1.01294	1.00212	71.245	-4.93021	-4.91953	71.8328	-3.91728	-3.91742	0.0093255	-0.900469	-0.832161	0.0275992
173401	0.680497	0.670748	0.000486816	1.01676	1.00219	71.2242	-4.93433	-4.91961	71.8101	-3.91758	-3.91742	0.00930145	-0.746839	-0.832236	0.0275528
173601	0.692255	0.670771	0.000486535	1.03433	1.00223	71.183	-4.95213	-4.91964	71.7687	-3.91781	-3.91742	0.00929297	-0.732206	-0.831894	0.0275504
173801	0.663949	0.670788	0.000486025	0.992034	1.00225	71.1085	-4.91007	-4.91967	71.6939	-3.91804	-3.91742	0.00931616	-0.53695	-0.831307	0.0276331
174001	0.664039	0.670815	0.000485776	0.992167	1.00229	71.0721	-4.90998	-4.91971	71.6588	-3.91782	-3.91742	0.009341	-0.682852	-0.831026	0.027617
174201	0.645317	0.670796	0.000485677	0.964194	1.00226	71.0577	-4.8821	-4.91968	71.6409	-3.9179	-3.91742	0.00934894	-0.576704	-0.830648	0.0276265
174401	0.646723	0.670756	0.000485964	0.966295	1.0022	71.0995	-4.88379	-4.91963	71.6788	-3.9175	-3.91742	0.00934073	-0.902482	-0.830523	0.0276284
174601	0.672338	0.670713	0.000486367	1.00457	1.00214	71.1585	-4.92185	-4.91956	71.7361	-3.91728	-3.91742	0.00931696	-0.953126	-0.830762	0.0275969
174801	0.69825	0.670701	0.000485848	1.04328	1.00212	71.0827	-4.96038	-4.91954	71.6588	-3.91709	-3.91742	0.00930174	-0.999777	-0.83083	0.027542
175001	0.65533	0.670741	0.000485769	0.979155	1.00218	71.0711	-4.89636	-4.9196	71.6431	-3.91721	-3.91742	0.00929246	-0.814392	-0.831169	0.0275268
175201	0.663709	0.670707	0.000485919	0.991675	1.00213	71.0929	-4.90867	-4.91955	71.6655	-3.91699	-3.91742	0.00928312	-1.00249	-0.831335	0.0274898
175401	0.655277	0.670701	0.000485992	0.979076	1.00212	71.1037	-4.89616	-4.91954	71.6753	-3.91709	-3.91742	0.00928822	-0.904268	-0.831888	0.0275749
175601	0.696339	0.670796	0.000489285	1.04043	1.00226	71.5854	-4.95801	-4.91968	72.1554	-3.91758	-3.91742	0.00926828	-0.918994	-0.832512	0.0276677
175801	0.710567	0.670853	0.000489592	1.06169	1.00235	71.6303	-4.97959	-4.91977	72.2029	-3.91791	-3.91742	0.00926356	-0.995674	-0.832577	0.0276097
176001	0.691246	0.670865	0.000491034	1.03282	1.00237	71.8414	-4.95103	-4.91979	72.4134	-3.91821	-3.91742	0.00931261	-0.783859	-0.832341	0.0276619
176201	0.705425	0.670921	0.000491661	1.054	1.00245	71.9331	-4.9722	-4.91987	72.5128	-3.9182	-3.91742	0.00941054	-0.932551	-0.83234	0.0276239
176401	0.668713	0.670916	0.0004917	0.999151	1.00244	71.9387	-4.9172	-4.91987	72.5161	-3.91805	-3.91742	0.00946717	-0.662212	-0.832045	0.0276125
176601	0.661712	0.670909	0.00049084	0.988691	1.00243	71.813	-4.90653	-4.91986	72.3879	-3.91784	-3.91743	0.00949916	-0.697845	-0.831686	0.0276069
176801	0.697649	0.670952	0.000490987	1.04239	1.0025	71.8344	-4.95999	-4.91992	72.4101	-3.9176	-3.91743	0.00949083	-0.965246	-0.83185	0.0275777
177001	0.66566	0.671003	0.000491364	0.994589	1.00257	71.8897	-4.91191	-4.92	72.4644	-3.91732	-3.91743	0.00946737	-0.893152	-0.832129	0.0275445
177201	0.641685	0.670974	0.000490763	0.958767	1.00253	71.8018	-4.87593	-4.91996	72.3762	-3.91716	-3.91743	0.00944799	-0.794156	-0.832332	0.0274963
177401	0.707845	0.670969	0.000492506	1.05762	1.00252	72.0567	-4.9745	-4.91995	72.629	-3.91688	-3.91743	0.00945811	-1.1576	-0.832621	0.0275503
177601	0.645332	0.670933	0.00049247	0.964217	1.00247	72.0514	-4.88119	-4.91989	72.6255	-3.91697	-3.91742	0.00947759	-0.978429	-0.832803	0.0275058
177801	0.646733	0.670931	0.00049164	0.96631	1.00246	71.93	-4.88327	-4.91989	72.5029	-3.91696	-3.91742	0.0094854	-0.884973	-0.833536	0.0276784
178001	0.650141	0.670927	0.000492441	0.971402	1.00246	72.0472	-4.88846	-4.91988	72.6195	-3.91706	-3.91742	0.00949205	-0.705945	-0.833734	0.027661
178201	0.657525	0.670936	0.000492078	0.982434	1.00247	71.9941	-4.89973	-4.91989	72.5645	-3.91729	-3.91742	0.00948237	-0.627114	-0.833552	0.027622
178401	0.684714	0.670981	0.000492109	1.02306	1.00254	71.9987	-4.94043	-4.91996	72.5673	-3.91737	-3.91742	0.00945884	-0.799354	-0.833564	0.0275739
178601	0.662801	0.670976	0.000491091	0.990318	1.00253	71.8497	-4.90774	-4.91995	72.417	-3.91742	-3.91742	0.00943497	-0.654864	-0.833187	0.027565
178801	0.681608	0.670982	0.000490581	1.01842	1.00254	71.775	-4.93575	-4.91996	72.3408	-3.91733	-3.91742	0.00941136	-0.86841	-0.83308	0.0275358
179001	0.65821	0.670964	0.00048968	0.983459	1.00251	71.6433	-4.90062	-4.91993	72.2085	-3.91716	-3.91742	0.00939601	-0.748516	-0.832967	0.0274756
179201	0.681404	0.670952	0.000489136	1.01811	1.0025	71.5636	-4.93526	-4.91992	72.1283	-3.91715	-3.91742	0.0093866	-0.981254	-0.832776	0.0274489
179401	0.658686	0.670992	0.000489063	0.984169	1.00256	71.553	-4.90127	-4.91997	72.1143	-3.9171	-3.91742	0.00937391	-0.778949	-0.833251	0.0274869
179601	0.683871	0.670902	0.000491686	1.0218	1.00242	71.9367	-4.93891	-4.91984	72.502	-3.91711	-3.91742	0.00936618	-0.873043	-0.832675	0.0275739
179801	0.635955	0.670896	0.000491327	0.950206	1.00241	71.8842	-4.86722	-4.91983	72.4487	-3.91702	-3.91742	0.00936263	-0.754445	-0.832751	0.0275195
180001	0.656378	0.670883	0.000490803	0.980721	1.00239	71.8075	-4.89778	-4.91981	72.3716	-3.91706	-3.91742	0.00936258	-0.800583	-0.832896	0.0274784
180201	0.637546	0.670832	0.000490944	0.952584	1.00232	71.8282	-4.86967	-4.91973	72.3937	-3.91708	-3.91742	0.00935173	-0.81803	-0.83291	0.0274179
180401	0.676615	0.670819	0.000489969	1.01096	1.0023	71.6856	-4.92786	-4.91971	72.2507	-3.91691	-3.91741	0.00936182	-1.0199	-0.833286	0.0274129
180601	0.663867	0.670799	0.000489657	0.99191	1.00227	71.6398	-4.90887	-4.91968	72.2055	-3.91696	-3.91741	0.00937497	-1.06902	-0.833712	0.0274407
180801	0.6758	0.670751	0.000489721	1.00974	1.0022	71.6493	-4.92674	-4.91961	72.2178	-3.917	-3.91741	0.00938456	-0.987717	-0.833868	0.0274037
181001	0.675145	0.670742	0.000488734	1.00876	1.00218	71.5048	-4.92576	-4.91959	72.0728	-3.917	-3.91741	0.00939081	-1.0257	-0.834188	0.0273818
181201	0.658977	0.670754	0.000488105	0.984604	1.0022	71.4128	-4.90172	-4.91961	71.9783	-3.91711	-3.91741	0.00938814	-0.827168	-0.834592	0.0274091
181401	0.659314	0.670749	0.000487315	0.985108	1.00219	71.2972	-4.90246	-4.9196	71.8615	-3.91735	-3.91741	0.00936945	-0.838682	-0.834648	0.0273513
181601	0.652727	0.670711	0.000486813	0.975266	1.00214	71.2238	-4.89254	-4.91955	71.7873	-3.91727	-3.91741	0.00934761	-0.806546	-0.834652	0.0272866
181801	0.667117	0.6707	0.000485849	0.996766	1.00212	71.0828	-4.91392	-4.91953	71.6454	-3.91716	-3.91741	0.00933255	-0.893474	-0.834706	0.0272251
182001	0.667476	0.670714	0.00048519	0.997303	1.00214	70.9864	-4.91441	-4.91955	71.5471	-3.91711	-3.91741	0.0093187	-0.820998	-0.834834	0.0271884
182201	0.662349	0.670737	0.000484323	0.989642	1.00218	70.8594	-4.90663	-4.91958	71.4172	-3.91698	-3.91741	0.00931853	-1.00401	-0.835361	0.0272532
182401	0.665699	0.670727	0.000483693	0.994648	1.00216	70.7673	-4.91166	-4.91957	71.3244	-3.91701	-3.91741	0.00931826	-0.920505	-0.835622	0.0272349
182601	0.638795	0.670702	0.000484651	0.954449	1.00212	70.9075	-4.87153	-4.91953	71.4649	-3.91708	-3.91741	0.00931716	-0.734472	-0.83571	0.0272317
182801	0.700921	0.670702	0.000484637	1.04727	1.00212	70.9054	-4.96446	-4.91953	71.4616	-3.91718	-3.91741	0.00930938	-1.03643	-0.83594	0.027218
183001	0.673176	0.670753	0.000485782	1.00582	1.0022	71.0729	-4.92312	-4.9196	71.6262	-3.9173	-3.9174	0.00928983	-0.713784	-0.836065	0.0272148
183201	0.621918	0.670736	0.000486168	0.929233	1.00217	71.1295	-4.84657	-4.91958	71.6816	-3.91733	-3.9174	0.00926831	-0.468788	-0.835614	0.027265
183401	0.647436	0.670689	0.000486852	0.967361	1.0021	71.2294	-4.88436	-4.91951	71.7829	-3.917	-3.9174	0.0092559	-0.891247	-0.835363	0.0272478
183601	0.678689	0.67067	0.000485913	1.01406	1.00208	71.0921	-4.93102	-4.91948	71.6458	-3.91697	-3.9174	0.00926088	-0.952698	-0.835611	0.0272138
183801	0.654233	0.670624	0.00048699	0.977517	1.00201	71.2497	-4.89452	-4.91941	71.8061	-3.91701	-3.9174	0.00926984	-0.84655	-0.835515	0.0271918
184001	0.654204	0.670583	0.000486875	0.977473	1.00195	71.2329	-4.89467	-4.91935	71.7903	-3.9172	-3.9174	0.00926245	-0.942932	-0.835662	0.0271387
184201	0.661706	0.670555	0.000486147	0.988682	1.0019	71.1264	-4.90596	-4.9193	71.6833	-3.91727	-3.9174	0.00924383	-0.871691	-0.835739	0.0270799
184401	0.672819	0.670545	0.00048525	1.00529	1.00189	70.9951	-4.92278	-4.91929	71.5507	-3.9175	-3.9174	0.00922302	-0.862513	-0.835914	0.0270375
184601	0.701166	0.67052	0.000485151	1.04764	1.00185	70.9807	-4.96526	-4.91925	71.5341	-3.91762	-3.9174	0.00920693	-1.01179	-0.835783	0.0270078
184801	0.685023	0.670586	0.000486114	1.02352	1.00195	71.1216	-4.94122	-4.91935	71.6766	-3.9177	-3.9174	0.00919232	-0.810981	-0.836035	0.0269802
185001	0.661246	0.670579	0.000485216	0.987994	1.00194	70.9902	-4.90552	-4.91934	71.5433	-3.91752	-3.9174	0.00918169	-0.743044	-0.835681	0.0269841
185201	0.699327	0.670574	0.00048484	1.04489	1.00193	70.9351	-4.96225	-4.91933	71.4868	-3.91736	-3.9174	0.00916045	-1.141	-0.835892	0.0269895
185401	0.690017	0.670636	0.000485783	1.03098	1.00202	71.0731	-4.94843	-4.91943	71.6236	-3.91745	-3.9174	0.00913922	-0.88716	-0.836398	0.0270495
185601	0.704216	0.670659	0.000485061	1.0522	1.00206	70.9674	-4.96996	-4.91946	71.5175	-3.91777	-3.9174	0.00912392	-0.88593	-0.836248	0.0270036
185801	0.654003	0.670662	0.000485176	0.977172	1.00206	70.9843	-4.8951	-4.91947	71.5329	-3.91793	-3.9174	0.00913833	-0.55807	-0.835812	0.0270764
186001	0.691986	0.670668	0.000484515	1.03392	1.00207	70.8876	-4.95168	-4.91948	71.4353	-3.91776	-3.91741	0.00914661	-0.723946	-0.835334	0.0271228
186201	0.680982	0.670721	0.000484692	1.01748	1.00215	70.9134	-4.93512	-4.91956	71.4626	-3.91764	-3.91741	0.00913678	-0.751604	-0.835219	0.0270694
186401	0.671963	0.6707	0.000484027	1.00401	1.00212	70.8162	-4.92174	-4.91953	71.3631	-3.91773	-3.91741	0.00912536	-0.884562	-0.834984	0.0270388
186601	0.658687	0.670734	0.000483652	0.984172	1.00217	70.7613	-4.90217	-4.91958	71.3099	-3.918	-3.91741	0.00913559	-0.820966	-0.835261	0.0270162
186801	0.701644	0.670801	0.000485056	1.04835	1.00227	70.9667	-4.96653	-4.91968	71.5235	-3.91818	-3.91741	0.0091887	-0.963605	-0.835618	0.0270217
187001	0.679758	0.670835	0.000484615	1.01565	1.00232	70.9022	-4.9337	-4.91973	71.4625	-3.91804	-3.91741	0.00924091	-0.849591	-0.835685	0.0269653
187201	0.68835	0.670868	0.000484193	1.02849	1.00237	70.8405	-4.94658	-4.91978	71.4036	-3.91809	-3.91741	0.0092785	-1.03915	-0.835969	0.0269471
187401	0.674571	0.670884	0.000483222	1.0079	1.00239	70.6984	-4.92588	-4.91981	71.2623	-3.91798	-3.91741	0.00932238	-0.971736	-0.836365	0.0269546
187601	0.66958	0.670945	0.000484716	1.00045	1.00249	70.917	-4.9185	-4.9199	71.487	-3.91805	-3.91741	0.00935447	-0.773187	-0.836809	0.0270057
187801	0.682782	0.670967	0.00048423	1.02017	1.00252	70.8458	-4.9381	-4.91993	71.4166	-3.91792	-3.91742	0.00937962	-0.705343	-0.836608	0.026967
188001	0.705311	0.671001	0.000483844	1.05383	1.00257	70.7895	-4.97171	-4.91999	71.3621	-3.91787	-3.91742	0.00939015	-0.847413	-0.836382	0.0269333
188201	0.676101	0.670996	0.000483936	1.01019	1.00256	70.8028	-4.92783	-4.91998	71.3744	-3.91764	-3.91742	0.00939232	-0.792248	-0.836087	0.0269311
188401	0.671088	0.671042	0.000484163	1.0027	1.00263	70.8361	-4.92038	-4.92005	71.4079	-3.91768	-3.91742	0.00937659	-0.724663	-0.836163	0.0268927
188601	0.694863	0.671074	0.000483597	1.03822	1.00268	70.7533	-4.95598	-4.9201	71.3259	-3.91776	-3.91742	0.0093708	-1.016	-0.836279	0.0268496
188801	0.676731	0.671101	0.00048303	1.01113	1.00272	70.6704	-4.92865	-4.92014	71.2428	-3.91752	-3.91742	0.0093573	-0.818393	-0.836423	0.0268065
189001	0.687115	0.671123	0.000482319	1.02665	1.00275	70.5662	-4.94409	-4.92017	71.1376	-3.91744	-3.91742	0.0093367	-0.836294	-0.836251	0.0267654
189201	0.690896	0.671176	0.000483393	1.0323	1.00283	70.7234	-4.94972	-4.92025	71.2939	-3.91743	-3.91742	0.0093159	-1.03116	-0.836633	0.0268143
189401	0.684124	0.671153	0.000483215	1.02218	1.0028	70.6973	-4.93944	-4.92022	71.2669	-3.91726	-3.91742	0.00929669	-0.940344	-0.836602	0.0267783
189601	0.698316	0.671156	0.000483009	1.04338	1.0028	70.6672	-4.96091	-4.92022	71.236	-3.91753	-3.91742	0.00927786	-0.936299	-0.836601	0.0267435
189801	0.685696	0.671195	0.000482942	1.02453	1.00286	70.6575	-4.94248	-4.92028	71.2269	-3.91796	-3.91742	0.00927145	-0.652405	-0.836345	0.0267467
190001	0.679135	0.671238	0.000483111	1.01472	1.00292	70.6822	-4.93294	-4.92035	71.2561	-3.91821	-3.91742	0.00932215	-0.523167	-0.835958	0.0267773
190201	0.701564	0.671277	0.000483002	1.04823	1.00298	70.6663	-4.96657	-4.92041	71.2455	-3.91833	-3.91742	0.00941363	-0.670124	-0.835341	0.0268994
190401	0.684653	0.671325	0.000483696	1.02297	1.00305	70.7677	-4.94108	-4.92048	71.3536	-3.91811	-3.91743	0.00948162	-0.706741	-0.835058	0.0268904
190601	0.682166	0.671372	0.000484249	1.01925	1.00312	70.8486	-4.93713	-4.92055	71.4376	-3.91787	-3.91743	0.00950126	-0.873059	-0.835129	0.0268711
190801	0.688628	0.671385	0.000484444	1.02891	1.00314	70.8771	-4.94678	-4.92057	71.466	-3.91787	-3.91743	0.00950404	-0.964293	-0.835253	0.0268634
191001	0.661787	0.671362	0.000484045	0.988803	1.00311	70.8188	-4.90688	-4.92054	71.4036	-3.91807	-3.91743	0.00952907	-0.610076	-0.834954	0.0268849
191201	0.664408	0.671365	0.000483219	0.992719	1.00311	70.6979	-4.91054	-4.92054	71.2816	-3.91782	-3.91743	0.00954893	-0.891607	-0.834843	0.0268592
191401	0.674558	0.671376	0.000482272	1.00788	1.00313	70.5595	-4.92559	-4.92056	71.1426	-3.91771	-3.91743	0.00954327	-0.991602	-0.835225	0.0268695
191601	0.686568	0.671342	0.000482309	1.02583	1.00308	70.5648	-4.94338	-4.92051	71.145	-3.91755	-3.91743	0.00953112	-0.867539	-0.835148	0.0268402
191801	0.692827	0.671356	0.000481754	1.03518	1.0031	70.4836	-4.95262	-4.92053	71.0628	-3.91744	-3.91743	0.00951076	-1.02494	-0.835181	0.0268038
192001	0.646783	0.671391	0.000481835	0.966385	1.00315	70.4955	-4.88358	-4.92058	71.0732	-3.91719	-3.91743	0.00949195	-0.651388	-0.835488	0.0268234
192201	0.679539	0.671346	0.000482108	1.01533	1.00309	70.5354	-4.93239	-4.92052	71.1148	-3.91706	-3.91743	0.00948826	-1.10994	-0.835346	0.0268412
192401	0.679672	0.671357	0.000481265	1.01553	1.0031	70.4121	-4.93261	-4.92053	70.9894	-3.91708	-3.91743	0.0094868	-1.0851	-0.835936	0.0269493
192601	0.672151	0.671352	0.000480401	1.00429	1.00309	70.2857	-4.92135	-4.92052	70.8621	-3.91707	-3.91743	0.00948157	-1.14456	-0.836479	0.0270381
192801	0.671299	0.671341	0.000479667	1.00302	1.00308	70.1783	-4.92006	-4.92051	70.7541	-3.91705	-3.91743	0.0094787	-0.95075	-0.836942	0.0270823
193001	0.671636	0.671282	0.000480948	1.00352	1.00299	70.3656	-4.92043	-4.92042	70.9452	-3.91691	-3.91743	0.00948604	-1.05778	-0.836891	0.0270635
193201	0.638013	0.671275	0.000480252	0.953282	1.00298	70.2639	-4.87003	-4.92041	70.8432	-3.91675	-3.91743	0.0095184	-0.92252	-0.837459	0.0271649
193401	0.653485	0.671233	0.000481814	0.976399	1.00292	70.4924	-4.89315	-4.92034	71.0761	-3.91675	-3.91742	0.00956504	-0.951025	-0.837741	0.027192
193601	0.689455	0.671196	0.000482063	1.03014	1.00286	70.5289	-4.94707	-4.92028	71.1159	-3.91693	-3.91742	0.00959182	-1.17712	-0.838068	0.027209
193801	0.68332	0.671198	0.000481497	1.02098	1.00286	70.4461	-4.93796	-4.92029	71.0316	-3.91699	-3.91742	0.00960001	-1.05048	-0.838409	0.0272297
194001	0.681446	0.671212	0.000480721	1.01818	1.00289	70.3325	-4.93515	-4.92031	70.9158	-3.91697	-3.91742	0.00960215	-1.078	-0.838834	0.0272599
194201	0.652551	0.671192	0.000480155	0.975003	1.00286	70.2496	-4.89197	-4.92028	70.8335	-3.91697	-3.91742	0.00961277	-0.961841	-0.839136	0.0272495
194401	0.638019	0.671139	0.000480618	0.953291	1.00278	70.3174	-4.87035	-4.92019	70.9042	-3.91706	-3.91742	0.00961394	-0.840557	-0.839315	0.0272118
194601	0.661694	0.671157	0.000481113	0.988664	1.0028	70.3899	-4.90599	-4.92022	70.9752	-3.91732	-3.91742	0.00960074	-0.819154	-0.839715	0.0272714
194801	0.662221	0.671193	0.000481062	0.989452	1.00286	70.3823	-4.90696	-4.92028	70.9668	-3.91751	-3.91742	0.00958127	-0.719558	-0.839783	0.0272221
195001	0.696949	0.67121	0.000481298	1.04134	1.00288	70.4169	-4.9589	-4.9203	71.0006	-3.91756	-3.91742	0.00956236	-0.888248	-0.839762	0.027198
195201	0.669067	0.671232	0.000480668	0.99968	1.00292	70.3248	-4.91726	-4.92033	70.908	-3.91758	-3.91742	0.0095468	-0.75734	-0.839622	0.0271557
195401	0.672179	0.6712	0.000480416	1.00433	1.00287	70.2878	-4.92164	-4.92029	70.8698	-3.91731	-3.91742	0.00952761	-0.88326	-0.83947	0.0271164
195601	0.648099	0.671206	0.000479968	0.968351	1.00288	70.2223	-4.88561	-4.9203	70.8028	-3.91725	-3.91742	0.00951111	-0.749161	-0.839607	0.0270877
195801	0.679257	0.671233	0.000480294	1.0149	1.00292	70.2701	-4.93234	-4.92034	70.8488	-3.91743	-3.91742	0.00949277	-0.754487	-0.839731	0.0270812
196001	0.672834	0.671258	0.000480307	1.00531	1.00295	70.272	-4.92284	-4.92037	70.8497	-3.91753	-3.91742	0.00947347	-0.687145	-0.839483	0.0270696
196201	0.660192	0.671249	0.000480256	0.98642	1.00294	70.2644	-4.90395	-4.92036	70.8409	-3.91753	-3.91742	0.00945535	-0.606207	-0.839113	0.0271136
196401	0.683583	0.671279	0.000480114	1.02137	1.00298	70.2437	-4.93884	-4.9204	70.8196	-3.91747	-3.91742	0.00943715	-0.694267	-0.83887	0.0270918
196601	0.656018	0.6713	0.000479511	0.980183	1.00302	70.1554	-4.8976	-4.92044	70.73	-3.91742	-3.91742	0.00941772	-0.771432	-0.838838	0.0270565
196801	0.685413	0.671261	0.000479959	1.0241	1.00296	70.221	-4.94176	-4.92038	70.794	-3.91765	-3.91742	0.00940062	-0.887133	-0.838511	0.027079
197001	0.668465	0.671246	0.000479264	0.99878	1.00294	70.1194	-4.91614	-4.92036	70.6909	-3.91736	-3.91742	0.00938496	-0.878552	-0.838413	0.027033
197201	0.652378	0.671204	0.000479219	0.974744	1.00287	70.1128	-4.892	-4.92029	70.6843	-3.91725	-3.91742	0.00936828	-0.804276	-0.838306	0.0269852
197401	0.669564	0.67121	0.000478389	1.00042	1.00288	69.9914	-4.91751	-4.9203	70.5613	-3.91709	-3.91742	0.00936029	-0.955698	-0.83856	0.0269689
197601	0.636322	0.671183	0.0004786	0.950754	1.00284	70.0222	-4.86803	-4.92026	70.5925	-3.91727	-3.91742	0.00934956	-0.745079	-0.838696	0.0269456
197801	0.676823	0.671134	0.000479338	1.01127	1.00277	70.1302	-4.92866	-4.92019	70.7001	-3.91739	-3.91742	0.0093312	-0.969456	-0.838655	0.0269052
198001	0.700702	0.671134	0.000478554	1.04695	1.00277	70.0154	-4.96419	-4.92019	70.5841	-3.91724	-3.91742	0.00931321	-1.23579	-0.838958	0.0269069
198201	0.676203	0.671131	0.000478727	1.01034	1.00276	70.0408	-4.92745	-4.92018	70.6088	-3.91711	-3.91742	0.00930345	-1.06904	-0.839403	0.0270009
198401	0.682838	0.67115	0.000478714	1.02026	1.00279	70.0388	-4.93723	-4.92021	70.6045	-3.91698	-3.91742	0.00930437	-1.03676	-0.839971	0.0271209
198601	0.698575	0.671151	0.000479328	1.04377	1.00279	70.1287	-4.96058	-4.92021	70.6928	-3.91681	-3.91742	0.0093233	-1.06236	-0.840137	0.0271213
198801	0.655578	0.671139	0.000478809	0.979526	1.00278	70.0528	-4.8966	-4.92019	70.6168	-3.91708	-3.91741	0.00934375	-0.852159	-0.840171	0.0270791
199001	0.693211	0.671164	0.000478338	1.03575	1.00281	69.9839	-4.95309	-4.92023	70.5459	-3.91734	-3.91741	0.00932916	-1.0362	-0.840533	0.0270968
199201	0.614577	0.671163	0.000478448	0.918264	1.00281	69.9999	-4.83553	-4.92023	70.561	-3.91726	-3.91741	0.00931236	-0.691156	-0.840755	0.0270883
199401	0.657993	0.671132	0.000478414	0.983134	1.00277	69.995	-4.90066	-4.92018	70.555	-3.91753	-3.91741	0.00929464	-0.863068	-0.84081	0.0270486
199601	0.728476	0.671135	0.000478919	1.08845	1.00277	70.0688	-5.00608	-4.92018	70.6282	-3.91764	-3.91741	0.00927761	-1.15229	-0.84097	0.0270374
199801	0.699506	0.671148	0.000479307	1.04516	1.00279	70.1257	-4.96342	-4.92021	70.6851	-3.91826	-3.91742	0.00929772	-0.867424	-0.840832	0.0270473
